timestamp,q1,q2,q3,q4,q5,q6,qd1,qd2,qd3,qd4,qd5,qd6,tau1,tau2,tau3,tau4,tau5,tau6
1749033592.0583026,1.10422945022583,-2.359861990014547,1.730610195790426,2.912912054652832,-2.426288668309347,5.492433547973633,3.292610522843226e-20,-2.7557078283280134e-05,0.00032069129520095885,-0.0007295241812244058,0.0010240816045552492,-0.0031537737231701612,0.17495885491371155,0.07032686471939087,-0.5196157097816467,0.17831780016422272,0.1771012544631958,0.01570405811071396
1749033592.058349,1.1041977405548096,-2.359889646569723,1.7306140104876917,2.9129158693500976,-2.4262495676623743,5.492394924163818,3.212470817484581e-22,-2.6738303859019652e-05,0.000307163834804669,-0.0008289043908007443,0.0009472930105403066,-0.003090221667662263,0.1713525950908661,0.08903656154870987,-0.5161088109016418,0.1534934788942337,0.18608495593070984,0.0024766698479652405
1749033592.058393,1.1041675806045532,-2.3598433933653773,1.7306059042560022,2.9129158693500976,-2.426242176686422,5.49242639541626,3.134281441025362e-24,-2.5966885004891083e-05,0.0002946118183899671,-0.0009726856369525194,0.0008018431253731251,-0.002837972715497017,0.18383285403251648,0.09862702339887619,-0.5269829630851746,0.1674652099609375,0.17571493983268738,-0.0025630444288253784
1749033592.0584333,1.1042530536651611,-2.359854837457174,1.7306178251849573,2.9129196840473632,-2.4262223879443567,5.492422580718994,3.057994955334755e-26,-2.5238670787075534e-05,0.0002830295998137444,-0.0010169136803597212,0.0007781789754517376,-0.0028120202478021383,0.1627202033996582,0.07109992951154709,-0.5064125657081604,0.15445642173290253,0.17973965406417847,0.010302428156137466
1749033592.0584788,1.1042101383209229,-2.3598691425719203,1.7306178251849573,2.9128963190266113,-2.4262731711017054,5.49241828918457,2.9835654474446666e-28,-2.455014328006655e-05,0.00027231540298089385,-0.0010049394331872463,0.0007045724778436124,-0.0027402096893638372,0.18630307912826538,0.07022085040807724,-0.5241518616676331,0.16402176022529602,0.17823082208633423,0.005331743508577347
1749033592.0585194,1.1041977405548096,-2.359878202477926,1.7306140104876917,2.9128996568867187,-2.4262924830066126,5.492394924163818,2.910947378681376e-30,-2.3898290237411857e-05,0.00026239638100378215,-0.0008733449503779411,0.0006272241589613259,-0.0027029842603951693,0.2054116427898407,0.059176504611968994,-0.5265914797782898,0.15682601928710938,0.20245498418807983,-0.022477954626083374
1749033592.0585575,1.1042065620422363,-2.3598863087096156,1.7305830160724085,2.9128996568867187,-2.426269594823019,5.4924421310424805,2.840096913468756e-32,-2.3280146706383675e-05,0.0002531685750000179,-0.000755864370148629,0.0005625619669444859,-0.002591025782749057,0.18989858031272888,0.06464619934558868,-0.518733561038971,0.16249099373817444,0.17736613750457764,0.0039133429527282715
1749033592.0585985,1.1042101383209229,-2.3598433933653773,1.7306020895587366,2.91293112813916,-2.4261913935290735,5.492386341094971,2.7709707926743004e-34,-2.2693100618198514e-05,0.0002445622521918267,-0.0007516411133110523,0.0005094481748528779,-0.0024626250378787518,0.18093368411064148,0.07684197276830673,-0.5303946137428284,0.16743597388267517,0.19372618198394775,-0.012404657900333405
1749033592.0586371,1.1041831970214844,-2.3598934612669886,1.730586353932516,2.9129034715839843,-2.426242176686422,5.492402076721191,2.7035270554085565e-36,-4.404857463669032e-05,0.0001996790524572134,-0.0006850071949884295,0.0005278866738080978,-0.00246224831789732,0.20450854301452637,0.055241264402866364,-0.5271040797233582,0.18231426179409027,0.19631671905517578,0.00036741793155670166
1749033592.0586746,1.1042065620422363,-2.359878202477926,1.7306211630450647,2.9128877359577636,-2.426235024129049,5.492405891418457,2.637724915751955e-38,-4.320524021750316e-05,0.0001577536022523418,-0.0006200955249369144,0.000497130851726979,-0.0023377551697194576,0.21789133548736572,0.03201564401388168,-0.5202786326408386,0.16021668910980225,0.18868786096572876,0.022315792739391327
1749033592.0587122,1.1042065620422363,-2.3598815403380335,1.730598274861471,2.9129196840473632,-2.4262924830066126,5.4923624992370605,2.5735266686864563e-40,-7.75086009525694e-05,0.00015019885904621333,-0.0005648004007525742,0.0004625123110599816,-0.002280369633808732,0.19242894649505615,0.044880591332912445,-0.5089973211288452,0.17389369010925293,0.1964474618434906,-0.0031457841396331787
1749033592.0587497,1.104222059249878,-2.3598743877806605,1.7305901686297815,2.9128877359577636,-2.426262442265646,5.492371082305908,2.5111268480700722e-42,-0.00022972286387812346,0.00014520557306241244,-0.0005182661698199809,0.00043108421959914267,-0.002073617186397314,0.21336892247200012,0.057715632021427155,-0.527482807636261,0.16578280925750732,0.19165709614753723,0.0015522092580795288
1749033592.058787,1.1042567491531372,-2.3598395786681117,1.7306178251849573,2.9128915506550292,-2.426242176686422,5.492390155792236,2.382207389352189e-44,-0.00037249195156618953,0.00014065690629649907,-0.0004788056539837271,0.0004035343008581549,-0.0017927732551470399,0.20935475826263428,0.04125762730836868,-0.5000632405281067,0.18217092752456665,0.18179303407669067,0.0022547096014022827
1749033592.0588236,1.1041831970214844,-2.3598672352232875,1.7306178251849573,2.9128877359577636,-2.426206890736715,5.492402076721191,0.0,-0.00042178697185590863,0.0001363893534289673,-0.0004449234693311155,0.00037922768387943506,-0.0015977178700268269,0.1980290412902832,0.0565333366394043,-0.5196583867073059,0.15914751589298248,0.183590829372406,0.00014659017324447632
1749033592.0588627,1.1042449474334717,-2.3598863087096156,1.7306020895587366,2.9129196840473632,-2.4262614885913294,5.492386341094971,0.0,-0.0016300186980515718,0.00013237960229162127,-0.0004155153292231262,0.0003576308081392199,-0.0014646912459284067,0.2222435474395752,0.058875955641269684,-0.5136868953704834,0.16973906755447388,0.17387062311172485,0.002763308584690094
1749033592.0588996,1.1042449474334717,-2.3598863087096156,1.7306020895587366,2.9129196840473632,-2.4262614885913294,5.492386341094971,0.0,-0.0016300186980515718,0.00013237960229162127,-0.0004155153292231262,0.0003576308081392199,-0.0014646912459284067,0.2222435474395752,0.058875955641269684,-0.5136868953704834,0.16973906755447388,0.17387062311172485,0.002763308584690094
1749033592.0589406,1.1042375564575195,-2.359890123406881,1.7306140104876917,2.91290728628125,-2.4262614885913294,5.49241828918457,0.0,-0.0014892276376485825,0.00014764817024115473,-0.0003897764254361391,0.000338430458214134,-0.0012439107522368431,0.23217475414276123,0.058152928948402405,-0.5093380212783813,0.18461745977401733,0.17092633247375488,0.01692962646484375
1749033592.0589778,1.104233980178833,-2.3598743877806605,1.7306225935565394,2.9128996568867187,-2.4262660185443323,5.492402076721191,0.0,-0.0011564070591703057,0.00014594361709896475,-0.0003468024078756571,0.0003055461565963924,-0.001066597644239664,0.2329263985157013,0.03375145047903061,-0.5239909291267395,0.17102906107902527,0.18473583459854126,-0.0007533654570579529
1749033592.0590153,1.104213833808899,-2.359890123406881,1.730598274861471,2.9129034715839843,-2.426229778920309,5.492378234863281,0.0,-0.0010158667573705316,0.00016269524348899722,-0.0003286943829152733,0.0002914235810749233,-0.000994376023299992,0.23686835169792175,0.037940241396427155,-0.5195903778076172,0.18056172132492065,0.16803336143493652,-0.007242970168590546
1749033592.059052,1.1042101383209229,-2.3598863087096156,1.7306140104876917,2.9129230219074707,-2.4262142817126673,5.492405891418457,0.0,-0.0008604216855019331,0.00016135857731569558,-0.00031238197698257864,0.0002785338438116014,-0.0009103124029934406,0.23086470365524292,0.037643611431121826,-0.5221388936042786,0.18779179453849792,0.17443105578422546,-0.00845387578010559
1749033592.0590894,1.1042256355285645,-2.3599211178221644,1.730598274861471,2.9128996568867187,-2.4262259642230433,5.492374420166016,0.0,-0.0008933760109357536,0.00015751196769997478,-0.0002976070099975914,0.0002667116350494325,-0.000814395141787827,0.21867898106575012,0.021318189799785614,-0.5211393237113953,0.1800767481327057,0.1665787696838379,-0.008729152381420135
1749033592.0591273,1.1042567491531372,-2.359854837457174,1.730598274861471,2.9129158693500976,-2.4262576738940638,5.492371082305908,0.0,-0.0009183032670989633,0.00015368165622930974,-0.0002841770474333316,0.0002558895794209093,-0.0007324295002035797,0.25459733605384827,0.022044681012630463,-0.5200827717781067,0.1688242256641388,0.18324625492095947,-0.0015256479382514954
1749033592.0596292,1.10422945022583,-2.3598982296385707,1.7306302229510706,2.91290728628125,-2.4262576738940638,5.492390155792236,0.0,-0.001455665216781199,0.00015002000145614147,-0.0002719051262829453,0.00024589968961663544,-0.0006685855914838612,0.23681184649467468,0.029601939022541046,-0.5250821709632874,0.18754875659942627,0.1686897575855255,-0.004995889961719513
1749033592.0616443,1.1042256355285645,-2.3599211178221644,1.7305830160724085,2.9128877359577636,-2.42621881166567,5.4924092292785645,0.0,-0.0014094173675403,0.00014653294056188315,-0.0002606443304102868,0.00023663217143621296,-0.0005369209102354944,0.24536758661270142,0.006986401975154877,-0.5175995230674744,0.1835048794746399,0.17062988877296448,0.0026566237211227417
1749033592.1023135,1.1042449474334717,-2.35988249401235,1.730598274861471,2.91290728628125,-2.426245991383688,5.492393970489502,0.0,-0.0017337158787995577,0.0001432022254448384,-0.0002502866555005312,0.00022808180074207485,-0.0004710473876912147,0.2618662118911743,0.022142328321933746,-0.519157886505127,0.18519112467765808,0.16532260179519653,0.0030884668231010437
1749033592.1023755,1.1042423248291016,-2.359870573083395,1.7306178251849573,2.9129158693500976,-2.4262924830066126,5.49241828918457,0.0,-0.0017024431144818664,0.0001586836442584172,-0.0002407190768280998,0.0002201131428591907,-0.0004247522447258234,0.25333741307258606,0.029879558831453323,-0.5299000144004822,0.17083001136779785,0.16517207026481628,0.008698012679815292
1749033592.1024196,1.1042366027832031,-2.3599258861937464,1.730610195790426,2.9128996568867187,-2.426276985798971,5.492397308349609,0.0,-0.0015106627251952887,0.00015645533858332783,-0.00023185247846413404,0.00021266480325721204,-0.0003877346753142774,0.2607111930847168,0.014651138335466385,-0.5097461342811584,0.20464296638965607,0.16571193933486938,-0.002026788890361786
1749033592.102463,1.1042256355285645,-2.35988249401235,1.730610195790426,2.912872477168701,-2.426245991383688,5.492390155792236,0.0009884831961244345,-0.0017656810814514756,0.00015320575039368123,-0.00022362156596500427,0.0002057296223938465,-0.00035681980079971254,0.26768431067466736,0.02861974760890007,-0.5249722003936768,0.19422784447669983,0.1761476695537567,-0.010431014001369476
1749033592.102502,1.1042375564575195,-2.3599101505675257,1.7306140104876917,2.9129196840473632,-2.4262495676623743,5.492390155792236,0.0010460704797878861,-0.0025150717701762915,0.00015001620340626687,-0.0002159537107218057,0.00019922398496419191,-0.0003305584250483662,0.2426755726337433,0.035074252635240555,-0.5293137431144714,0.19817399978637695,0.163995623588562,0.015632279217243195
1749033592.1025405,1.1042149066925049,-2.359917303124899,1.7306140104876917,2.9129196840473632,-2.4262259642230433,5.492359161376953,0.001022879034280777,-0.002857065759599209,0.00014695677964482456,-0.00020879115618299693,0.0001931029837578535,-0.0003577945753931999,0.25426650047302246,0.031210895627737045,-0.5235827565193176,0.19900034368038177,0.15052765607833862,0.008940309286117554
1749033592.1025789,1.1042101383209229,-2.359929224053854,1.7306302229510706,2.9129034715839843,-2.4262505213366907,5.492378234863281,0.001016530324704945,-0.0028135802131146193,0.00014401735097635537,-0.00020209314243402332,0.00018736808851826936,-0.0003436868137214333,0.25304722785949707,0.004407085478305817,-0.5294272899627686,0.2088083028793335,0.17040333151817322,0.017390653491020203
1749033592.1026208,1.1042064428329468,-2.35990633587026,1.7306302229510706,2.9128996568867187,-2.426245991383688,5.492393970489502,0.0014933100901544094,-0.003202623687684536,0.00014147121692076325,-0.000195810484001413,0.00018195663869846612,-0.00032457237830385566,0.2890312969684601,-0.025929929688572884,-0.5328063368797302,0.17768514156341553,0.15417003631591797,0.01469390094280243
1749033592.1026587,1.104245901107788,-2.3599726162352503,1.7306140104876917,2.9128996568867187,-2.4262142817126673,5.492397308349609,0.003329498926177621,-0.005015199072659016,0.0001827459200285375,-0.0001899039780255407,0.00017683753685560077,-0.0003064110642299056,0.3052842319011688,-0.01585601270198822,-0.5318239331245422,0.19492235779762268,0.16118592023849487,0.006933175027370453
1749033592.102697,1.104235053062439,-2.359953542748922,1.7306140104876917,2.9128963190266113,-2.426235024129049,5.4923624992370605,0.004290125332772732,-0.005913642235100269,0.00017856642080005258,-0.0001843473146436736,0.00017201623995788395,-0.00028997246408835053,0.2776448726654053,0.007087666541337967,-0.5187070369720459,0.20225128531455994,0.16141271591186523,0.017544075846672058
1749033592.1027453,1.1042686700820923,-2.359946390191549,1.730626408253805,2.9128996568867187,-2.4261987845050257,5.492393970489502,0.004050927702337503,-0.0053975582122802734,0.0001719379361020401,-0.0001791053218767047,0.00016744481399655342,-0.00027520034927874804,0.2695189416408539,0.01353127509355545,-0.5362539887428284,0.1964653730392456,0.17127692699432373,0.01254083588719368
1749033592.1027884,1.1042852401733398,-2.3599425754942835,1.7306225935565394,2.91290728628125,-2.426229778920309,5.492343425750732,0.003536876989528537,-0.004908821079879999,0.00016562626115046442,-0.0001741512242006138,0.00016310004866681993,-0.0002618475118651986,0.271091103553772,0.007551614195108414,-0.5328722596168518,0.18079334497451782,0.1697787046432495,0.015092022716999054
1749033592.1028264,1.1042768955230713,-2.359966894189352,1.7306225935565394,2.9129034715839843,-2.4262104670154017,5.492382049560547,0.0037760369013994932,-0.005425077397376299,0.0001754017866915092,-0.00016946705000009388,0.0001589902676641941,-0.00024971397942863405,0.27065181732177734,0.02807675674557686,-0.5167644619941711,0.19724756479263306,0.17307627201080322,-0.008728079497814178
1749033592.102863,1.1042542457580566,-2.359974523583883,1.7306421438800257,2.9128996568867187,-2.4262142817126673,5.49232816696167,0.004231033846735954,-0.005072652827948332,0.00018405512673780322,-0.00016502737707924098,0.00015507719945162535,-0.0002711059059947729,0.2821508049964905,0.03288118168711662,-0.5313621759414673,0.19882336258888245,0.17150068283081055,-0.021209798753261566
1749033592.1029003,1.1043288707733154,-2.3599821529784144,1.730610195790426,2.9129034715839843,-2.4262142817126673,5.492393970489502,0.004930179100483656,-0.004795272368937731,0.00020099704852327704,-0.00016081237117759883,0.00015134336717892438,-0.00028948995168320835,0.24548286199569702,0.009789366275072098,-0.5230022072792053,0.211244136095047,0.1808873414993286,-0.015414655208587646
1749033592.1029434,1.1042977571487427,-2.360025545159811,1.7306421438800257,2.9128963190266113,-2.426235024129049,5.4923505783081055,0.0045200251042842865,-0.004284441936761141,0.00020160735584795475,-0.00015681017248425633,0.0001477986079407856,-0.00038369069807231426,0.26397934556007385,0.017294343560934067,-0.521047055721283,0.1839119791984558,0.18207061290740967,-0.048396266996860504
1749033592.1029809,1.1042940616607666,-2.3600059948363246,1.730591122304098,2.912895365352295,-2.426242176686422,5.492393970489502,0.0035023943055421114,-0.004025602713227272,0.00022188673028722405,-0.00015300128143280745,0.00014441116945818067,-0.0037423926405608654,0.2756595015525818,0.033533092588186264,-0.5226278901100159,0.19815148413181305,0.18862736225128174,-0.06381260603666306
1749033592.103018,1.104340672492981,-2.360018392602438,1.730626408253805,2.9129196840473632,-2.4262660185443323,5.492354393005371,0.0035159531980752945,-0.003419338259845972,0.0002169367071473971,-0.00014937165542505682,0.00015574446297250688,-0.005691638216376305,0.2692297697067261,0.009589850902557373,-0.5312919616699219,0.19775506854057312,0.1914016604423523,-0.031909845769405365
1749033592.1030555,1.1043717861175537,-2.360014577905172,1.7306574026690882,2.9128996568867187,-2.426242176686422,5.492382049560547,0.003092197235673666,-0.003570917993783951,0.00021070126967970282,-0.0001459126069676131,0.0001568165753269568,-0.00815648678690195,0.24639709293842316,0.03598149120807648,-0.5372747778892517,0.1873839795589447,0.20160794258117676,-0.044348374009132385
1749033592.1030948,1.1043059825897217,-2.3600388966002406,1.73063832918276,2.91290728628125,-2.4262259642230433,5.492326736450195,0.003037672722712159,-0.0038598536048084497,0.0002047129237325862,-0.0001426093658665195,0.0001368457160424441,-0.009848887100815773,0.2342153787612915,0.04935155063867569,-0.5411505699157715,0.16734738647937775,0.20713824033737183,-0.06921715289354324
1749033592.1036513,1.104344367980957,-2.3600341282286585,1.730619255696432,2.9128877359577636,-2.4262214342700403,5.492358207702637,0.002628766465932131,-0.003479783423244953,0.00019905752560589463,-0.00013945122191216797,0.00011460822133813053,-0.01226762868463993,0.22349920868873596,0.03753077983856201,-0.5426821112632751,0.16823998093605042,0.2339288890361786,-0.05969921499490738
1749033592.1056378,1.1043106317520142,-2.360077520410055,1.730626408253805,2.9129196840473632,-2.4262223879443567,5.492302417755127,0.0022916055750101805,-0.003179162973538041,0.00019370204245205969,-0.00015240164066199213,0.00012499802687671036,-0.015117354691028595,0.2211034893989563,0.04268637299537659,-0.5366958975791931,0.1674554944038391,0.239090234041214,-0.08019953966140747
1749033592.1462736,1.1043524742126465,-2.3600460491576136,1.7306140104876917,2.9128758150288085,-2.4262576738940638,5.492313385009766,0.001746921450830996,-0.0029355830047279596,0.00018862354045268148,-0.00013464507355820388,0.00014494976494461298,-0.017037468031048775,0.2373538315296173,0.08020144701004028,-0.5573518872261047,0.1619807481765747,0.2407456338405609,-0.0844268649816513
1749033592.14632,1.104341745376587,-2.3600856266417445,1.7305949370013636,2.91290728628125,-2.426242176686422,5.492255687713623,0.0012542346958070993,-0.0025022360496222973,0.0001838111347751692,-0.00011765426461352035,0.0009288580040447414,-0.019930927082896233,0.2100851833820343,0.06976282596588135,-0.5572260022163391,0.14025390148162842,0.25206589698791504,-0.09031818807125092
1749033592.1463609,1.1043453216552734,-2.3600627384581507,1.730598274861471,2.912872477168701,-2.426276985798971,5.492254734039307,0.0009799831314012408,-0.0017372870352119207,0.00015977956354618073,-0.00013846716319676489,0.0012632034486159682,-0.0226785596460104,0.21848200261592865,0.04992718994617462,-0.5617015361785889,0.13546407222747803,0.2588547170162201,-0.08735349774360657
1749033592.1464,1.1043381690979004,-2.36008944133901,1.730633560811178,2.9128758150288085,-2.426229778920309,5.4921875,0.0008045422146096826,-0.0013133033644407988,0.00015321093087550253,-0.0013537120539695024,0.0022772967349737883,-0.02316131629049778,0.20664969086647034,0.09747733175754547,-0.5735999941825867,0.13197949528694153,0.2616806924343109,-0.07467718422412872
1749033592.1464376,1.1042988300323486,-2.3600508175291957,1.7305792013751429,2.912879629726074,-2.426217857991354,5.492135524749756,0.0006823851726949215,-0.0010559104848653078,0.00014940505207050592,-0.0021867810282856226,0.002770527731627226,-0.02369113266468048,0.1737799495458603,0.10847348719835281,-0.5950874090194702,0.1272469311952591,0.27704644203186035,-0.07298149168491364
1749033592.1464756,1.1043298244476318,-2.3600594005980433,1.7306140104876917,2.91288344442334,-2.426217857991354,5.4921345710754395,0.0005924049764871597,-0.0008829745929688215,0.0001459326595067978,-0.0026593604125082493,0.0030513571109622717,-0.02242565155029297,0.182783842086792,0.14106710255146027,-0.5974389314651489,0.11748579144477844,0.2761620283126831,-0.0823344960808754
1749033592.146513,1.1043716669082642,-2.3600474796690882,1.7306140104876917,2.912879629726074,-2.426171366368429,5.492095470428467,0.0004199461836833507,-0.0007587604923173785,0.000100299934274517,-0.0029568730387836695,0.004052443895488977,-0.022236337885260582,0.14108747243881226,0.15301384031772614,-0.60052889585495,0.11253602057695389,0.2865866422653198,-0.08188086748123169
1749033592.1465504,1.1043262481689453,-2.3600627384581507,1.730610195790426,2.912867708797119,-2.4261749426471155,5.492031574249268,0.0002911300980485976,-0.0006652282318100333,8.295653242385015e-05,-0.003277683863416314,0.005366537254303694,-0.022349826991558075,0.1203623116016388,0.156636044383049,-0.6208899617195129,0.10349730402231216,0.28659772872924805,-0.09622388333082199
1749033592.146588,1.1042988300323486,-2.3600975475706996,1.7306178251849573,2.9128519731708984,-2.426202360783712,5.491995811462402,-0.000301282707368955,-0.0004968559951521456,4.451953282114118e-05,-0.003662762464955449,0.005956818349659443,-0.02206004224717617,0.11952756345272064,0.14642290771007538,-0.6010758280754089,0.12115587294101715,0.31041014194488525,-0.10025030374526978
1749033592.1466253,1.1043225526809692,-2.3601047001280726,1.730598274861471,2.912874861354492,-2.42619759241213,5.491960048675537,-0.0004795790009666234,-0.00038445284008048475,1.9541370420483872e-05,-0.004220311995595694,0.006919648498296738,-0.02304108254611492,0.10783739387989044,0.17863313853740692,-0.6283676624298096,0.07932224869728088,0.2986096143722534,-0.11271647363901138
1749033592.1466625,1.1043753623962402,-2.3600856266417445,1.7306302229510706,2.9128596025654296,-2.426154677067892,5.491930961608887,-0.0023210635408759117,-0.0002691189874894917,1.2759119272232056e-06,-0.005370644852519035,0.007364542223513126,-0.023015910759568214,0.10860095173120499,0.17947952449321747,-0.6382815837860107,0.08748787641525269,0.3105583190917969,-0.11511385440826416
1749033592.146699,1.1043453216552734,-2.3600737057127894,1.730610195790426,2.9128195482441406,-2.426126543675558,5.491898536682129,-0.002175441710278392,4.18693307437934e-05,8.330793122013347e-08,-0.005793514661490917,0.008436283096671104,-0.024025095626711845,0.11451268196105957,0.16820012032985687,-0.6385034322738647,0.08905306458473206,0.3169768452644348,-0.12396033853292465
1749033592.1467357,1.1042742729187012,-2.3600508175291957,1.7306178251849573,2.9128195482441406,-2.4261184374438685,5.491835117340088,-0.0023021844681352377,0.00022682880808133632,5.439412475993777e-09,-0.005960469134151936,0.009674528613686562,-0.02487780526280403,0.10440997034311295,0.20986025035381317,-0.6583399176597595,0.08780641853809357,0.3142783045768738,-0.13847485184669495
1749033592.1467724,1.1043024063110352,-2.3600594005980433,1.7306140104876917,2.912804289455078,-2.4261184374438685,5.491759777069092,-0.002306122099980712,0.0002824929542839527,-0.001130537362769246,-0.006114102900028229,0.010314688086509705,-0.025361768901348114,0.07420670986175537,0.2375095933675766,-0.6552979350090027,0.08160167932510376,0.32162240147590637,-0.13388881087303162
1749033592.146809,1.1043214797973633,-2.360058446923727,1.730598274861471,2.9128119188496093,-2.4260953108416956,5.491703987121582,-0.0022892241831868887,0.0003308957675471902,-0.001720185624435544,-0.006050406023859978,0.010643798857927322,-0.027209503576159477,0.08472693711519241,0.23859940469264984,-0.6553589105606079,0.0592443011701107,0.3074914813041687,-0.12698835134506226
1749033592.1468456,1.1043251752853394,-2.360058446923727,1.7305949370013636,2.9128152567097167,-2.4260640780078333,5.491683006286621,-0.00278107519261539,0.0012441047001630068,-0.0016246051527559757,-0.00674573564901948,0.010729693807661533,-0.027267541736364365,0.05946791172027588,0.21833473443984985,-0.6717166304588318,0.07349780201911926,0.32019302248954773,-0.1413666009902954
1749033592.1468823,1.1042742729187012,-2.3600737057127894,1.7306020895587366,2.912740870113037,-2.426034990941183,5.491631507873535,-0.0034714124631136656,0.001198914716951549,-0.0014176976401358843,-0.00720497639849782,0.010498769581317902,-0.02853299118578434,0.09500360488891602,0.21924369037151337,-0.6842595934867859,0.07420162111520767,0.34334439039230347,-0.15177664160728455
1749033592.1469364,1.104336142539978,-2.3600341282286585,1.7306178251849573,2.9127718645283203,-2.4260576407061976,5.4915642738342285,-0.0038920387160032988,0.0011405027471482754,-0.0014281545300036669,-0.007341991178691387,0.010730995796620846,-0.02859371528029442,0.06003783643245697,0.2407817542552948,-0.6779707074165344,0.05130840837955475,0.3288424611091614,-0.1551741361618042
1749033592.146977,1.10429048538208,-2.3600193462767542,1.7306059042560022,2.912759943599365,-2.426042143498556,5.49151611328125,-0.004358099307864904,0.0010645120637491345,-0.0014330947306007147,-0.007002876605838537,0.011347747407853603,-0.030318869277834892,0.05860833078622818,0.2521519660949707,-0.7000821232795715,0.05523023381829262,0.31973356008529663,-0.17654433846473694
1749033592.147014,1.1042542457580566,-2.360011240045065,1.7305710951434534,2.91274802267041,-2.425983730946676,5.491444110870361,-0.0041609820909798145,0.0011787745170295238,-0.002032824559137225,-0.008323544636368752,0.010231313295662403,-0.030720628798007965,0.05987437814474106,0.28720855712890625,-0.7062744498252869,0.030605453997850418,0.31462356448173523,-0.1700437068939209
1749033592.147627,1.1042505502700806,-2.360058446923727,1.7305744330035608,2.912736101741455,-2.4259563128100794,5.491368770599365,-0.00441577285528183,0.0011850864393636584,-0.002761031733825803,-0.009105952456593513,0.010712435469031334,-0.031929243355989456,0.056765347719192505,0.2570905387401581,-0.693474292755127,0.04872998595237732,0.3298574388027191,-0.179951012134552
1749033592.1496584,1.1042613983154297,-2.3600813351073207,1.7305901686297815,2.912684126491211,-2.4259708563434046,5.491292953491211,-0.004953863564878702,0.001787730841897428,-0.00287745613604784,-0.00905547197908163,0.010672654025256634,-0.032748993486166,0.0379280224442482,0.2901168167591095,-0.7038623690605164,0.040002431720495224,0.34025248885154724,-0.17529548704624176
1749033592.190274,1.1042423248291016,-2.3600384197630824,1.7305939833270472,2.912672682399414,-2.4259708563434046,5.491216659545898,-0.00494712870568037,0.0016747541958466172,-0.002768973121419549,-0.009015330113470554,0.010557877831161022,-0.033415377140045166,0.030896717682480812,0.30540183186531067,-0.7133574485778809,0.02752092108130455,0.3504496216773987,-0.18067926168441772
1749033592.19032,1.104288935661316,-2.360042234460348,1.7306011358844202,2.9126450258442382,-2.4259117285357874,5.491180419921875,-0.00521112559363246,0.0022987022530287504,-0.002894781995564699,-0.0089108282700181,0.011052673682570457,-0.03421944007277489,0.014748888090252876,0.29066404700279236,-0.7134442329406738,0.01897221803665161,0.35165339708328247,-0.20245361328125
1749033592.1903605,1.1042076349258423,-2.3600222072997035,1.7305625120746058,2.912655993098877,-2.425903383885519,5.491104602813721,-0.004963007289916277,0.0029360782355070114,-0.003329450497403741,-0.009879136458039284,0.01121163833886385,-0.03499998897314072,0.024779288098216057,0.3018239438533783,-0.7190539240837097,0.024489685893058777,0.3468155264854431,-0.1840333342552185
1749033592.1904,1.1041957139968872,-2.360037466088766,1.730582062398092,2.912628336543701,-2.4258251825915735,5.491013526916504,-0.004931194242089987,0.003615971887484193,-0.003789961338043213,-0.009951038286089897,0.010718951001763344,-0.03729041665792465,0.010288454592227936,0.29482612013816833,-0.7238142490386963,0.03518610820174217,0.36095988750457764,-0.2104990929365158
1749033592.1904387,1.1042065620422363,-2.3600059948363246,1.7305353323565882,2.9126078325458984,-2.4258669058429163,5.4909491539001465,-0.005549485795199871,0.00341011886484921,-0.003918354399502277,-0.009795288555324078,0.010675300844013691,-0.03925782069563866,-0.013511542230844498,0.295542448759079,-0.7212804555892944,0.030139699578285217,0.36769628524780273,-0.19388915598392487
1749033592.1904778,1.1042256355285645,-2.3599711857237757,1.7305615584002894,2.91256491720166,-2.425870720540182,5.490880966186523,-0.005739210639148951,0.0036147215869277716,-0.004156550392508507,-0.010368077084422112,0.01078916434198618,-0.040113355964422226,-0.019707467406988144,0.32304924726486206,-0.7274757027626038,0.019152455031871796,0.3798617124557495,-0.2174568921327591
1749033592.1905208,1.10422945022583,-2.3599711857237757,1.7305615584002894,2.912517710322998,-2.425854031239645,5.490768909454346,-0.006387101486325264,0.00384078873321414,-0.004139575641602278,-0.011026354506611824,0.01164548471570015,-0.041348233819007874,-0.014569465070962906,0.3249123990535736,-0.7323204278945923,0.006165936589241028,0.381075918674469,-0.21368594467639923
1749033592.1905606,1.104224681854248,-2.3599711857237757,1.7305462996112269,2.9125253397175292,-2.4258115927325647,5.490712642669678,-0.006702632177621126,0.004828976467251778,-0.004414497409015894,-0.011098632588982582,0.012920782901346684,-0.0422200970351696,-0.02567414566874504,0.3144860863685608,-0.7339759469032288,0.005035310983657837,0.3724732995033264,-0.22096845507621765
1749033592.1905975,1.104177474975586,-2.3599821529784144,1.7305262724505823,2.912513418788574,-2.425767962132589,5.490629196166992,-0.006294115446507931,0.005110384896397591,-0.005182745400816202,-0.01198679581284523,0.012777076102793217,-0.042999517172575,-0.042674366384744644,0.30172303318977356,-0.7377513647079468,0.01478973776102066,0.3615109324455261,-0.24190515279769897
1749033592.190634,1.1041847467422485,-2.359966894189352,1.7305062452899378,2.9125124651142578,-2.4257670084582728,5.4905571937561035,-0.006434720475226641,0.00596359558403492,-0.005246493965387344,-0.012043114751577377,0.012058504857122898,-0.04465936869382858,-0.05490681529045105,0.3344295620918274,-0.7496016621589661,0.011667206883430481,0.3781954050064087,-0.24004751443862915
1749033592.190672,1.1041655540466309,-2.359939237634176,1.730518643056051,2.912496729488037,-2.4257050196277063,5.490438461303711,-0.007363756187260151,0.006903589237481356,-0.005632661748677492,-0.012391310185194016,0.01170756109058857,-0.04791161045432091,-0.033765822649002075,0.3248594403266907,-0.7364624738693237,0.01250678300857544,0.3712221384048462,-0.23169627785682678
1749033592.1907084,1.1041117906570435,-2.3599654636778773,1.7305133978473108,2.912460966701172,-2.4257193247424524,5.490326404571533,-0.007781968917697668,0.007490647491067648,-0.005389188416302204,-0.012498677708208561,0.01186925545334816,-0.05084499344229698,-0.04832683503627777,0.29749616980552673,-0.7566232681274414,0.0009755641222000122,0.3694664239883423,-0.2381293922662735
1749033592.1907456,1.1041381359100342,-2.35996212581777,1.7304943243609827,2.912432833308838,-2.4256721178637903,5.490245342254639,-0.008385653607547283,0.006390001624822617,-0.005964208859950304,-0.012009155936539173,0.011865374632179737,-0.0529172457754612,-0.05050104856491089,0.3322203755378723,-0.7557736039161682,-0.007584035396575928,0.3696315288543701,-0.25553590059280396
1749033592.1907823,1.10411536693573,-2.359922071496481,1.730478588734762,2.912416620845459,-2.4256747404681605,5.490121841430664,-0.008551845327019691,0.006284746807068586,-0.006606349255889654,-0.01217507291585207,0.011622573249042034,-0.056206487119197845,-0.088204026222229,0.34691283106803894,-0.7601463198661804,-0.015691176056861877,0.3743904232978821,-0.23396113514900208
1749033592.190819,1.1040863990783691,-2.359894414941305,1.730466667805807,2.9123851495930175,-2.425636593495504,5.489970684051514,-0.008951161988079548,0.006711186375468969,-0.006505453493446112,-0.012312152422964573,0.011842494830489159,-0.05924544110894203,-0.089607372879982,0.36773183941841125,-0.7537198662757874,-0.01700528711080551,0.39636945724487305,-0.22442065179347992
1749033592.1908555,1.1041181087493896,-2.3599139652647914,1.7304585615741175,2.912377043361328,-2.425607983266012,5.489928722381592,-0.00877146702259779,0.007527077104896307,-0.006578588392585516,-0.012698485516011715,0.012196363881230354,-0.059995315968990326,-0.06220526993274689,0.3208841383457184,-0.7634320259094238,0.003680698573589325,0.39427512884140015,-0.2120014727115631
1749033592.1908917,1.1040769815444946,-2.359870573083395,1.7304309050189417,2.912336989040039,-2.4256234804736536,5.489789009094238,-0.009209875017404556,0.006631957367062569,-0.006969379726797342,-0.012267572805285454,0.013077396899461746,-0.05976095423102379,-0.08938154578208923,0.3455318808555603,-0.7485285997390747,-0.017010793089866638,0.3812454342842102,-0.20501409471035004
1749033592.1909394,1.1040469408035278,-2.3598863087096156,1.7304499785052698,2.912301226253174,-2.4255836645709437,5.489645957946777,-0.009891933761537075,0.0061635710299015045,-0.007054143585264683,-0.011741629801690578,0.0129151726141572,-0.06097659841179848,-0.11799432337284088,0.3613756000995636,-0.7684648633003235,-0.022897645831108093,0.4161096215248108,-0.21928797662258148
1749033592.1910014,1.1040469408035278,-2.3598863087096156,1.7304499785052698,2.912301226253174,-2.4255836645709437,5.489645957946777,-0.009891933761537075,0.0061635710299015045,-0.007054143585264683,-0.011741629801690578,0.0129151726141572,-0.06097659841179848,-0.11799432337284088,0.3613756000995636,-0.7684648633003235,-0.022897645831108093,0.4161096215248108,-0.21928797662258148
1749033592.191066,1.1040267944335938,-2.3598343334593714,1.7304065863238733,2.9122654634663085,-2.4255638758288782,5.489406108856201,-0.009999513626098633,0.007292829919606447,-0.007425890304148197,-0.013192502781748772,0.01243787445127964,-0.06528183817863464,-0.07521578669548035,0.3965093493461609,-0.7812238931655884,-0.04594261944293976,0.402776837348938,-0.17305903136730194
1749033592.1918008,1.1040252447128296,-2.359814783135885,1.7303984800921839,2.9122211176105957,-2.425480906163351,5.489251136779785,-0.009776586666703224,0.007551027461886406,-0.007363242097198963,-0.015746640041470528,0.013709811493754387,-0.06528941541910172,-0.10157651454210281,0.38447171449661255,-0.7859331965446472,-0.01792241632938385,0.41456711292266846,-0.19529807567596436
1749033592.1936333,1.1039749383926392,-2.359838148156637,1.7303903738604944,2.91219346105542,-2.425476376210348,5.489126682281494,-0.009552324190735817,0.006925611756742001,-0.007490357384085655,-0.014690319076180458,0.015153923071920872,-0.0671270340681076,-0.11494273692369461,0.39646416902542114,-0.7801048159599304,-0.020090773701667786,0.4196928143501282,-0.18586678802967072
1749033592.2382953,1.1039977073669434,-2.359807153741354,1.7303746382342737,2.9121696191975097,-2.4254441897021692,5.488963603973389,-0.010049907490611076,0.006647692993283272,-0.008562183007597923,-0.014649946242570877,0.015454624779522419,-0.06751982867717743,-0.14063721895217896,0.4133692979812622,-0.7878252267837524,-0.014757618308067322,0.39801928400993347,-0.177889883518219
1749033592.238342,1.1039702892303467,-2.3597942791380824,1.7303746382342737,2.912149115199707,-2.425385300313131,5.488855838775635,-0.010295786894857883,0.006876947358250618,-0.008431117981672287,-0.015309305861592293,0.015179372392594814,-0.06722329556941986,-0.12434849888086319,0.4052017033100128,-0.7831778526306152,-0.01604427397251129,0.4038113057613373,-0.1736159473657608
1749033592.2383823,1.1039272546768188,-2.359786649743551,1.7303698698626917,2.9120747286030273,-2.425373379384176,5.48875093460083,-0.010897897183895111,0.007191662676632404,-0.0084190359339118,-0.01607813872396946,0.015776051208376884,-0.06650194525718689,-0.1522713303565979,0.41002508997917175,-0.7850772142410278,-0.026982784271240234,0.4207555055618286,-0.18336552381515503
1749033592.2384212,1.103902816772461,-2.3597942791380824,1.730307404194967,2.912066622371338,-2.42532188097109,5.488595962524414,-0.010712464340031147,0.007256176322698593,-0.008396421559154987,-0.016044707968831062,0.016210103407502174,-0.06642351299524307,-0.1490987241268158,0.41814371943473816,-0.7751850485801697,-0.02129220962524414,0.4184967279434204,-0.19584998488426208
1749033592.2384593,1.1039055585861206,-2.359774251977438,1.7302759329425257,2.9120499330708007,-2.42531663576235,5.488467216491699,-0.010230151936411858,0.0071047148667275906,-0.009158656932413578,-0.016116982325911522,0.01601323112845421,-0.06675514578819275,-0.11126917600631714,0.4173322021961212,-0.7814594507217407,-0.0330592542886734,0.42340683937072754,-0.1810896396636963
1749033592.2384968,1.1039018630981445,-2.3597542248167933,1.7302869001971644,2.912017508144043,-2.4253085295306605,5.48834753036499,-0.010406014509499073,0.007480630651116371,-0.008643587119877338,-0.016602206975221634,0.01620020531117916,-0.06734512001276016,-0.12085160613059998,0.42401984333992004,-0.7891255617141724,-0.031388819217681885,0.4297832250595093,-0.18286937475204468
1749033592.2385345,1.1039210557937622,-2.3597504101195277,1.7302630583392542,2.911970778102539,-2.4252541700946253,5.488165378570557,-0.011075666174292564,0.007891073822975159,-0.008965788409113884,-0.016221512109041214,0.016950061544775963,-0.06757387518882751,-0.16982248425483704,0.4314296543598175,-0.7892953157424927,-0.012130394577980042,0.4292452931404114,-0.20609524846076965
1749033592.2385724,1.103806495666504,-2.35972323040151,1.7302706877337855,2.9119507509418945,-2.425222460423605,5.488056182861328,-0.011154544539749622,0.007650229148566723,-0.009440066292881966,-0.016336416825652122,0.01771584153175354,-0.06819823384284973,-0.16240711510181427,0.42608872056007385,-0.7747431993484497,-0.02662794291973114,0.43557238578796387,-0.2099204659461975
1749033592.23861,1.1038366556167603,-2.3597494564452113,1.7302425543414515,2.9119149881550292,-2.4251976648913782,5.4879279136657715,-0.01086557935923338,0.008299981243908405,-0.0092862443998456,-0.0169370174407959,0.017869213595986366,-0.06793621182441711,-0.19366176426410675,0.47514811158180237,-0.7908921837806702,-0.029552973806858063,0.4302242398262024,-0.19554513692855835
1749033592.2386472,1.1037909984588623,-2.35971798519277,1.730234448109762,2.911870165462158,-2.425126616154806,5.487764835357666,-0.012066062539815903,0.008721785619854927,-0.008999117650091648,-0.017241939902305603,0.01883302628993988,-0.06816890090703964,-0.1568359136581421,0.46094900369644165,-0.8068541884422302,-0.02106110006570816,0.4113101363182068,-0.2114989459514618
1749033592.2386842,1.1037434339523315,-2.3596869907774867,1.7302187124835413,2.9118429857441406,-2.4251256624804896,5.487639904022217,-0.011666098609566689,0.008249904960393906,-0.008682962507009506,-0.0168182123452425,0.019246412441134453,-0.06916353106498718,-0.16772034764289856,0.46467405557632446,-0.7959206104278564,-0.032609134912490845,0.45399290323257446,-0.22539609670639038
1749033592.2387207,1.1037309169769287,-2.3596979580321253,1.730187718068258,2.9118262964436035,-2.425086323414938,5.48750114440918,-0.011873160488903522,0.008474238216876984,-0.008469226770102978,-0.017323549836874008,0.01925509236752987,-0.07050880789756775,-0.15850600600242615,0.45581692457199097,-0.8060023784637451,-0.031881898641586304,0.43508681654930115,-0.23743367195129395
1749033592.2387571,1.1037380695343018,-2.35961975673818,1.730135742818014,2.9117395120808105,-2.4250343481646937,5.487373352050781,-0.011365496553480625,0.009102820418775082,-0.008816761896014214,-0.018010733649134636,0.019844170659780502,-0.07002377510070801,-0.15405729413032532,0.46000936627388,-0.8170520067214966,-0.04482683539390564,0.4220263361930847,-0.24640141427516937
1749033592.2387931,1.1037061214447021,-2.359645982781881,1.730159107838766,2.911750479335449,-2.4249873797046106,5.4872331619262695,-0.011357707902789116,0.009020534344017506,-0.010438189841806889,-0.017676973715424538,0.019965186715126038,-0.0715620145201683,-0.15694308280944824,0.4713704288005829,-0.796244740486145,-0.0219249427318573,0.4308999180793762,-0.26432856917381287
1749033592.2388294,1.1036630868911743,-2.359610696832174,1.730130974446432,2.911714716548584,-2.424986187611715,5.487089157104492,-0.011931839399039745,0.009491641074419022,-0.010338209569454193,-0.01796279102563858,0.019791150465607643,-0.07582692056894302,-0.2024918794631958,0.5055637359619141,-0.8025542497634888,-0.041223153471946716,0.44614893198013306,-0.2667990028858185
1749033592.238866,1.1036977767944336,-2.359594007531637,1.7301190535174769,2.9116789537617187,-2.4249308745013636,5.4869256019592285,-0.011650437489151955,0.009696194902062416,-0.01013681199401617,-0.01873984932899475,0.020757170394062996,-0.07712433487176895,-0.19478458166122437,0.4981197416782379,-0.801876425743103,-0.0422026664018631,0.4369252920150757,-0.2603396475315094
1749033592.2389026,1.103630542755127,-2.359574934045309,1.7300990263568323,2.9116274553486328,-2.424905840550558,5.4867424964904785,-0.012396183796226978,0.00996219739317894,-0.010357768274843693,-0.018233880400657654,0.020911749452352524,-0.07603880763053894,-0.17126864194869995,0.513392448425293,-0.8039224147796631,-0.033565498888492584,0.4243588447570801,-0.28345292806625366
1749033592.2389393,1.1035910844802856,-2.359594007531637,1.7300952116595667,2.9115916925617675,-2.4248314539538782,5.486562728881836,-0.01247404981404543,0.009947272017598152,-0.010051174089312553,-0.018956651911139488,0.02039829082787037,-0.07892882823944092,-0.17161107063293457,0.5176818370819092,-0.8197277784347534,-0.04752131924033165,0.4578728675842285,-0.27636706829071045
1749033592.2389755,1.1035947799682617,-2.3595549068846644,1.7300627867328089,2.9115397173115234,-2.424814764653341,5.486433982849121,-0.012810240499675274,0.010694822296500206,-0.010447986423969269,-0.01951897144317627,0.020726175978779793,-0.08159008622169495,-0.18484564125537872,0.5100044012069702,-0.8205291032791138,-0.0497467927634716,0.4415687024593353,-0.26153847575187683
1749033592.2390115,1.1035583019256592,-2.3595339260497035,1.7300317923175257,2.911511107082031,-2.424743715916769,5.486212253570557,-0.012417147867381573,0.011096015572547913,-0.011089853942394257,-0.019882623106241226,0.020226001739501953,-0.08775031566619873,-0.17568513751029968,0.5083202719688416,-0.8069203495979309,-0.04055837541818619,0.4557749032974243,-0.27272093296051025
1749033592.2390475,1.103574514389038,-2.359506746331686,1.730035130177633,2.9114910799213867,-2.4247689882861536,5.486074447631836,-0.012409676797688007,0.011080632917582989,-0.011304196901619434,-0.02097773551940918,0.020499298349022865,-0.09015517681837082,-0.1848195493221283,0.5155419111251831,-0.8059248924255371,-0.04856213554739952,0.45835790038108826,-0.25414562225341797
1749033592.2390833,1.1035155057907104,-2.3594705067076625,1.7299960295306605,2.9114271837421875,-2.4246986548053187,5.485883712768555,-0.013235587626695633,0.011965671554207802,-0.011404572986066341,-0.021908842027187347,0.021819960325956345,-0.08900417387485504,-0.19280418753623962,0.505279541015625,-0.8093832731246948,-0.041568756103515625,0.4697352647781372,-0.25675275921821594
1749033592.2396636,1.1034916639328003,-2.3594938717284144,1.7299874464618128,2.911384268397949,-2.424593512211935,5.4857354164123535,-0.013126954436302185,0.01188836619257927,-0.01163115631788969,-0.021782787516713142,0.021990973502397537,-0.09250320494174957,-0.18755082786083221,0.5194928646087646,-0.8217381238937378,-0.04167899489402771,0.4755252003669739,-0.2826816737651825
1749033592.2416592,1.103466272354126,-2.359457632104391,1.7299826780902308,2.9113432604023437,-2.424591843281881,5.485512733459473,-0.013971937820315361,0.012174276635050774,-0.011299548670649529,-0.022092469036579132,0.023355375975370407,-0.09605308622121811,-0.2176024615764618,0.5260369777679443,-0.8314235210418701,-0.056585561484098434,0.46426233649253845,-0.26080891489982605
1749033592.2822745,1.1034352779388428,-2.359398504296774,1.7299202124225062,2.911323233241699,-2.424551550542013,5.485328197479248,-0.013979699462652206,0.012632464058697224,-0.011942707933485508,-0.02236846461892128,0.023454204201698303,-0.09874330461025238,-0.19865000247955322,0.5299406051635742,-0.8187810778617859,-0.042245686054229736,0.47435125708580017,-0.24127718806266785
1749033592.2823193,1.1034269332885742,-2.359433790246481,1.7299192587481897,2.911268396968506,-2.4244959990130823,5.485081672668457,-0.014225753024220467,0.0124116912484169,-0.011857854202389717,-0.02278018742799759,0.0226957518607378,-0.09968101978302002,-0.18866178393363953,0.5424222946166992,-0.8268013596534729,-0.056421633809804916,0.4796317517757416,-0.24919436872005463
1749033592.2823591,1.1034413576126099,-2.359370847741598,1.7299154440509241,2.9112045007893066,-2.4244802633868616,5.484888553619385,-0.014251772314310074,0.012478211894631386,-0.012416931800544262,-0.02354031801223755,0.02439972385764122,-0.0993698313832283,-0.21537545323371887,0.5552983283996582,-0.8304185271263123,-0.03629455715417862,0.4674621522426605,-0.2528749406337738
1749033592.2823977,1.1033512353897095,-2.3593388996519984,1.7298639456378382,2.9111568170734863,-2.424408022557394,5.484665870666504,-0.015280365943908691,0.012302672490477562,-0.012760655954480171,-0.024054091423749924,0.024240531027317047,-0.10002168267965317,-0.1883254200220108,0.5361104011535645,-0.8248398303985596,-0.058672912418842316,0.4894854724407196,-0.22565293312072754
1749033592.282436,1.103358507156372,-2.3593770466246546,1.7298749128924769,2.911109133357666,-2.424337689076559,5.4844651222229,-0.01505238190293312,0.01252210233360529,-0.01146146934479475,-0.02521166205406189,0.02563338726758957,-0.0997467041015625,-0.2075154185295105,0.5414897203445435,-0.8379986882209778,-0.03992483764886856,0.4797508418560028,-0.24436748027801514
1749033592.2824733,1.1033072471618652,-2.3593179188170375,1.7298124472247522,2.911064787501953,-2.4242737928973597,5.484289169311523,-0.015635093674063683,0.012681106105446815,-0.011076509021222591,-0.024575160816311836,0.02431061677634716,-0.09955225139856339,-0.1948222815990448,0.5396509170532227,-0.8392532467842102,-0.0526655949652195,0.4751092791557312,-0.25385892391204834
1749033592.2825105,1.1033072471618652,-2.359293600121969,1.7298272291766565,2.9110323625751953,-2.4242573420154017,5.484101295471191,-0.015597518533468246,0.012526299804449081,-0.011374221183359623,-0.025004325434565544,0.023963091894984245,-0.09848009049892426,-0.23149991035461426,0.5433650016784668,-0.8450633883476257,-0.04478175938129425,0.5061067342758179,-0.2661738097667694
1749033592.2825477,1.1032865047454834,-2.3592473469176234,1.729795281087057,2.910949392909668,-2.4242525736438196,5.483909606933594,-0.015907282009720802,0.012689745984971523,-0.01214967668056488,-0.026053667068481445,0.024003030732274055,-0.1002281904220581,-0.17950929701328278,0.5322591662406921,-0.8330122232437134,-0.041017480194568634,0.4963211417198181,-0.24587500095367432
1749033592.2825851,1.1032507419586182,-2.3592616520323695,1.7297332922564905,2.9109088617512207,-2.4242051283465784,5.483717441558838,-0.015885986387729645,0.012129210866987705,-0.012477586045861244,-0.026605280116200447,0.024321159347891808,-0.10299626737833023,-0.21702909469604492,0.55454421043396,-0.8351155519485474,-0.032912205904722214,0.5219708681106567,-0.25068873167037964
1749033592.282622,1.103226900100708,-2.3592258892455042,1.7297323385821741,2.9108802515217285,-2.4241483847247522,5.483482837677002,-0.015905246138572693,0.012120426632463932,-0.011578262783586979,-0.025811677798628807,0.026257231831550598,-0.10110010951757431,-0.2047404646873474,0.548550009727478,-0.8440383076667786,-0.04062308371067047,0.5103983879089355,-0.28162139654159546
1749033592.2826593,1.103187084197998,-2.359213491479391,1.7297042051898401,2.9108010965534667,-2.4240971247302454,5.483277797698975,-0.016445398330688477,0.012018824927508831,-0.011384796351194382,-0.025066854432225227,0.02719591185450554,-0.10281092673540115,-0.2121032178401947,0.5551304221153259,-0.8535864949226379,-0.036223940551280975,0.5170811414718628,-0.2939879298210144
1749033592.2826967,1.1031237840652466,-2.359185834924215,1.7297113577472132,2.9107729631611328,-2.424014155064718,5.483070373535156,-0.016133999451994896,0.01239436212927103,-0.01129662711173296,-0.024940205737948418,0.02886371873319149,-0.10642740875482559,-0.2067129909992218,0.572766125202179,-0.8403089046478271,-0.0546402707695961,0.5245153903961182,-0.2730294466018677
1749033592.2827332,1.103083848953247,-2.3591462574400843,1.729675594960348,2.910740538234375,-2.4239822069751185,5.482885360717773,-0.016786376014351845,0.012218563817441463,-0.011586243286728859,-0.024655792862176895,0.0285179540514946,-0.11190885305404663,-0.1998368352651596,0.5607259273529053,-0.8548460006713867,-0.03520529717206955,0.5078423619270325,-0.25364217162132263
1749033592.2827702,1.1030362844467163,-2.3591376743712367,1.7296484152423304,2.910641832942627,-2.423922602330343,5.482635021209717,-0.016690384596586227,0.011905082501471043,-0.011672070249915123,-0.02515832893550396,0.029328376054763794,-0.11279650032520294,-0.2231675237417221,0.5683355927467346,-0.8648419380187988,-0.0708208680152893,0.5258373022079468,-0.2510410249233246
1749033592.2828069,1.1030118465423584,-2.3591138325133265,1.7296517531024378,2.9106098848530273,-2.4238432089435022,5.482422828674316,-0.016984840855002403,0.012079662643373013,-0.011230702511966228,-0.025662271305918694,0.028549954295158386,-0.11688221991062164,-0.20895737409591675,0.5816419124603271,-0.8668438196182251,-0.043722666800022125,0.5328342318534851,-0.25445324182510376
1749033592.2828434,1.1029999256134033,-2.359089513818258,1.7296155134784144,2.910557909602783,-2.423755709324972,5.482163906097412,-0.01620250754058361,0.012509847991168499,-0.011865674518048763,-0.026348792016506195,0.030288295820355415,-0.12012782692909241,-0.22119523584842682,0.580906867980957,-0.8714154958724976,-0.06829261034727097,0.5204869508743286,-0.23062221705913544
1749033592.2828805,1.102955937385559,-2.3590384922423304,1.7295883337603968,2.9105140405842285,-2.4237118403064173,5.48194694519043,-0.016478195786476135,0.013102800585329533,-0.011990535072982311,-0.02663092315196991,0.029672961682081223,-0.12197477370500565,-0.23298682272434235,0.5654672384262085,-0.872006356716156,-0.04247960448265076,0.528089165687561,-0.22034110128879547
1749033592.2829165,1.1029279232025146,-2.3590146503844203,1.7295954863177698,2.910453959102295,-2.423671070729391,5.481691837310791,-0.017041239887475967,0.012926597148180008,-0.012792428955435753,-0.026366492733359337,0.030072156339883804,-0.12294314056634903,-0.24743863940238953,0.5517523884773254,-0.855672299861908,-0.06779803335666656,0.5185874700546265,-0.22327211499214172
1749033592.282953,1.10292649269104,-2.3589984379210414,1.7295439879046839,2.9103943544575195,-2.423608128224508,5.4814252853393555,-0.016757437959313393,0.013765393756330013,-0.012506846338510513,-0.026951098814606667,0.030102556571364403,-0.1214103102684021,-0.2039625644683838,0.5740296244621277,-0.8785994648933411,-0.04922592639923096,0.5254474878311157,-0.1974031925201416
1749033592.2829895,1.1029109954833984,-2.3589660129942835,1.7295234839068812,2.910311384791992,-2.4235790411578577,5.481173515319824,-0.017344526946544647,0.013377009890973568,-0.012999436818063259,-0.02699132077395916,0.030889803543686867,-0.12112132459878922,-0.23198461532592773,0.5542362928390503,-0.8619762063026428,-0.06969614326953888,0.5183233022689819,-0.2036510705947876
1749033592.2836807,1.1028980016708374,-2.3589421711363734,1.7295234839068812,2.910301848048828,-2.4235222975360315,5.480952739715576,-0.01748233288526535,0.01408699993044138,-0.012717529200017452,-0.028264937922358513,0.031227439641952515,-0.11904044449329376,-0.2514795660972595,0.5669299960136414,-0.8781704306602478,-0.05665236711502075,0.5262734293937683,-0.2233620285987854
1749033592.2856283,1.1028270721435547,-2.358953138391012,1.7294805685626429,2.9102541643330078,-2.4234474341021937,5.480713367462158,-0.018064487725496292,0.013564406894147396,-0.012604857794940472,-0.027982844039797783,0.031086770817637444,-0.11848384886980057,-0.24419619143009186,0.5601328015327454,-0.8889234066009521,-0.05629793554544449,0.5224035382270813,-0.2332003116607666
1749033592.326264,1.1027674674987793,-2.3589092693724574,1.729471508656637,2.9101907449909667,-2.4233997503863733,5.480489253997803,-0.01853104867041111,0.014206326566636562,-0.01363788265734911,-0.028538348153233528,0.030681224539875984,-0.11768108606338501,-0.2159522920846939,0.5506998300552368,-0.8715704083442688,-0.05498587340116501,0.5428145527839661,-0.2532169222831726
1749033592.3263104,1.1027555465698242,-2.3588582477965296,1.7294285933123987,2.9101154047199707,-2.4233039061175745,5.480265140533447,-0.017822807654738426,0.01428521890193224,-0.01364148035645485,-0.027789656072854996,0.031182223930954933,-0.12009488791227341,-0.2386535108089447,0.5521244406700134,-0.8663904070854187,-0.08953562378883362,0.5311111807823181,-0.26183998584747314
1749033592.3263514,1.1027348041534424,-2.3588344059386195,1.7293966452227991,2.910055323238037,-2.423249069844381,5.479962348937988,-0.01860649697482586,0.01415056549012661,-0.014036937616765499,-0.028998076915740967,0.0324709489941597,-0.11874909698963165,-0.2375819981098175,0.575735330581665,-0.8833219408988953,-0.07183359563350677,0.5349631309509277,-0.27999347448349
1749033592.3263915,1.1026607751846313,-2.358798166314596,1.72935659090151,2.9100386339375,-2.4231489340411585,5.47973108291626,-0.018986867740750313,0.014352177269756794,-0.013311341404914856,-0.02894836850464344,0.03232002630829811,-0.11948628723621368,-0.24662667512893677,0.5745989084243774,-0.8903425931930542,-0.09469127655029297,0.5137770175933838,-0.30646994709968567
1749033592.3264308,1.1026716232299805,-2.358777185479635,1.729351822529928,2.9099318224140625,-2.4231162706958216,5.479517936706543,-0.018471181392669678,0.01461454201489687,-0.014082537963986397,-0.029840851202607155,0.03366459533572197,-0.12228202819824219,-0.24788114428520203,0.5785088539123535,-0.8779656887054443,-0.08085592836141586,0.5276781320571899,-0.3103949725627899
1749033592.326469,1.1025887727737427,-2.358760973016256,1.7293317953692835,2.9099036890217285,-2.423014227543966,5.479227542877197,-0.019393427297472954,0.014946222305297852,-0.014158165082335472,-0.031665995717048645,0.033577147871255875,-0.1294536590576172,-0.2214488685131073,0.5733951926231384,-0.8974395990371704,-0.08117403835058212,0.527911901473999,-0.2743534445762634
1749033592.3265092,1.1025720834732056,-2.3587452373900355,1.7293041388141077,2.90983168661084,-2.422981087361471,5.479010581970215,-0.01978309080004692,0.015166213735938072,-0.01457300502806902,-0.03157897666096687,0.03397107124328613,-0.12958121299743652,-0.25867563486099243,0.574601948261261,-0.8764479160308838,-0.08598671108484268,0.5278798341751099,-0.2930903732776642
1749033592.3265476,1.1025395393371582,-2.35868563274526,1.729276482258932,2.9097720819660644,-2.4228981176959437,5.478734970092773,-0.018989892676472664,0.014617015607655048,-0.014257341623306274,-0.03155548870563507,0.03456007316708565,-0.13586638867855072,-0.2719215154647827,0.5638977289199829,-0.8801925778388977,-0.06695514917373657,0.5386717319488525,-0.27081912755966187
1749033592.3265848,1.102491855621338,-2.3586727581419886,1.7292287985431116,2.90969626485791,-2.422830406819479,5.478440284729004,-0.019738927483558655,0.01568363420665264,-0.014729845337569714,-0.032125458121299744,0.033735670149326324,-0.13965612649917603,-0.2588108777999878,0.57928067445755,-0.9008675813674927,-0.07408690452575684,0.5233562588691711,-0.240927055478096
1749033592.3266222,1.1024364233016968,-2.358645101586813,1.729220215474264,2.9096314150043945,-2.422765556965963,5.4781365394592285,-0.020323701202869415,0.015321956016123295,-0.014618227258324623,-0.032463375478982925,0.03529859334230423,-0.14217081665992737,-0.24946574866771698,0.5775977969169617,-0.8900548219680786,-0.08197522908449173,0.5301713347434998,-0.24459747970104218
1749033592.3266594,1.1024006605148315,-2.3586021862425746,1.7291958967791956,2.909552736873291,-2.4226816336261194,5.477880477905273,-0.020560387521982193,0.015969790518283844,-0.015660712495446205,-0.0323098786175251,0.03570523485541344,-0.1432841718196869,-0.2775052785873413,0.5803946852684021,-0.8948358297348022,-0.06794671714305878,0.5139749646186829,-0.2281205654144287
1749033592.3266964,1.1024150848388672,-2.3585697613158167,1.7291830221759241,2.9094926553913574,-2.422631327305929,5.477588653564453,-0.020763175562024117,0.016039595007896423,-0.015620806254446507,-0.03248891606926918,0.035694871097803116,-0.14335449039936066,-0.26347267627716064,0.5498040914535522,-0.8984190225601196,-0.08343911170959473,0.4944995939731598,-0.23492911458015442
1749033592.3267334,1.1023359298706055,-2.3585287533202113,1.7291210333453577,2.909421129817627,-2.422581497822897,5.477297306060791,-0.021499501541256905,0.016139261424541473,-0.016196368262171745,-0.03243694454431534,0.03564956784248352,-0.1419822722673416,-0.2551460862159729,0.5740697979927063,-0.8793395757675171,-0.07325349003076553,0.5069522261619568,-0.23081158101558685
1749033592.326779,1.1023120880126953,-2.3585287533202113,1.7291043440448206,2.909352942104004,-2.4225104490863245,5.477032661437988,-0.021774856373667717,0.015257565304636955,-0.0160335935652256,-0.03344668447971344,0.034793972969055176,-0.14327575266361237,-0.24167567491531372,0.5625686645507812,-0.9060012698173523,-0.07313121855258942,0.5399864912033081,-0.2605930268764496
1749033592.3268168,1.1022411584854126,-2.358488698998922,1.7290294806109827,2.9092928606220703,-2.4224582354175013,5.476721286773682,-0.02116473577916622,0.01586642675101757,-0.016175925731658936,-0.03332606330513954,0.03565322235226631,-0.14245882630348206,-0.25920289754867554,0.5939354300498962,-0.8927627205848694,-0.07956420630216599,0.5117153525352478,-0.22872135043144226
1749033592.326853,1.1022244691848755,-2.3584848843016566,1.7289889494525355,2.9091860490986328,-2.4223480860339563,5.476438045501709,-0.021474482491612434,0.014748997054994106,-0.016781918704509735,-0.03396281227469444,0.035664152354002,-0.14178085327148438,-0.25040891766548157,0.6086161136627197,-0.8933086395263672,-0.08273228257894516,0.5206501483917236,-0.28887277841567993
1749033592.3268895,1.1021453142166138,-2.358424802819723,1.7289803663836878,2.909149332637451,-2.4222562948810022,5.476166248321533,-0.022339386865496635,0.01580670475959778,-0.01673215627670288,-0.03492972254753113,0.03523128479719162,-0.1446576565504074,-0.26561760902404785,0.5877305269241333,-0.8788924217224121,-0.07986699044704437,0.5350371599197388,-0.2747669517993927
1749033592.3269262,1.1021478176116943,-2.3584209881224574,1.7289374510394495,2.909073515529297,-2.4221962133990687,5.475827693939209,-0.022506551817059517,0.01604417711496353,-0.017092159017920494,-0.03469773381948471,0.03615538030862808,-0.14908111095428467,-0.25667253136634827,0.613811194896698,-0.8860584497451782,-0.06192938983440399,0.5281491875648499,-0.2589569091796875
1749033592.3269634,1.1020925045013428,-2.3583723507323207,1.72890550294985,2.9089981752583007,-2.4221203962909144,5.4755353927612305,-0.021796708926558495,0.016544166952371597,-0.017079703509807587,-0.03502282872796059,0.03665439411997795,-0.15033510327339172,-0.2946188449859619,0.5733067989349365,-0.8941919803619385,-0.06996233761310577,0.5440939664840698,-0.26999467611312866
1749033592.327,1.1020634174346924,-2.358333250085348,1.7288883368121546,2.9089299875446777,-2.422080103551046,5.4752516746521,-0.022331831976771355,0.016998009756207466,-0.017663225531578064,-0.035502780228853226,0.03744297847151756,-0.15553416311740875,-0.2846583425998688,0.5819424986839294,-0.8801810145378113,-0.07651139795780182,0.5450582504272461,-0.238744854927063
1749033592.3276436,1.1019842624664307,-2.3582970104613246,1.7288363615619105,2.908838911647461,-2.4220157305346888,5.474885940551758,-0.023063352331519127,0.016260065138339996,-0.01761508919298649,-0.036773908883333206,0.0378614217042923,-0.15819448232650757,-0.2503598630428314,0.5906184315681458,-0.8799145817756653,-0.06995400786399841,0.5425657629966736,-0.22867195308208466
1749033592.3296444,1.1019293069839478,-2.3582455120482386,1.7288125197040003,2.908771200770996,-2.4219282309161585,5.474565505981445,-0.02326147072017193,0.01658535562455654,-0.01746494695544243,-0.038061708211898804,0.0372774638235569,-0.15945132076740265,-0.2626259922981262,0.5919654369354248,-0.8789303302764893,-0.061901941895484924,0.5430284738540649,-0.2211923450231552
1749033592.370502,1.1019437313079834,-2.3582173786559046,1.728757683430807,2.90871445714917,-2.4218717257129114,5.474257946014404,-0.022887766361236572,0.016088373959064484,-0.017941631376743317,-0.0386788547039032,0.038007952272892,-0.15975646674633026,-0.27653178572654724,0.6157547831535339,-0.883776068687439,-0.055637940764427185,0.5448094010353088,-0.22261473536491394
1749033592.3705852,1.1018681526184082,-2.35819735149526,1.7287252585040491,2.9086271959492187,-2.4217498938189905,5.473972797393799,-0.02223176322877407,0.016881560906767845,-0.017855951562523842,-0.039038486778736115,0.03959870710968971,-0.15915079414844513,-0.30256879329681396,0.6010379195213318,-0.8803708553314209,-0.06718851625919342,0.5446947813034058,-0.2114970088005066
1749033592.3706594,1.1018280982971191,-2.358185430566305,1.728701416646139,2.9085628229328613,-2.42169696489443,5.4736104011535645,-0.02230878174304962,0.017080048099160194,-0.01840141974389553,-0.038834989070892334,0.03972631320357323,-0.15866009891033173,-0.2917003631591797,0.5962663292884827,-0.872687041759491,-0.059996992349624634,0.5544658303260803,-0.20490321516990662
1749033592.37073,1.101788878440857,-2.358140607873434,1.728668514882223,2.908463163966797,-2.42165190378298,5.473330020904541,-0.023498427122831345,0.017162926495075226,-0.018644174560904503,-0.038960885256528854,0.0404888279736042,-0.15868957340717316,-0.27879586815834045,0.6096703410148621,-0.8789392113685608,-0.045997753739356995,0.5577144026756287,-0.21715517342090607
1749033592.3707998,1.1017322540283203,-2.35809387783193,1.7286174933062952,2.9083515840717773,-2.421514336262838,5.4730143547058105,-0.023620113730430603,0.01771731488406658,-0.018632149323821068,-0.039526939392089844,0.04157261177897453,-0.15758073329925537,-0.2955475151538849,0.5850235223770142,-0.8710071444511414,-0.03229406476020813,0.545632541179657,-0.23706011474132538
1749033592.3708673,1.101693034172058,-2.358037134210104,1.728569809590475,2.908291979427002,-2.4214499632464808,5.472710609436035,-0.02341461181640625,0.017233803868293762,-0.0187827181071043,-0.04130209609866142,0.04229652136564255,-0.15647286176681519,-0.30286094546318054,0.6121370792388916,-0.875191867351532,-0.01536557823419571,0.5399443507194519,-0.2701769471168518
1749033592.3709383,1.101632833480835,-2.3580132923521937,1.7285259405719202,2.908230944270752,-2.4213624636279505,5.472391605377197,-0.023493483662605286,0.01788545586168766,-0.01907220669090748,-0.03914888948202133,0.04185466095805168,-0.1616513729095459,-0.3192446231842041,0.6139370203018188,-0.8785196542739868,-0.020994380116462708,0.5416206121444702,-0.2751755714416504
1749033592.371009,1.1016126871109009,-2.3580085239806117,1.728497330342428,2.908139868373535,-2.4212940374957483,5.472099304199219,-0.023372096940875053,0.017957642674446106,-0.018916424363851547,-0.03745337575674057,0.04269342124462128,-0.16289162635803223,-0.2799057066440582,0.5871258974075317,-0.8801887631416321,-0.04627034068107605,0.5373024344444275,-0.2596471607685089
1749033592.371079,1.1015880107879639,-2.357969423333639,1.7284734884845179,2.908071680659912,-2.4211986700641077,5.471775531768799,-0.024393277242779732,0.017746195197105408,-0.01973276399075985,-0.037719111889600754,0.04318162798881531,-0.1670948565006256,-0.30690738558769226,0.6186802983283997,-0.8632375597953796,-0.04785449430346489,0.5202652812004089,-0.26887670159339905
1749033592.3711486,1.1014769077301025,-2.3579522571959437,1.7284377256976526,2.9079691606708984,-2.421107594166891,5.471405029296875,-0.02505541406571865,0.0183880552649498,-0.018765395507216454,-0.037264544516801834,0.04256516322493553,-0.17148323357105255,-0.3268923759460449,0.6105356812477112,-0.876448392868042,-0.05226392671465874,0.5327963829040527,-0.24760782718658447
1749033592.3712163,1.1014769077301025,-2.3579522571959437,1.7284377256976526,2.9079691606708984,-2.421107594166891,5.471405029296875,-0.02505541406571865,0.0183880552649498,-0.018765395507216454,-0.037264544516801834,0.04256516322493553,-0.17148323357105255,-0.3268923759460449,0.6105356812477112,-0.876448392868042,-0.05226392671465874,0.5327963829040527,-0.24760782718658447
1749033592.371286,1.1014338731765747,-2.357873102227682,1.7283700148211878,2.907916231746338,-2.421011749898092,5.471057415008545,-0.024887464940547943,0.018275925889611244,-0.018288934603333473,-0.03749517351388931,0.0418238528072834,-0.17515142261981964,-0.31380537152290344,0.6133241653442383,-0.8934731483459473,-0.046692803502082825,0.5514211654663086,-0.2223782241344452
1749033592.3713548,1.1013572216033936,-2.3578249416747035,1.7283332983600062,2.907756968135498,-2.420828644429342,5.470361232757568,-0.02503686398267746,0.019052013754844666,-0.019706344231963158,-0.0402945950627327,0.044349029660224915,-0.17470337450504303,-0.3065546751022339,0.6117228269577026,-0.8809971809387207,-0.03885820508003235,0.5328412055969238,-0.23317591845989227
1749033592.3714232,1.1013169288635254,-2.357776781121725,1.7283127943622034,2.9076573091694335,-2.4207328001605433,5.470006465911865,-0.02554681897163391,0.018587229773402214,-0.02001219056546688,-0.03949616104364395,0.045165471732616425,-0.17618504166603088,-0.28116267919540405,0.6243420243263245,-0.8919422626495361,-0.03915930166840553,0.5163849592208862,-0.22579729557037354
1749033592.3714914,1.1013034582138062,-2.3577758274474085,1.7282493750201624,2.907604857082031,-2.4206722418414515,5.469620227813721,-0.025657134130597115,0.018751094117760658,-0.02030114084482193,-0.03932107612490654,0.04426061362028122,-0.17262917757034302,-0.3345191478729248,0.6170608401298523,-0.8654313087463379,-0.027214817702770233,0.5205647945404053,-0.27610665559768677
1749033592.3715594,1.1012330055236816,-2.3577052555479945,1.7282136122332972,2.9075018602558593,-2.420600239430563,5.469280242919922,-0.02629096433520317,0.01911533623933792,-0.01960762031376362,-0.04007408022880554,0.04262368008494377,-0.17791584134101868,-0.30567577481269836,0.6254007816314697,-0.8641446232795715,-0.06190986931324005,0.5344144105911255,-0.2690575420856476
1749033592.371628,1.1011568307876587,-2.357652803460592,1.7281773726092737,2.9074336725422363,-2.420462433491842,5.468925476074219,-0.026858963072299957,0.018420660868287086,-0.01863856613636017,-0.04166534170508385,0.042287617921829224,-0.1775827556848526,-0.32094046473503113,0.6333586573600769,-0.8748854994773865,-0.029724039137363434,0.537900984287262,-0.27569520473480225
1749033592.3716967,1.1011402606964111,-2.357617040673727,1.7281187216388147,2.9073654848286132,-2.4203863779651087,5.468595504760742,-0.02723480947315693,0.01904444396495819,-0.018622564151883125,-0.04233647510409355,0.043252598494291306,-0.18266013264656067,-0.3030669093132019,0.6407996416091919,-0.913243293762207,-0.019919201731681824,0.5323289036750793,-0.26622503995895386
1749033592.3717644,1.101064682006836,-2.3575998745360316,1.7281091848956507,2.9072586733051757,-2.420309607182638,5.468225955963135,-0.027707034721970558,0.019439000636339188,-0.01935628429055214,-0.042892877012491226,0.04410026967525482,-0.18650346994400024,-0.30002734065055847,0.6502057313919067,-0.892403781414032,-0.035056546330451965,0.5174320340156555,-0.23325768113136292
1749033592.3719318,1.1009798049926758,-2.3575006924071253,1.728037182484762,2.907094641322754,-2.420114819203512,5.467493534088135,-0.028669845312833786,0.020303066819906235,-0.01990651525557041,-0.04018361121416092,0.04536084458231926,-0.1913568526506424,-0.3129580616950989,0.634586751461029,-0.8843203783035278,-0.055362850427627563,0.5331519246101379,-0.21829773485660553
1749033592.3720477,1.1009798049926758,-2.3575006924071253,1.728037182484762,2.907094641322754,-2.420114819203512,5.467493534088135,-0.028669845312833786,0.020303066819906235,-0.01990651525557041,-0.04018361121416092,0.04536084458231926,-0.1913568526506424,-0.3129580616950989,0.634586751461029,-0.8843203783035278,-0.055362850427627563,0.5331519246101379,-0.21829773485660553
1749033592.4183128,1.1008931398391724,-2.3574959240355433,1.7280014196978968,2.9070302683063964,-2.4200499693499964,5.46705961227417,-0.028899068012833595,0.020329512655735016,-0.019939951598644257,-0.04125532880425453,0.045836884528398514,-0.19152560830116272,-0.28349295258522034,0.6308196783065796,-0.8986167907714844,-0.06132011115550995,0.5227668285369873,-0.20977632701396942
1749033592.418359,1.1008403301239014,-2.3574558697142542,1.7279308477984827,2.906911535854004,-2.4199193159686487,5.466691493988037,-0.028893588110804558,0.020128054544329643,-0.01925770565867424,-0.04159840941429138,0.046008557081222534,-0.19112804532051086,-0.30363669991493225,0.6264076232910156,-0.9024221301078796,-0.03962346911430359,0.5325317978858948,-0.2111382633447647
1749033592.4183998,1.100785493850708,-2.3574162922301234,1.72791034380068,2.9068314272114257,-2.419858757649557,5.4663238525390625,-0.029012592509388924,0.01951540820300579,-0.019724514335393906,-0.041776303201913834,0.04605717211961746,-0.19281257688999176,-0.3278581202030182,0.6672178506851196,-0.9028693437576294,-0.07083094120025635,0.5159463286399841,-0.2408718764781952
1749033592.4184387,1.1007062196731567,-2.357359548608297,1.7278817335711878,2.906747503871582,-2.4197519461261194,5.465939521789551,-0.028862368315458298,0.020497728139162064,-0.02084098383784294,-0.04266873747110367,0.04617238789796829,-0.18910852074623108,-0.30180445313453674,0.6549127697944641,-0.9028320908546448,-0.06077319383621216,0.5285047888755798,-0.23168067634105682
1749033592.4184763,1.1006335020065308,-2.3573395214476527,1.7278297583209437,2.9066640573688964,-2.419671599064962,5.465561389923096,-0.028886329382658005,0.02110610529780388,-0.020979007706046104,-0.042521193623542786,0.04624782130122185,-0.19033394753932953,-0.3252555727958679,0.6424965858459473,-0.9027215242385864,-0.07023727893829346,0.5350158214569092,-0.2673402726650238
1749033592.418514,1.1006207466125488,-2.357265134850973,1.7277434507953089,2.906599207515381,-2.4195764700519007,5.46517276763916,-0.029034284874796867,0.02277536690235138,-0.02029547281563282,-0.04201330989599228,0.046008072793483734,-0.19308452308177948,-0.30881333351135254,0.6554852724075317,-0.897219181060791,-0.07006421685218811,0.554653525352478,-0.2678320109844208
1749033592.4185514,1.1005451679229736,-2.357248445550436,1.7277458349811,2.9064995485493164,-2.4194842020617884,5.464782238006592,-0.02910858951508999,0.020447174087166786,-0.020862871780991554,-0.042654503136873245,0.04798000678420067,-0.19642427563667297,-0.30956903100013733,0.6398149728775024,-0.9027423858642578,-0.08424372971057892,0.5264617204666138,-0.2664485573768616
1749033592.4185884,1.1004974842071533,-2.35719694713735,1.7277219931231897,2.9063965517231445,-2.4194002787219446,5.464396953582764,-0.02877192385494709,0.02129577100276947,-0.020303433761000633,-0.04446209967136383,0.04915989562869072,-0.20052377879619598,-0.3310340344905853,0.6507070064544678,-0.923546314239502,-0.08727161586284637,0.5292350053787231,-0.2526323199272156
1749033592.4186254,1.100406289100647,-2.357152124444479,1.727654759083883,2.9063126283833007,-2.41927677789797,5.463963508605957,-0.029440397396683693,0.02209381014108658,-0.02073184959590435,-0.04559983313083649,0.04898000508546829,-0.20199541747570038,-0.32415542006492615,0.661216139793396,-0.9327137470245361,-0.09183739870786667,0.5292690396308899,-0.25953829288482666
1749033592.4186625,1.1003342866897583,-2.357100626031393,1.7276228109942835,2.9062210756489257,-2.4191935698138636,5.463586807250977,-0.029283292591571808,0.022649096325039864,-0.021724989637732506,-0.04611301049590111,0.04930908977985382,-0.20410805940628052,-0.30870792269706726,0.6488779783248901,-0.9107170104980469,-0.09971378743648529,0.5413956046104431,-0.24869254231452942
1749033592.4186988,1.1003177165985107,-2.3570715389647425,1.7276023069964808,2.906102343196533,-2.4190881888019007,5.463132381439209,-0.02926381304860115,0.022116051986813545,-0.022324029356241226,-0.04674072191119194,0.05018617585301399,-0.20488902926445007,-0.32134348154067993,0.6589459180831909,-0.9237531423568726,-0.10061158239841461,0.5159008502960205,-0.22638648748397827
1749033592.4187393,1.1002695560455322,-2.357011457482809,1.7275264898883265,2.9060565668293457,-2.418986145650045,5.462716102600098,-0.029231378808617592,0.022659635171294212,-0.02212546207010746,-0.04759880155324936,0.051138825714588165,-0.20425641536712646,-0.29984307289123535,0.6456169486045837,-0.91206955909729,-0.0822170078754425,0.5408010482788086,-0.2920492887496948
1749033592.418777,1.1002087593078613,-2.35699524501943,1.7275026480304163,2.9059454637714843,-2.418893877659933,5.462289810180664,-0.028995240107178688,0.022076696157455444,-0.02214977517724037,-0.04826471209526062,0.05189330130815506,-0.20907831192016602,-0.3372693359851837,0.6943458318710327,-0.9247274994850159,-0.09891778230667114,0.524299144744873,-0.25974607467651367
1749033592.4188137,1.1001057624816895,-2.3569590053954066,1.727443043385641,2.9058615404316406,-2.4187784830676478,5.461885929107666,-0.029595190659165382,0.022568034008145332,-0.022168291732668877,-0.05049465224146843,0.05287565663456917,-0.2109089493751526,-0.34539124369621277,0.6939356923103333,-0.9288410544395447,-0.08451437950134277,0.532131552696228,-0.2669472098350525
1749033592.4188497,1.1000736951828003,-2.3568760357298792,1.7273829619037073,2.9057537752338867,-2.418694559727804,5.46147346496582,-0.030996492132544518,0.02320329286158085,-0.022791776806116104,-0.05047808215022087,0.05370010808110237,-0.21449604630470276,-0.31597498059272766,0.6695687174797058,-0.9377533793449402,-0.09932050108909607,0.5314895510673523,-0.26428455114364624
1749033592.4188864,1.1000325679779053,-2.3568273983397425,1.7273553053485315,2.9056617456623535,-2.4186068216906946,5.461002826690674,-0.030670076608657837,0.023506909608840942,-0.023318761959671974,-0.05099453404545784,0.0535895936191082,-0.2169729620218277,-0.3304882049560547,0.6588575839996338,-0.9121496677398682,-0.0890861451625824,0.5247810482978821,-0.24343310296535492
1749033592.4189227,1.099992275238037,-2.356795450250143,1.727307144795553,2.9055697160908203,-2.418452564870016,5.4605793952941895,-0.029924210160970688,0.02347368374466896,-0.023378664627671242,-0.05178442969918251,0.053603384643793106,-0.21784399449825287,-0.33847153186798096,0.6607178449630737,-0.9308559894561768,-0.11030873656272888,0.5642924904823303,-0.25159066915512085
1749033592.4189603,1.0998976230621338,-2.3567563496031703,1.7272632757769983,2.9054462152668457,-2.4183436075793665,5.460127353668213,-0.030114727094769478,0.023494288325309753,-0.023234564810991287,-0.053525712341070175,0.0539761446416378,-0.21837225556373596,-0.36020946502685547,0.6655327081680298,-0.9391161799430847,-0.0798170194029808,0.5382275581359863,-0.23311366140842438
1749033592.4189973,1.0998374223709106,-2.356711050073141,1.7272303740130823,2.9053193765827636,-2.4182878176318567,5.459664821624756,-0.03188062459230423,0.02321726456284523,-0.023550765588879585,-0.05535050109028816,0.05501045659184456,-0.21805712580680847,-0.3154381811618805,0.6955850720405579,-0.9168187379837036,-0.06694906949996948,0.5341276526451111,-0.25281912088394165
1749033592.419034,1.0997575521469116,-2.3566633663573207,1.7271793524371546,2.905230684871338,-2.4181368986712855,5.459264278411865,-0.031376175582408905,0.02362927794456482,-0.02422359213232994,-0.05642721801996231,0.05517129600048065,-0.2194925844669342,-0.33508649468421936,0.6828798651695251,-0.9253163933753967,-0.066425621509552,0.5263038277626038,-0.27003878355026245
1749033592.419071,1.0997328758239746,-2.356615205804342,1.7271502653705042,2.905103846187256,-2.418006960545675,5.458801746368408,-0.032622337341308594,0.024302935227751732,-0.02572808787226677,-0.057561323046684265,0.05509892851114273,-0.2185206413269043,-0.3362066149711609,0.6702849864959717,-0.9237771034240723,-0.06260325014591217,0.5334592461585999,-0.2616941034793854
1749033592.419108,1.0996489524841309,-2.356539865533346,1.727067772542135,2.9049998956867675,-2.4179022947894495,5.45835018157959,-0.03376498445868492,0.024667387828230858,-0.024387141689658165,-0.057852406054735184,0.056145597249269485,-0.22208303213119507,-0.32273852825164795,0.689799964427948,-0.9350539445877075,-0.044512033462524414,0.5336412191390991,-0.27514180541038513
1749033592.4191449,1.099562406539917,-2.3564840755858363,1.7270038763629358,2.904876394862793,-2.417825524006979,5.457922458648682,-0.03321682661771774,0.025286171585321426,-0.024660568684339523,-0.05769839137792587,0.05607997626066208,-0.22256045043468475,-0.3287804126739502,0.6561238765716553,-0.9272106885910034,-0.04938090592622757,0.5488508939743042,-0.29441624879837036
1749033592.4196718,1.0995173454284668,-2.3564521274962367,1.7269600073443812,2.904768629665039,-2.417647902165548,5.457451343536377,-0.03209822624921799,0.025135129690170288,-0.02506370283663273,-0.05730704218149185,0.055323705077171326,-0.22684618830680847,-0.3411889672279358,0.6783519983291626,-0.9236896634101868,-0.02737591415643692,0.5397315621376038,-0.2886582612991333
1749033592.4216979,1.0994499921798706,-2.356392046014303,1.7269428412066858,2.90464894353833,-2.417555634175436,5.4570159912109375,-0.031082918867468834,0.02534961700439453,-0.024624735116958618,-0.05720902606844902,0.05622607842087746,-0.2296084612607956,-0.3639345169067383,0.6997663378715515,-0.9291462898254395,-0.043419815599918365,0.5523132681846619,-0.25419989228248596
1749033592.4663165,1.0993897914886475,-2.3563715420165003,1.7268946806537073,2.904494448299072,-2.417467180882589,5.456509590148926,-0.034526560455560684,0.025359297171235085,-0.024790991097688675,-0.05645718052983284,0.057707712054252625,-0.23379337787628174,-0.34129828214645386,0.7004408240318298,-0.9369359016418457,-0.043333470821380615,0.5317381620407104,-0.26824986934661865
1749033592.4663637,1.0992934703826904,-2.3562995396056117,1.7268508116351526,2.904397650355957,-2.417366329823629,5.456057548522949,-0.03422733023762703,0.02562471106648445,-0.025522787123918533,-0.05674320086836815,0.05839003250002861,-0.23268350958824158,-0.3391494154930115,0.67722487449646,-0.9383059740066528,-0.038891565054655075,0.5152294039726257,-0.26331084966659546
1749033592.4664037,1.09921133518219,-2.3562828503050746,1.7267521063434046,2.9042860704609375,-2.4172514120685022,5.45558500289917,-0.03362450376152992,0.025704851374030113,-0.02597126178443432,-0.058362849056720734,0.05618462711572647,-0.2350788712501526,-0.3487918972969055,0.6755023002624512,-0.9368981719017029,-0.02541070245206356,0.5347651839256287,-0.2585364282131195
1749033592.4664423,1.0991500616073608,-2.3562189541258753,1.72670823732485,2.904169722194336,-2.417147699986593,5.455122947692871,-0.03424146771430969,0.025948429480195045,-0.02662021294236183,-0.05909352749586105,0.05578538775444031,-0.23363599181175232,-0.33888113498687744,0.6836274266242981,-0.9183913469314575,-0.002969197928905487,0.5548155307769775,-0.26401349902153015
1749033592.4664798,1.0990982055664062,-2.3561555347838343,1.7266719977008265,2.9040657716938476,-2.417028252278463,5.4546589851379395,-0.033976197242736816,0.025997286662459373,-0.02645125985145569,-0.05826641246676445,0.05719267204403877,-0.23697054386138916,-0.33243703842163086,0.6752033233642578,-0.92732834815979,-0.005973123013973236,0.5361265540122986,-0.273396372795105
1749033592.466517,1.0990262031555176,-2.3560954533019007,1.7265999952899378,2.903954191798828,-2.4169157187091272,5.454163551330566,-0.0336148701608181,0.0267658568918705,-0.025590961799025536,-0.05462706834077835,0.05758552625775337,-0.2388608455657959,-0.3552383780479431,0.68451327085495,-0.9395834803581238,-0.029013894498348236,0.5635983347892761,-0.2821960151195526
1749033592.4665542,1.0989702939987183,-2.3560625515379847,1.7265713850604456,2.90385024129834,-2.416800562535421,5.453680992126465,-0.03408624604344368,0.027113934978842735,-0.025600560009479523,-0.05331014469265938,0.05827590823173523,-0.2406008541584015,-0.35040754079818726,0.678753137588501,-0.945244312286377,-0.028634458780288696,0.554471492767334,-0.2586866021156311
1749033592.466592,1.0989023447036743,-2.3560339413084925,1.7265198866473597,2.903730555171631,-2.416658941899435,5.453181266784668,-0.03467204421758652,0.026990458369255066,-0.026139816269278526,-0.05502275377511978,0.061083197593688965,-0.241999089717865,-0.34996911883354187,0.6799807548522949,-0.9397473335266113,-0.05417434126138687,0.5463838577270508,-0.26704141497612
1749033592.4666297,1.0988531112670898,-2.3559352360167445,1.7264755407916468,2.9036266046711425,-2.416576687489645,5.452701568603516,-0.034897416830062866,0.027051491662859917,-0.02710210531949997,-0.05509575828909874,0.060813482850790024,-0.24214765429496765,-0.34586113691329956,0.6992901563644409,-0.9377267360687256,-0.028022751212120056,0.5286319255828857,-0.2735947072505951
1749033592.4666665,1.0987745523452759,-2.355868001977438,1.7264240423785608,2.9035226541706542,-2.416391913090841,5.452194690704346,-0.0354217104613781,0.027423584833741188,-0.02648160420358181,-0.05454864725470543,0.06026392802596092,-0.24345096945762634,-0.331565260887146,0.692173421382904,-0.949146032333374,-0.04347003251314163,0.5235141515731812,-0.28058943152427673
1749033592.4667034,1.0986822843551636,-2.3558432064452113,1.7263672987567347,2.9033729273029785,-2.416326109563009,5.451742649078369,-0.03546196222305298,0.02738746628165245,-0.026343459263443947,-0.05587423965334892,0.05987711623311043,-0.24292540550231934,-0.3230019807815552,0.6903029084205627,-0.9359201788902283,-0.0493415966629982,0.548573911190033,-0.26648446917533875
1749033592.46674,1.0986031293869019,-2.35579838375234,1.7263005415545862,2.903303309077881,-2.4162021319018763,5.45127534866333,-0.035988837480545044,0.027656350284814835,-0.026788868010044098,-0.05625925585627556,0.06214043125510216,-0.24764475226402283,-0.3481360375881195,0.6732747554779053,-0.9347256422042847,-0.04553253948688507,0.5336180329322815,-0.29956358671188354
1749033592.4667766,1.098585844039917,-2.355687757531637,1.726267162953512,2.9031917291828613,-2.4160712401019495,5.450772285461426,-0.03614763543009758,0.02848820947110653,-0.026133114472031593,-0.0545746348798275,0.06355179846286774,-0.24907538294792175,-0.35056543350219727,0.6624071598052979,-0.950075089931488,-0.059647247195243835,0.5270761251449585,-0.3036024868488312
1749033592.4668128,1.0985093116760254,-2.3556400738158167,1.7261808554278772,2.9030839639851074,-2.4159281889544886,5.45026969909668,-0.036691468209028244,0.028385385870933533,-0.026347892358899117,-0.05331724137067795,0.06358861178159714,-0.2527046203613281,-0.34431758522987366,0.6714333295822144,-0.9515352249145508,-0.0783257931470871,0.5355286002159119,-0.27808877825737
1749033592.4668496,1.0984264612197876,-2.355669160882467,1.7261207739459437,2.90299574911084,-2.4157851378070276,5.449761390686035,-0.03680533170700073,0.027856554836034775,-0.026240693405270576,-0.05393997207283974,0.06404423713684082,-0.25707921385765076,-0.355530321598053,0.6722739934921265,-0.952772319316864,-0.07268942892551422,0.5164636969566345,-0.2654086947441101
1749033592.4668896,1.0983352661132812,-2.355547090569967,1.7260916868792933,2.902877016658447,-2.4156771341906946,5.449187755584717,-0.037746232002973557,0.028177864849567413,-0.0265180803835392,-0.05636880546808243,0.06308284401893616,-0.25620025396347046,-0.3478648066520691,0.6838304400444031,-0.9608971476554871,-0.10051216185092926,0.5339248180389404,-0.2541009485721588
1749033592.4669447,1.0982730388641357,-2.3555146656432093,1.7260211149798792,2.9027764040180664,-2.4155612627612513,5.44871187210083,-0.03972872719168663,0.029392607510089874,-0.02790623903274536,-0.05723096430301666,0.06459857523441315,-0.2589072287082672,-0.31398481130599976,0.6525537371635437,-0.95473313331604,-0.0834285244345665,0.5377064347267151,-0.251004695892334
1749033592.46701,1.0981864929199219,-2.3554269276061,1.7259839216815394,2.902665300960205,-2.4154332319842737,5.448176860809326,-0.03805162012577057,0.029580697417259216,-0.02798641286790371,-0.057924535125494,0.06496909260749817,-0.25858545303344727,-0.30550631880760193,0.6678650379180908,-0.9595069885253906,-0.0959811881184578,0.5291203260421753,-0.25268712639808655
1749033592.4670625,1.0981335639953613,-2.355394502679342,1.7258780638324183,2.9025418001362304,-2.4152634779559534,5.447661876678467,-0.03672393783926964,0.02941959723830223,-0.027433935552835464,-0.059194110333919525,0.06477919965982437,-0.26092222332954407,-0.36649811267852783,0.6740188598632812,-0.9607676863670349,-0.08802022784948349,0.5275128483772278,-0.25924307107925415
1749033592.4671018,1.0980337858200073,-2.3553067646422328,1.7258837858783167,2.902437372798584,-2.41519004503359,5.447139263153076,-0.037074312567710876,0.0300160963088274,-0.027623262256383896,-0.061049140989780426,0.06383116543292999,-0.2644185423851013,-0.3612685203552246,0.6562706828117371,-0.9593991041183472,-0.10758928209543228,0.5511869192123413,-0.24877259135246277
1749033592.4671388,1.0979706048965454,-2.3552590809264125,1.7258127371417444,2.902310534114502,-2.415081564580099,5.446610450744629,-0.03742977976799011,0.030087146908044815,-0.02804417908191681,-0.06272678822278976,0.06405558437108994,-0.2664377689361572,-0.340509295463562,0.6701624989509583,-0.9629378318786621,-0.08616939187049866,0.5385689735412598,-0.252170592546463
1749033592.4671757,1.0979706048965454,-2.3552590809264125,1.7258127371417444,2.902310534114502,-2.415081564580099,5.446610450744629,-0.03742977976799011,0.030087146908044815,-0.02804417908191681,-0.06272678822278976,0.06405558437108994,-0.2664377689361572,-0.340509295463562,0.6701624989509583,-0.9629378318786621,-0.08616939187049866,0.5385689735412598,-0.252170592546463
1749033592.4676456,1.0979094505310059,-2.3551866016783656,1.725741211568014,2.9022065836140136,-2.4149113337146204,5.446063995361328,-0.03746284916996956,0.029578153043985367,-0.028132732957601547,-0.0641007274389267,0.06438387185335159,-0.266531378030777,-0.3111441731452942,0.6568009853363037,-0.975933849811554,-0.11160612106323242,0.561472475528717,-0.21177469193935394
1749033592.4696343,1.0977462530136108,-2.355063100854391,1.7256253401385706,2.9019242960163574,-2.414663855229513,5.4449849128723145,-0.03682570531964302,0.02890864759683609,-0.028671812266111374,-0.06788502633571625,0.06650914251804352,-0.26262131333351135,-0.34803885221481323,0.644432008266449,-0.9672136902809143,-0.07829016447067261,0.5425199866294861,-0.25752049684524536
1749033592.5143054,1.0977022647857666,-2.355013986627096,1.7255809942828577,2.90178029119458,-2.414539639149801,5.444490909576416,-0.03487204387784004,0.02831331081688404,-0.02785465680062771,-0.06867703050374985,0.06696118414402008,-0.2609359920024872,-0.3732653856277466,0.6654123663902283,-0.9606102108955383,-0.06427602469921112,0.5420524477958679,-0.29884085059165955
1749033592.5143657,1.097609519958496,-2.354950090447897,1.7254975477801722,2.9016639429279785,-2.4143765608416956,5.443979740142822,-0.03695591539144516,0.027751673012971878,-0.028514916077256203,-0.06946539878845215,0.06638160347938538,-0.2624821364879608,-0.3434659540653229,0.6816703677177429,-0.9616218209266663,-0.06976838409900665,0.5536825060844421,-0.2942919135093689
1749033592.5144114,1.0975266695022583,-2.3549372158446253,1.725445572529928,2.901505156154297,-2.4142265955554407,5.44345235824585,-0.0376775749027729,0.028535209596157074,-0.02965790219604969,-0.06910623610019684,0.06623579561710358,-0.26731565594673157,-0.3602258861064911,0.6768538355827332,-0.9742109775543213,-0.06830030679702759,0.5481235980987549,-0.31242498755455017
1749033592.514452,1.0974464416503906,-2.354861398736471,1.7254365126239222,2.9013334947773437,-2.414129082356588,5.442853927612305,-0.03793692961335182,0.030350010842084885,-0.029950274154543877,-0.07031851261854172,0.06653043627738953,-0.27164554595947266,-0.36620375514030457,0.6282944679260254,-0.9610269069671631,-0.044622913002967834,0.5494524836540222,-0.2870803773403168
1749033592.514494,1.0974054336547852,-2.3548132381834925,1.7253606955157679,2.9011971193500976,-2.4139934221850794,5.44232177734375,-0.03797786682844162,0.029369449242949486,-0.02957296371459961,-0.07091911882162094,0.06861245632171631,-0.27369052171707153,-0.3628590703010559,0.664057195186615,-0.9682705402374268,-0.018281765282154083,0.5294997096061707,-0.2589508593082428
1749033592.5145519,1.0973213911056519,-2.354729314843649,1.7252782026873987,2.9010774332233886,-2.4138038794146937,5.441727638244629,-0.03872077167034149,0.028684530407190323,-0.030080577358603477,-0.06781969964504242,0.06982629746198654,-0.2762347161769867,-0.3662205934524536,0.6698673367500305,-0.9730840921401978,-0.007115254178643227,0.5133193731307983,-0.27229416370391846
1749033592.5145936,1.0972176790237427,-2.3546658955016078,1.725245777760641,2.9009648996540527,-2.4136956373797815,5.441254138946533,-0.039019715040922165,0.027932191267609596,-0.03031710907816887,-0.0645163282752037,0.06713446229696274,-0.2755221128463745,-0.3517822325229645,0.7024967670440674,-0.9889957308769226,-0.05599518492817879,0.5373722910881042,-0.2552652060985565
1749033592.5146322,1.0971392393112183,-2.3546139202513636,1.7251461187945765,2.900829954738281,-2.4135525862323206,5.440695762634277,-0.0381612703204155,0.028828196227550507,-0.03096170164644718,-0.06385106593370438,0.06542389839887619,-0.2802353799343109,-0.3462386131286621,0.6582384705543518,-0.9555514454841614,-0.05243496969342232,0.5568505525588989,-0.28000688552856445
1749033592.5146701,1.0970427989959717,-2.354576726953024,1.7250936667071741,2.900678797359131,-2.413466517125265,5.440101623535156,-0.04065564647316933,0.02927277982234955,-0.03142757713794708,-0.06381843239068985,0.06684833765029907,-0.285576730966568,-0.35187551379203796,0.6526073217391968,-0.9461318254470825,-0.0561639741063118,0.5639377236366272,-0.27421635389328003
1749033592.5147083,1.0969738960266113,-2.354525228539938,1.7250459829913538,2.900559111232422,-2.4133437315570276,5.439506530761719,-0.04102981090545654,0.02896943874657154,-0.0321793332695961,-0.06469221413135529,0.06685972958803177,-0.28992578387260437,-0.324476420879364,0.6879175901412964,-0.9506496787071228,-0.07947313785552979,0.5567041039466858,-0.22079132497310638
1749033592.5147457,1.096882700920105,-2.3544217548766078,1.7249739805804651,2.900466127986572,-2.4131656328784388,5.438958644866943,-0.041039180010557175,0.029956549406051636,-0.032218415290117264,-0.06759508699178696,0.06742836534976959,-0.2896442711353302,-0.3505932688713074,0.6886225342750549,-0.9449255466461182,-0.04651392251253128,0.5653853416442871,-0.23289889097213745
1749033592.5147831,1.096813678741455,-2.3544088802733363,1.724875275288717,2.9002958971210937,-2.413024965916769,5.438390731811523,-0.040391016751527786,0.03034200705587864,-0.03189731389284134,-0.06746221333742142,0.06994329392910004,-0.2882469594478607,-0.3490491509437561,0.6495086550712585,-0.9450835585594177,-0.05049972981214523,0.5801635980606079,-0.240922212600708
1749033592.5148206,1.0967106819152832,-2.3543101749815882,1.7248542944537562,2.900160475368164,-2.4129024187671106,5.437796115875244,-0.04111833497881889,0.030043670907616615,-0.03171097859740257,-0.06518419086933136,0.06998924165964127,-0.2816093862056732,-0.3597027361392975,0.6842849254608154,-0.9428670406341553,-0.07991159707307816,0.540225625038147,-0.2821509540081024
1749033592.5148573,1.0966038703918457,-2.354257722894186,1.7247665564166468,2.9000393587299804,-2.41270357767214,5.4372477531433105,-0.04107736796140671,0.028499329462647438,-0.03160151094198227,-0.06411094218492508,0.06842505931854248,-0.2840650677680969,-0.33915990591049194,0.6991645693778992,-0.9387898445129395,-0.08968295902013779,0.5685903429985046,-0.2804858386516571
1749033592.5148945,1.0965319871902466,-2.3542124233641566,1.7247374693499964,2.8999039369770507,-2.4126346747027796,5.436654090881348,-0.041123177856206894,0.028933262452483177,-0.03137003257870674,-0.06544400006532669,0.07029182463884354,-0.2871851325035095,-0.33758023381233215,0.701153576374054,-0.9436142444610596,-0.07871012389659882,0.566670835018158,-0.29353150725364685
1749033592.5149353,1.0964899063110352,-2.3541375599303187,1.7246502081500452,2.8997885423847656,-2.412478272114889,5.436058521270752,-0.04106511175632477,0.030174342915415764,-0.031662750989198685,-0.06576833873987198,0.07253345847129822,-0.2897588610649109,-0.3324744999408722,0.6957171559333801,-0.9392540454864502,-0.08561131358146667,0.5559190511703491,-0.2845974862575531
1749033592.5149739,1.0963671207427979,-2.3540736637511195,1.7245782057391565,2.8996597963520507,-2.4123123327838343,5.4354987144470215,-0.041177693754434586,0.030602293089032173,-0.03181624412536621,-0.06663529574871063,0.07232892513275146,-0.2934566140174866,-0.3569899797439575,0.6937108039855957,-0.9328636527061462,-0.08900290727615356,0.5623657703399658,-0.2958577573299408
1749033592.5150118,1.0962952375411987,-2.3539935551085414,1.7245495955096644,2.8995248514362792,-2.4121411482440394,5.434896469116211,-0.041873443871736526,0.030807575210928917,-0.03164101764559746,-0.06853526830673218,0.07214219123125076,-0.29073578119277954,-0.3600115180015564,0.682232141494751,-0.9488458633422852,-0.06427840888500214,0.5582634806632996,-0.2907882630825043
1749033592.515049,1.09622323513031,-2.353941103021139,1.7244704405414026,2.8994013506123046,-2.412025276814596,5.4343671798706055,-0.04192887246608734,0.030696284025907516,-0.03138129785656929,-0.06896567344665527,0.07249562442302704,-0.29230865836143494,-0.3706603944301605,0.6885976791381836,-0.9509917497634888,-0.09076368808746338,0.5734108686447144,-0.3161996006965637
1749033592.5150855,1.0961543321609497,-2.353889604608053,1.724398438130514,2.8992301660725097,-2.411896053944723,5.433745384216309,-0.042512014508247375,0.03088412433862686,-0.03160684183239937,-0.06950849294662476,0.07382000982761383,-0.2978636622428894,-0.33489421010017395,0.6972637176513672,-0.9507540464401245,-0.08634374290704727,0.5590362548828125,-0.33534666895866394
1749033592.5151231,1.0960578918457031,-2.353786130944723,1.7243107000934046,2.899129553432129,-2.41176420847048,5.433168888092041,-0.043122172355651855,0.03093508630990982,-0.0312119759619236,-0.07048854231834412,0.07362380623817444,-0.3065458834171295,-0.34900909662246704,0.6840115785598755,-0.9654220938682556,-0.09805087745189667,0.5704472064971924,-0.2872755825519562
1749033592.5151598,1.095963716506958,-2.3537680111327113,1.7242749373065394,2.8989860254475097,-2.4115918318377894,5.432487487792969,-0.04514656588435173,0.03138162940740585,-0.031136885285377502,-0.07236471027135849,0.07467721402645111,-0.31106632947921753,-0.3029226064682007,0.6938778758049011,-0.9647735953330994,-0.09023061394691467,0.5713129639625549,-0.25739341974258423
1749033592.515657,1.095847725868225,-2.3537045917906703,1.7241838614093226,2.898857756251953,-2.41142183939089,5.431879043579102,-0.042282119393348694,0.03212747350335121,-0.03226649388670921,-0.07390265166759491,0.0755593553185463,-0.30876094102859497,-0.33434659242630005,0.6970902681350708,-0.9554722309112549,-0.09975671768188477,0.5565740466117859,-0.23457884788513184
1749033592.51766,1.095778226852417,-2.3536130390562953,1.7241500059710901,2.8986798959919433,-2.4112444559680384,5.431254863739014,-0.04229177162051201,0.032339535653591156,-0.033209726214408875,-0.07563208788633347,0.07606612890958786,-0.3063608407974243,-0.3601732850074768,0.6891610026359558,-0.9415955543518066,-0.06746300309896469,0.5608062148094177,-0.24324488639831543
1749033592.5623364,1.095699667930603,-2.3535529575743617,1.7240870634662073,2.898570700282715,-2.411126438771383,5.430633068084717,-0.04346316307783127,0.03200913593173027,-0.03432091325521469,-0.07709954679012299,0.07632075995206833,-0.30444303154945374,-0.337085098028183,0.7140333652496338,-0.93305504322052,-0.0654788464307785,0.5400243401527405,-0.30657660961151123
1749033592.562395,1.0955911874771118,-2.3535076580443324,1.724011246358053,2.8983804422565917,-2.410975758229391,5.430033206939697,-0.045294374227523804,0.03274917975068092,-0.031317200511693954,-0.0796194076538086,0.07602585107088089,-0.3033800423145294,-0.3367147147655487,0.6834388971328735,-0.9488555788993835,-0.04618600010871887,0.553671658039093,-0.31663936376571655
1749033592.5624409,1.0955030918121338,-2.353443761865133,1.7239201704608362,2.8982087808796386,-2.4108122030841272,5.429426193237305,-0.04564843699336052,0.03449845686554909,-0.03226230666041374,-0.08038973808288574,0.07629669457674026,-0.30758824944496155,-0.30233606696128845,0.6693978309631348,-0.9639947414398193,-0.028671875596046448,0.5606019496917725,-0.3251701891422272
1749033592.562481,1.0954700708389282,-2.3533688984312953,1.723898712788717,2.8980414110371093,-2.410644594823019,5.428791046142578,-0.04187742620706558,0.034257907420396805,-0.03323611244559288,-0.08052299916744232,0.07887037843465805,-0.3103850781917572,-0.34655648469924927,0.6783813238143921,-0.9729093313217163,-0.02204471081495285,0.5637680292129517,-0.3196174204349518
1749033592.5625284,1.095341444015503,-2.3532926044859828,1.723823372517721,2.897908850307129,-2.410447661076681,5.4281086921691895,-0.044562239199876785,0.032859042286872864,-0.03405351564288139,-0.07975459098815918,0.0783068984746933,-0.3114283084869385,-0.3537302017211914,0.6758215427398682,-0.948468804359436,-0.019470777362585068,0.5320343971252441,-0.28531983494758606
1749033592.5625684,1.0952856540679932,-2.353208681146139,1.7237475554095667,2.8977410036274414,-2.4103522936450403,5.427505016326904,-0.045303769409656525,0.03309763967990875,-0.03483281284570694,-0.07786239683628082,0.07427197694778442,-0.31364932656288147,-0.32484760880470276,0.677168607711792,-0.9454164505004883,-0.03248286992311478,0.5701879262924194,-0.30790865421295166
1749033592.5626142,1.0951944589614868,-2.3531676731505335,1.723675552998678,2.8975693422504882,-2.410217825566427,5.42686128616333,-0.04403559863567352,0.03421323001384735,-0.03482211008667946,-0.07863744348287582,0.07481353729963303,-0.3143237233161926,-0.3473135232925415,0.6829359531402588,-0.9487271308898926,-0.022560816258192062,0.5743751525878906,-0.3267151117324829
1749033592.5626535,1.0951063632965088,-2.3530804119505824,1.7235725561725062,2.8974224764057617,-2.4100378195392054,5.426230430603027,-0.0445963554084301,0.03434324264526367,-0.033465754240751266,-0.079562246799469,0.07519327104091644,-0.3227365016937256,-0.3524511456489563,0.6654695272445679,-0.9448948502540588,-0.001489095389842987,0.5581662654876709,-0.3103467524051666
1749033592.5626917,1.0950380563735962,-2.3529850445189417,1.7235124746905726,2.897282763118408,-2.4098790327655237,5.425575256347656,-0.04548181965947151,0.03557569161057472,-0.034180693328380585,-0.07672744244337082,0.0785752385854721,-0.32893267273902893,-0.31745100021362305,0.648598313331604,-0.9538900852203369,-0.025090090930461884,0.5611218214035034,-0.2660403251647949
1749033592.562729,1.094903826713562,-2.35292448619985,1.7234600226031702,2.8971234995075683,-2.409679953251974,5.4249162673950195,-0.04547318443655968,0.035702839493751526,-0.03570428118109703,-0.07474033534526825,0.0797346979379654,-0.3257560431957245,-0.3473675847053528,0.6375138163566589,-0.935383141040802,-0.037609487771987915,0.5374212861061096,-0.2577641010284424
1749033592.5627666,1.0948189496994019,-2.3528720341124476,1.723372761403219,2.8969990450092773,-2.4095597902881067,5.424250602722168,-0.04581531137228012,0.03461775556206703,-0.0364372655749321,-0.0764913484454155,0.07846985012292862,-0.32313308119773865,-0.3526104986667633,0.6494780778884888,-0.9195287227630615,-0.009599462151527405,0.5539373755455017,-0.2744530141353607
1749033592.5628037,1.0947158336639404,-2.3527690372862757,1.7233007589923304,2.8968550401875,-2.4094043413745325,5.423637390136719,-0.045623768121004105,0.03382406756281853,-0.03620721027255058,-0.07545902580022812,0.076298788189888,-0.3214252293109894,-0.3527669608592987,0.6897926926612854,-0.9261258840560913,-0.03714631497859955,0.5509954690933228,-0.30566030740737915
1749033592.562841,1.094658613204956,-2.3526932201781214,1.7232320944415491,2.8966523843952636,-2.409229103718893,5.4230217933654785,-0.04676283523440361,0.03576062619686127,-0.03614269942045212,-0.07817806303501129,0.07803795486688614,-0.3234928250312805,-0.3512099087238312,0.6458079218864441,-0.9306540489196777,-0.017346270382404327,0.5606063604354858,-0.3500021696090698
1749033592.562878,1.09458589553833,-2.352659841577047,1.7231600920306605,2.896500750178955,-2.4090774695025843,5.422362327575684,-0.04749550297856331,0.03497494012117386,-0.035882484167814255,-0.07811851054430008,0.07918623089790344,-0.3280474543571472,-0.34021663665771484,0.6508565545082092,-0.9210306406021118,-0.0020483583211898804,0.5714124441146851,-0.3317906856536865
1749033592.5629146,1.0944900512695312,-2.352584024468893,1.7230880896197718,2.8963214594074707,-2.408914629613058,5.4216718673706055,-0.04736490547657013,0.03482586890459061,-0.03605440631508827,-0.07399564981460571,0.07920154929161072,-0.3317033052444458,-0.32870957255363464,0.6748297214508057,-0.915128767490387,-0.024214565753936768,0.5680844783782959,-0.3239890933036804
1749033592.562951,1.094421625137329,-2.352558752099508,1.7230079809771937,2.896181269282959,-2.4087699095355433,5.420976638793945,-0.04768771305680275,0.03582041710615158,-0.036158476024866104,-0.07361368834972382,0.08029302954673767,-0.3318319022655487,-0.3520238399505615,0.652113676071167,-0.9266647696495056,-0.056739430874586105,0.5832465887069702,-0.32196563482284546
1749033592.5629885,1.094421625137329,-2.352558752099508,1.7230079809771937,2.896181269282959,-2.4087699095355433,5.420976638793945,-0.04768771305680275,0.03582041710615158,-0.036158476024866104,-0.07361368834972382,0.08029302954673767,-0.3318319022655487,-0.3520238399505615,0.652113676071167,-0.9266647696495056,-0.056739430874586105,0.5832465887069702,-0.32196563482284546
1749033592.5630245,1.0942403078079224,-2.3524047336974085,1.7229445616351526,2.8959943491169433,-2.4085682074176233,5.420290470123291,-0.049145810306072235,0.03640777990221977,-0.036054641008377075,-0.07403454929590225,0.08076858520507812,-0.3352031111717224,-0.35496264696121216,0.6815564632415771,-0.919410228729248,-0.046090446412563324,0.5738033056259155,-0.3204967975616455
1749033592.5630627,1.094075083732605,-2.352307458917135,1.7227957884417933,2.8956987100788574,-2.4082756678210657,5.418936252593994,-0.050797056406736374,0.035636961460113525,-0.035629067569971085,-0.07493100315332413,0.08230672031641006,-0.34819021821022034,-0.32753559947013855,0.6754277348518372,-0.9365119338035583,-0.050312187522649765,0.5709624290466309,-0.28989607095718384
1749033592.5630999,1.0939594507217407,-2.3522359333434046,1.7227137724505823,2.895543261165283,-2.4080892244922083,5.418253421783447,-0.04994470626115799,0.036211106926202774,-0.03568160906434059,-0.07554174214601517,0.08270440250635147,-0.3495352268218994,-0.35088562965393066,0.663608193397522,-0.9428864121437073,-0.053264036774635315,0.5720956921577454,-0.2611466944217682
1749033592.5631368,1.093879222869873,-2.352159639398092,1.7226446310626429,2.8954149919697265,-2.407929245625631,5.417529106140137,-0.04830548167228699,0.03651495277881622,-0.036405760794878006,-0.07716108113527298,0.08313081413507462,-0.34890052676200867,-0.3361636996269226,0.6783609986305237,-0.9316224455833435,-0.056241899728775024,0.5704061388969421,-0.25401005148887634
1749033592.5631733,1.093802571296692,-2.3520952663817347,1.722576920186178,2.8952247339436035,-2.4077380339251917,5.416873455047607,-0.049354925751686096,0.03636561706662178,-0.035782892256975174,-0.07840830832719803,0.08325722068548203,-0.3465796411037445,-0.32795432209968567,0.6834118366241455,-0.9292191863059998,-0.03504644334316254,0.5814992785453796,-0.2835230827331543
1749033592.5637212,1.0936980247497559,-2.3520032368102015,1.7224891821490687,2.8950883585163574,-2.407597366963522,5.416158676147461,-0.05043930187821388,0.03628361225128174,-0.036817651242017746,-0.07943853735923767,0.08446315675973892,-0.346627414226532,-0.35204386711120605,0.6719582676887512,-0.943587601184845,-0.04460194706916809,0.5557073950767517,-0.30811795592308044
1749033592.5657024,1.0935600996017456,-2.351943632165426,1.7224209944354456,2.8949014383503417,-2.4074109236346644,5.415463447570801,-0.05092596262693405,0.03651292249560356,-0.037705548107624054,-0.08095216006040573,0.08442527800798416,-0.34916064143180847,-0.3049074709415436,0.6706273555755615,-0.9004656672477722,-0.04432946443557739,0.5474169850349426,-0.2978931665420532
1749033592.6062813,1.0934834480285645,-2.3518668613829554,1.7223570982562464,2.8947836595722656,-2.407231871281759,5.414761066436768,-0.0478082038462162,0.03702595829963684,-0.03615989163517952,-0.08220378309488297,0.08493497967720032,-0.35156041383743286,-0.36453887820243835,0.6654407978057861,-0.9268635511398315,-0.036005035042762756,0.5585271716117859,-0.29811760783195496
1749033592.606327,1.0933787822723389,-2.351737161675924,1.7222889105426233,2.894604368800781,-2.4070053736316126,5.414033889770508,-0.050117991864681244,0.03664014860987663,-0.03610239550471306,-0.08228106796741486,0.08438897132873535,-0.34995171427726746,-0.32972365617752075,0.6642852425575256,-0.9465336203575134,-0.02622757852077484,0.5711618661880493,-0.29670509696006775
1749033592.606368,1.093263864517212,-2.351715227166647,1.722201172505514,2.8944293695637207,-2.40684158006777,5.41331672668457,-0.05072309076786041,0.036991097033023834,-0.03744221106171608,-0.08102382719516754,0.0856759324669838,-0.3516297936439514,-0.35368096828460693,0.6762012243270874,-0.9367308020591736,-0.03198800981044769,0.5783080458641052,-0.30955320596694946
1749033592.6064076,1.0932027101516724,-2.3516627750792445,1.7221415678607386,2.8942810732075195,-2.406678024922506,5.4126434326171875,-0.05054982379078865,0.03699606657028198,-0.03828407824039459,-0.08549845963716507,0.08690856397151947,-0.35506272315979004,-0.3483541011810303,0.6681482195854187,-0.9073901176452637,-0.033596791326999664,0.5540184378623962,-0.3248477578163147
1749033592.6064458,1.0930522680282593,-2.351582189599508,1.7220504919635218,2.894094629878662,-2.406454388295309,5.411899089813232,-0.05152833089232445,0.037010710686445236,-0.03774794936180115,-0.08612225204706192,0.08482354879379272,-0.3614914119243622,-0.34215784072875977,0.6680643558502197,-0.9205795526504517,0.00199766899459064,0.5546576976776123,-0.2985753118991852
1749033592.6064842,1.0929630994796753,-2.351490636865133,1.7219894568072718,2.893942041988037,-2.406330410634176,5.411159515380859,-0.0514339879155159,0.037121955305337906,-0.037938158959150314,-0.0824773833155632,0.08472549170255661,-0.3629409372806549,-0.32883381843566895,0.6844649910926819,-0.9366399049758911,-0.023694263771176338,0.5779100656509399,-0.26584392786026
1749033592.606528,1.092855453491211,-2.351414819756979,1.7219017187701624,2.893782778377197,-2.40615159669985,5.410427093505859,-0.05196654424071312,0.03722528740763664,-0.03779945895075798,-0.08128143846988678,0.08447466790676117,-0.36145922541618347,-0.3171570301055908,0.6896252036094666,-0.9357419013977051,-0.06695336848497391,0.5719172358512878,-0.2576111853122711
1749033592.6065671,1.092740535736084,-2.3513390026488246,1.7218611876117151,2.8936068254658203,-2.4060145060168665,5.409694194793701,-0.05111692100763321,0.03730100393295288,-0.03729478269815445,-0.0828772634267807,0.0865040048956871,-0.3612457811832428,-0.3359416127204895,0.6960453987121582,-0.9475175142288208,-0.05982033163309097,0.5594913959503174,-0.28132715821266174
1749033592.606605,1.092636227607727,-2.3512584171690882,1.7217353026019495,2.8934241968342285,-2.4058268705951136,5.409059524536133,-0.05053770914673805,0.037836961448192596,-0.039321959018707275,-0.0861358717083931,0.08776389807462692,-0.3624979257583618,-0.3704606592655182,0.7034552097320557,-0.9442653059959412,-0.022406786680221558,0.5928654074668884,-0.32936927676200867
1749033592.6066427,1.0925400257110596,-2.3511797390379847,1.721642796193258,2.893256350154541,-2.4056370894061487,5.408319473266602,-0.05175480619072914,0.03809892013669014,-0.04038184881210327,-0.0869227945804596,0.08635520935058594,-0.36456936597824097,-0.3475366234779358,0.6929348111152649,-0.8993657231330872,-0.011452540755271912,0.5732181072235107,-0.3209186792373657
1749033592.6066804,1.092463493347168,-2.3510905704894007,1.7215870062457483,2.8930880266376953,-2.4055007139789026,5.407543659210205,-0.0512331984937191,0.038776297122240067,-0.03997538238763809,-0.08283889293670654,0.08551742881536484,-0.3679344952106476,-0.326034814119339,0.6952895522117615,-0.9149965643882751,-0.04154036194086075,0.601559579372406,-0.2993340492248535
1749033592.6067183,1.0923312902450562,-2.3510505161681117,1.721518341694967,2.8929125505634765,-2.4053059259997767,5.406830787658691,-0.051485542207956314,0.038434915244579315,-0.03990274295210838,-0.0835815817117691,0.08814814686775208,-0.36894071102142334,-0.34885603189468384,0.6820265054702759,-0.9190053939819336,-0.05951850861310959,0.5884355902671814,-0.29987967014312744
1749033592.606755,1.0922391414642334,-2.350943227807516,1.7214463392840784,2.892726107234619,-2.405083243046896,5.406059741973877,-0.05152205750346184,0.03877038136124611,-0.04001722112298012,-0.08580479770898819,0.09110932052135468,-0.3698533773422241,-0.3570546805858612,0.7056511044502258,-0.9115319848060608,-0.05899837613105774,0.5887488722801208,-0.32894206047058105
1749033592.6067953,1.0921905040740967,-2.3508902988829554,1.7213662306415003,2.8925463396259765,-2.4049223105060022,5.405339241027832,-0.05110689625144005,0.03999323770403862,-0.04020935297012329,-0.08749238401651382,0.09102783352136612,-0.3748718202114105,-0.37535470724105835,0.701064944267273,-0.8979693055152893,-0.0260072760283947,0.5679329633712769,-0.3068864941596985
1749033592.6068335,1.0920552015304565,-2.3508063755431117,1.7212751547442835,2.8923508363911132,-2.4047866503344935,5.404575347900391,-0.05073441565036774,0.039200153201818466,-0.04061025753617287,-0.08663402497768402,0.09249413013458252,-0.3780176639556885,-0.3745633363723755,0.6871659159660339,-0.9124695062637329,-0.04070912301540375,0.5730777978897095,-0.2883671522140503
1749033592.606871,1.0919163227081299,-2.350733896295065,1.7211945692645472,2.8921872812458496,-2.404560391102926,5.40382194519043,-0.05397854372859001,0.040079087018966675,-0.040611643344163895,-0.08722598850727081,0.093645840883255,-0.3805972635746002,-0.31932488083839417,0.6756159067153931,-0.9073249697685242,-0.024633226916193962,0.5707001090049744,-0.2953498959541321
1749033592.6069078,1.091808795928955,-2.3506223164000453,1.721114460621969,2.89203850805249,-2.4043684641467493,5.403034687042236,-0.053113728761672974,0.04003124311566353,-0.040446579456329346,-0.08714205026626587,0.0949159488081932,-0.37966692447662354,-0.3331782817840576,0.6711879968643188,-0.8960533142089844,-0.023526862263679504,0.5511882305145264,-0.2977379560470581
1749033592.6069448,1.0917284488677979,-2.3505498371519984,1.7209885756122034,2.8918205934711914,-2.4041999022113245,5.402348041534424,-0.05228806659579277,0.04171726480126381,-0.04028071090579033,-0.08723551779985428,0.0954490527510643,-0.37910196185112,-0.36784374713897705,0.6676456928253174,-0.9174873232841492,-0.03385038673877716,0.552469789981842,-0.320200115442276
1749033592.6069822,1.0916039943695068,-2.3505097828307093,1.7209199110614222,2.8916446405598144,-2.4039552847491663,5.401566982269287,-0.053481511771678925,0.04078518971800804,-0.03966498747467995,-0.08760274946689606,0.09467389434576035,-0.38078203797340393,-0.37435922026634216,0.6859556436538696,-0.9102565050125122,-0.039019398391246796,0.5765880346298218,-0.3311077654361725
1749033592.6070197,1.0914925336837769,-2.350393911401266,1.7208588759051722,2.8915116029926757,-2.403818194066183,5.400752067565918,-0.0561460442841053,0.03948476165533066,-0.04073327034711838,-0.08959248661994934,0.09659913182258606,-0.38310956954956055,-0.33882030844688416,0.7000294923782349,-0.9040408730506897,-0.031501829624176025,0.5579136610031128,-0.3016048073768616
1749033592.6076376,1.091400384902954,-2.350325723687643,1.7207792440997522,2.891317053432129,-2.403599564229147,5.399988174438477,-0.052730366587638855,0.041690997779369354,-0.04022195190191269,-0.09093816578388214,0.09733383357524872,-0.3843133747577667,-0.3438778519630432,0.6780156493186951,-0.9124503135681152,-0.0326007604598999,0.5280121564865112,-0.32357853651046753
1749033592.6097233,1.0912961959838867,-2.3502103290953578,1.720715347920553,2.891152544612549,-2.403395954762594,5.3992462158203125,-0.05345726013183594,0.04151129350066185,-0.04075894504785538,-0.09038698673248291,0.09346850216388702,-0.3869378864765167,-0.39159509539604187,0.680667519569397,-0.9090443253517151,-0.026477552950382233,0.5566074848175049,-0.3582935333251953
1749033592.65029,1.0911798477172852,-2.35012211422109,1.7206113974200647,2.890972777003906,-2.403266731892721,5.398484706878662,-0.055582694709300995,0.04372292757034302,-0.04092760756611824,-0.09070974588394165,0.09342011064291,-0.39151903986930847,-0.35819345712661743,0.6658456325531006,-0.9030856490135193,-0.022487349808216095,0.5845102071762085,-0.33262380957603455
1749033592.6503358,1.091055989265442,-2.3500853977599085,1.7205308119403284,2.8907744127460937,-2.403071943913595,5.397642612457275,-0.05515667796134949,0.043069202452898026,-0.041071873158216476,-0.09269443154335022,0.09407655894756317,-0.39549732208251953,-0.3353111445903778,0.6407981514930725,-0.907629668712616,-0.030163589864969254,0.567945122718811,-0.28875091671943665
1749033592.6503756,1.0909409523010254,-2.3499814472594203,1.7204483191119593,2.8905865389057617,-2.402849260960714,5.39680290222168,-0.05520603433251381,0.04143596440553665,-0.041294559836387634,-0.09459885209798813,0.0952896848320961,-0.3966687023639679,-0.34112101793289185,0.6669893860816956,-0.9019349813461304,-0.003266506362706423,0.5832540392875671,-0.27393752336502075
1749033592.650414,1.0908762216567993,-2.3498741588988246,1.720379654561178,2.8904101091572265,-2.402665440236227,5.396040916442871,-0.056159358471632004,0.04285655543208122,-0.04151356592774391,-0.09129761904478073,0.09328124672174454,-0.3949408233165741,-0.357552707195282,0.6676347255706787,-0.9047918319702148,-0.023427462205290794,0.581389844417572,-0.28739815950393677
1749033592.650452,1.0907248258590698,-2.3498016796507777,1.7202995459186,2.890192671413086,-2.4025326410876673,5.395241737365723,-0.05662662163376808,0.04351121187210083,-0.04136895760893822,-0.0915711298584938,0.09157213568687439,-0.3932279348373413,-0.34587493538856506,0.6444535851478577,-0.9112515449523926,-0.03545434772968292,0.6069210767745972,-0.31275540590286255
1749033592.6504912,1.0906239748001099,-2.3497172794737757,1.7202308813678187,2.8900200563618164,-2.4022632280932825,5.3944878578186035,-0.05708429217338562,0.0435572974383831,-0.0405658595263958,-0.09234410524368286,0.09384395182132721,-0.3937947452068329,-0.34616953134536743,0.655998170375824,-0.9208204746246338,-0.032738566398620605,0.5919482707977295,-0.326853483915329
1749033592.6505294,1.0905125141143799,-2.3496490917601527,1.7201159636126917,2.8898321825214843,-2.4020758310901087,5.393657207489014,-0.057674918323755264,0.04344390705227852,-0.04066038504242897,-0.09441108256578445,0.09691012650728226,-0.395808607339859,-0.32321691513061523,0.6700576543807983,-0.9298826456069946,-0.037310048937797546,0.5740198493003845,-0.30483150482177734
1749033592.6505666,1.0904203653335571,-2.349565168420309,1.720043961201803,2.8896729189106445,-2.401872221623556,5.392879962921143,-0.0571313239634037,0.043674517422914505,-0.042531389743089676,-0.09532571583986282,0.096592016518116,-0.3980746865272522,-0.34450745582580566,0.6743674874305725,-0.9215801954269409,-0.014029599726200104,0.5814664959907532,-0.31161853671073914
1749033592.6506038,1.0902847051620483,-2.3494535885252894,1.7199838797198694,2.8894693094440917,-2.401649300252096,5.392080783843994,-0.05756792053580284,0.04364277049899101,-0.042000364512205124,-0.09102551639080048,0.09713251888751984,-0.4010794758796692,-0.3765525221824646,0.6608738899230957,-0.9182242155075073,-0.02658417820930481,0.5706608891487122,-0.32912683486938477
1749033592.6506412,1.0902190208435059,-2.34936585048818,1.71987229982485,2.8893019396015625,-2.4014580885516565,5.391256809234619,-0.057626593858003616,0.04380323365330696,-0.04004523158073425,-0.0913340151309967,0.09775814414024353,-0.40336155891418457,-0.349702388048172,0.6880079507827759,-0.9315343499183655,-0.04575170949101448,0.574696958065033,-0.33911848068237305
1749033592.650678,1.0900676250457764,-2.349332471887106,1.7198084036456507,2.8891255098530273,-2.4012587706195276,5.390406608581543,-0.056939106434583664,0.04600215330719948,-0.04116475582122803,-0.09278211742639542,0.09805991500616074,-0.4045160412788391,-0.3667853772640228,0.6558570265769958,-0.9371654391288757,-0.06583059579133987,0.5793994665145874,-0.3041127622127533
1749033592.6507158,1.0899244546890259,-2.3492046795287074,1.7197321097003382,2.8889657694050292,-2.4010823408709925,5.3896403312683105,-0.06000278890132904,0.04258928820490837,-0.04184265062212944,-0.09366730600595474,0.09868642687797546,-0.40633565187454224,-0.3391767144203186,0.6435874700546265,-0.9462217688560486,-0.05435175076127052,0.5895218253135681,-0.29629021883010864
1749033592.6507535,1.0898206233978271,-2.349116941491598,1.719644848500387,2.888747377986572,-2.4008875528918665,5.3887858390808105,-0.05800095945596695,0.042831458151340485,-0.04320404306054115,-0.09515872597694397,0.09870034456253052,-0.4080592095851898,-0.33534204959869385,0.6759264469146729,-0.9331601858139038,-0.05522987246513367,0.5883632302284241,-0.3227151334285736
1749033592.6507907,1.089715838432312,-2.349043985406393,1.7195490042315882,2.8885747629353027,-2.4006648699389856,5.388012409210205,-0.05601153150200844,0.043331682682037354,-0.04358430951833725,-0.09614246338605881,0.0997505933046341,-0.40954551100730896,-0.3589988350868225,0.6899725198745728,-0.9139598608016968,-0.0497664138674736,0.5612266659736633,-0.3445400893688202
1749033592.6508274,1.0895661115646362,-2.3489228687682093,1.7194927374469202,2.8883678156086425,-2.4004536310779017,5.387210369110107,-0.056951675564050674,0.04547494649887085,-0.04111573100090027,-0.0980343297123909,0.1013326346874237,-0.414766788482666,-0.3929089307785034,0.6571148633956909,-0.9494355916976929,-0.03598594665527344,0.5634525418281555,-0.30095595121383667
1749033592.6508653,1.0894807577133179,-2.3488384685912074,1.719405476246969,2.8881918626972656,-2.400292698537008,5.386387825012207,-0.06067773699760437,0.04543348029255867,-0.04175349324941635,-0.09880422055721283,0.10279842466115952,-0.4159615635871887,-0.32248181104660034,0.6403933167457581,-0.9797421097755432,-0.03905335068702698,0.5596408247947693,-0.279352605342865
1749033592.6509023,1.0893765687942505,-2.348769327203268,1.719297234212057,2.8879968362995605,-2.4000187555896204,5.385520935058594,-0.05770618095993996,0.04367372393608093,-0.04250948503613472,-0.09929854422807693,0.10302392393350601,-0.41785672307014465,-0.3588930666446686,0.658309817314148,-0.9612838625907898,-0.046890467405319214,0.567364513874054,-0.31827059388160706
1749033592.6509397,1.0892672538757324,-2.348680635491842,1.7192142645465296,2.8877741533466796,-2.3998191992389124,5.384681701660156,-0.05911342054605484,0.04468321055173874,-0.04284849390387535,-0.1009768471121788,0.10192493349313736,-0.4223734140396118,-0.31991899013519287,0.6649606823921204,-0.9680026173591614,-0.04961760342121124,0.5460337400436401,-0.305452436208725
1749033592.6509762,1.0892672538757324,-2.348680635491842,1.7192142645465296,2.8877741533466796,-2.3998191992389124,5.384681701660156,-0.05911342054605484,0.04468321055173874,-0.04284849390387535,-0.1009768471121788,0.10192493349313736,-0.4223734140396118,-0.31991899013519287,0.6649606823921204,-0.9680026173591614,-0.04961760342121124,0.5460337400436401,-0.305452436208725
1749033592.6510134,1.089119553565979,-2.34859623531484,1.7191570440875452,2.887589617366455,-2.3996174971209925,5.383832931518555,-0.06060868129134178,0.04556550085544586,-0.04254743456840515,-0.10110098123550415,0.10446948558092117,-0.42517349123954773,-0.33532974123954773,0.6530430912971497,-0.9831740856170654,-0.05174461752176285,0.5628092288970947,-0.28718000650405884
1749033592.6516647,1.0888725519180298,-2.3484212360777796,1.7189391295062464,2.887179060573242,-2.399243418370382,5.382109642028809,-0.06037064641714096,0.04492567479610443,-0.04332615062594414,-0.10333432257175446,0.10158730298280716,-0.4228917360305786,-0.32126477360725403,0.6836097836494446,-0.9699997901916504,-0.03400854393839836,0.5569069981575012,-0.3213486969470978
1749033592.653652,1.0887455940246582,-2.3483134708800257,1.7189090887652796,2.8869597154804687,-2.3990605513202112,5.3812737464904785,-0.059671662747859955,0.04515392333269119,-0.04395119845867157,-0.10014036297798157,0.10115976631641388,-0.42156997323036194,-0.32530999183654785,0.6739941835403442,-0.9637647271156311,-0.03826940804719925,0.5662311911582947,-0.3452484905719757
1749033592.6942801,1.0886048078536987,-2.34823002437734,1.718778435383932,2.8867718416401367,-2.3988075892077845,5.3804097175598145,-0.06114942207932472,0.04545167461037636,-0.045435477048158646,-0.10014845430850983,0.10414744168519974,-0.42506662011146545,-0.3259121775627136,0.6606478691101074,-0.9760946035385132,-0.04555641859769821,0.5543638467788696,-0.32554498314857483
1749033592.6943262,1.088516116142273,-2.3481556377806605,1.7187216917621058,2.8865529733845214,-2.3986509482013147,5.379589080810547,-0.060875315219163895,0.046084173023700714,-0.045152898877859116,-0.10417522490024567,0.10550102591514587,-0.4259852468967438,-0.3386381268501282,0.6753163933753967,-0.9786041975021362,-0.0513654425740242,0.5673952102661133,-0.34579676389694214
1749033592.694367,1.0883965492248535,-2.3480593166747035,1.718579117451803,2.8863722521015625,-2.3984108606921595,5.378741264343262,-0.06145332008600235,0.04636681452393532,-0.04524970427155495,-0.10540483146905899,0.10226956009864807,-0.42734891176223755,-0.32989466190338135,0.6419646143913269,-0.9906668066978455,-0.0028723329305648804,0.5921789407730103,-0.3422822952270508
1749033592.6944065,1.0882563591003418,-2.3479629955687464,1.7185419241534632,2.8861653047749023,-2.3981850782977503,5.377884864807129,-0.06138790398836136,0.04603409022092819,-0.046628545969724655,-0.10046924650669098,0.10305217653512955,-0.4334900379180908,-0.3226069509983063,0.6509280800819397,-0.9669098258018494,-0.044269926846027374,0.5904557108879089,-0.32955941557884216
1749033592.6944442,1.0881479978561401,-2.347898145715231,1.7184656302081507,2.885965033168457,-2.398020092641012,5.377005577087402,-0.06184426695108414,0.04567139595746994,-0.04616624116897583,-0.1011025682091713,0.10507752001285553,-0.43789926171302795,-0.31130287051200867,0.6768260598182678,-0.9661821126937866,-0.04288214445114136,0.583183765411377,-0.2941243648529053
1749033592.6944869,1.0879930257797241,-2.3477875194945277,1.718334976826803,2.885742350215576,-2.397801224385397,5.376106262207031,-0.06146612390875816,0.04539782926440239,-0.04735953360795975,-0.10195646435022354,0.1078704446554184,-0.4395882189273834,-0.32305559515953064,0.681621789932251,-0.9564119577407837,-0.04805929213762283,0.5782848596572876,-0.27456995844841003
1749033592.694525,1.0878769159317017,-2.3476954899229945,1.7182582060443323,2.885547323817871,-2.3975635210620325,5.375245571136475,-0.061167992651462555,0.04601476714015007,-0.05029498040676117,-0.10120590031147003,0.10823166370391846,-0.4362112283706665,-0.30544692277908325,0.6723819971084595,-0.9231178760528564,-0.042950380593538284,0.5582597851753235,-0.31960004568099976
1749033592.6945622,1.0877768993377686,-2.347595354119772,1.7181461493121546,2.885394259090088,-2.397303883229391,5.374424934387207,-0.0620853491127491,0.04784784093499184,-0.04739180579781532,-0.10180168598890305,0.1091073751449585,-0.43514615297317505,-0.3395690321922302,0.6612697839736938,-0.9603646397590637,-0.056245893239974976,0.5653561353683472,-0.3425806760787964
1749033592.694599,1.0876610279083252,-2.347515722314352,1.718050781880514,2.885140581721924,-2.3971548716174524,5.373533725738525,-0.06303276121616364,0.045268312096595764,-0.047831274569034576,-0.10169875621795654,0.10852137953042984,-0.4360789656639099,-0.29155275225639343,0.6769202947616577,-0.9493491053581238,-0.053805895149707794,0.5699824094772339,-0.32543694972991943
1749033592.6946359,1.0875012874603271,-2.347412248651022,1.7179473082171839,2.884936495418213,-2.3969035784350794,5.372625350952148,-0.05963665992021561,0.04616003856062889,-0.048536233603954315,-0.10190144181251526,0.11339827626943588,-0.4350975751876831,-0.3718860149383545,0.6818959712982178,-0.9598026275634766,-0.057097144424915314,0.5451813340187073,-0.34445255994796753
1749033592.6946723,1.0873966217041016,-2.347288747827047,1.7178905645953577,2.8847405153461914,-2.3966622988330286,5.371766567230225,-0.06062160059809685,0.04690958559513092,-0.05059418827295303,-0.1035839393734932,0.1114358901977539,-0.4368564188480377,-0.3690589964389801,0.6650190353393555,-0.9294230341911316,-0.041306912899017334,0.5255952477455139,-0.3629031181335449
1749033592.694709,1.0872728824615479,-2.347222944299215,1.7177756468402308,2.8845249849506835,-2.3964770475970667,5.370885372161865,-0.06365181505680084,0.04709835723042488,-0.04929859936237335,-0.10458887368440628,0.10777008533477783,-0.44466158747673035,-0.3278437852859497,0.6698951125144958,-0.9250898361206055,-0.045266807079315186,0.5412684679031372,-0.3624541461467743
1749033592.6947458,1.0871449708938599,-2.347104688683981,1.7176478544818323,2.8843247133442382,-2.396250073109762,5.369990348815918,-0.05916339531540871,0.047491781413555145,-0.04662967100739479,-0.10478627681732178,0.10688940435647964,-0.4506474733352661,-0.3361804783344269,0.6820051074028015,-0.9608115553855896,-0.0496671125292778,0.5694079995155334,-0.3138500452041626
1749033592.6947823,1.0870637893676758,-2.3470312557616175,1.7175710836993616,2.884059115047119,-2.396034065877096,5.369072914123535,-0.06113029271364212,0.04651718959212303,-0.04847992956638336,-0.10583579540252686,0.11100166290998459,-0.45178067684173584,-0.35607612133026123,0.6790412068367004,-0.9414100050926208,-0.043127283453941345,0.5415359735488892,-0.2585054934024811
1749033592.6948187,1.0869046449661255,-2.3469282589354457,1.7174719015704554,2.8838788706013183,-2.395806614552633,5.368189334869385,-0.06308341026306152,0.046767763793468475,-0.04900350794196129,-0.1039351299405098,0.10948584973812103,-0.4470618963241577,-0.33532971143722534,0.693615198135376,-0.9423254728317261,-0.04468996450304985,0.5309141278266907,-0.3178621530532837
1749033592.6948552,1.0867538452148438,-2.3468786678709925,1.7173870245562952,2.8836747842976074,-2.3955772558795374,5.3673095703125,-0.06350582093000412,0.046497683972120285,-0.048606231808662415,-0.10553256422281265,0.10616400837898254,-0.4451127052307129,-0.3068082332611084,0.6814659237861633,-0.9436463117599487,-0.06851512938737869,0.5772935152053833,-0.37095487117767334
1749033592.6948917,1.086625337600708,-2.3467585049071253,1.7173064390765589,2.883478804225586,-2.3953970114337366,5.366382122039795,-0.06312402337789536,0.04753342270851135,-0.049333930015563965,-0.10406457632780075,0.10670331120491028,-0.4491671919822693,-0.3434262275695801,0.7187261581420898,-0.937697172164917,-0.042102884501218796,0.5758299827575684,-0.36098411679267883
1749033592.6949282,1.0865014791488647,-2.346659322778219,1.7171719709979456,2.8832403856464843,-2.3951543013202112,5.365485668182373,-0.06368591636419296,0.04786132276058197,-0.04948614165186882,-0.10207714140415192,0.10791132599115372,-0.45140784978866577,-0.33984002470970154,0.6915232539176941,-0.9348369836807251,-0.06456082314252853,0.5704095363616943,-0.3346574306488037
1749033592.6949646,1.0863540172576904,-2.3465544186034144,1.7170799414264124,2.8830525118061523,-2.3949692885028284,5.364574432373047,-0.0641683042049408,0.046782031655311584,-0.04958609864115715,-0.10183481872081757,0.10830069333314896,-0.45127829909324646,-0.31286391615867615,0.6746011972427368,-0.9371702075004578,-0.0756082832813263,0.5841871500015259,-0.358354389667511
1749033592.6950014,1.0862534046173096,-2.3464819393553675,1.716980282460348,2.882833166713379,-2.3947106043445032,5.363611698150635,-0.0639876201748848,0.04682745411992073,-0.04932047426700592,-0.10570180416107178,0.1087644100189209,-0.45871561765670776,-0.31266623735427856,0.6937481760978699,-0.9339086413383484,-0.06586764752864838,0.5824880003929138,-0.33947083353996277
1749033592.6956828,1.0861250162124634,-2.3463837109007777,1.7169035116778772,2.8826486307331542,-2.3945661226855677,5.362731456756592,-0.0633602887392044,0.04884307086467743,-0.049592725932598114,-0.10449175536632538,0.11035773158073425,-0.4598844647407532,-0.3317619264125824,0.6923941969871521,-0.9490832686424255,-0.043057918548583984,0.5875816941261292,-0.2962098717689514
1749033592.697644,1.08597731590271,-2.346274038354391,1.7167919317828577,2.882398768062256,-2.394320074711935,5.3617777824401855,-0.063130684196949,0.04639500752091408,-0.04993027076125145,-0.10111166536808014,0.11324253678321838,-0.45757678151130676,-0.34171780943870544,0.7222838401794434,-0.9224752187728882,-0.10780103504657745,0.5506814122200012,-0.30738118290901184
1749033592.7423155,1.0858769416809082,-2.3461820087828578,1.7166889349566858,2.8821794229694824,-2.394088331853048,5.360910892486572,-0.06312131881713867,0.046504635363817215,-0.049387168139219284,-0.10373194515705109,0.11405859887599945,-0.45462360978126526,-0.3370094895362854,0.7375033497810364,-0.9280132055282593,-0.08262750506401062,0.5673619508743286,-0.3574887216091156
1749033592.7423627,1.0857303142547607,-2.346097608605856,1.7165969053851526,2.8819991785236816,-2.3938613573657435,5.359980583190918,-0.06545790284872055,0.04712113365530968,-0.048836782574653625,-0.10547079145908356,0.1153421700000763,-0.45675650238990784,-0.3273008167743683,0.7312923073768616,-0.942402720451355,-0.07628501951694489,0.577613353729248,-0.372040718793869
1749033592.7424026,1.0856053829193115,-2.3460170231261195,1.716485325490133,2.881767435664795,-2.393623177205221,5.359044075012207,-0.06243136525154114,0.049896080046892166,-0.050313808023929596,-0.10608423501253128,0.11724575608968735,-0.46080324053764343,-0.37283188104629517,0.7009502649307251,-0.9348875880241394,-0.07394024729728699,0.5782944560050964,-0.33695119619369507
1749033592.7424414,1.0855014324188232,-2.3459330997862757,1.7163932959186,2.88155905782666,-2.3934226671801966,5.358112812042236,-0.06399493664503098,0.05040903761982918,-0.051158592104911804,-0.10819216072559357,0.11707068234682083,-0.46137192845344543,-0.34647464752197266,0.6795988082885742,-0.93348228931427,-0.06065243482589722,0.5539755821228027,-0.3681573271751404
1749033592.742479,1.0853489637374878,-2.345806737939352,1.7163046042071741,2.8813249307819824,-2.3931918779956263,5.357142448425293,-0.06792070716619492,0.0473809540271759,-0.05102819204330444,-0.10874688625335693,0.11638680100440979,-0.46461284160614014,-0.32210540771484375,0.7242953181266785,-0.9160481691360474,-0.05797503888607025,0.5813398957252502,-0.3881453573703766
1749033592.7425175,1.0851972103118896,-2.34569849590444,1.7162087599383753,2.8810745912739257,-2.3929246107684534,5.356265068054199,-0.06495248526334763,0.05014840140938759,-0.05023707076907158,-0.10845162719488144,0.11581534892320633,-0.4722183644771576,-0.3164311647415161,0.7239359021186829,-0.9240367412567139,-0.08971503376960754,0.5557613968849182,-0.3388630747795105
1749033592.7425547,1.0850776433944702,-2.3456136188902796,1.7160537878619593,2.8808700281330566,-2.392736260090963,5.355273723602295,-0.06501495093107224,0.05062374100089073,-0.050130363553762436,-0.10922807455062866,0.11959536373615265,-0.4753800630569458,-0.3502874970436096,0.704174816608429,-0.9306007623672485,-0.07925978302955627,0.5616785883903503,-0.29935747385025024
1749033592.7425919,1.0849733352661133,-2.345490118066305,1.7159736792193812,2.8806235033222656,-2.3924546877490442,5.354333400726318,-0.06399614363908768,0.05067940428853035,-0.05343984067440033,-0.11021046340465546,0.11889363080263138,-0.4728201627731323,-0.370555579662323,0.6793085932731628,-0.9070638418197632,-0.05954746901988983,0.5589629411697388,-0.31501489877700806
1749033592.7426286,1.0848251581192017,-2.345390935937399,1.7158849875079554,2.8804351526447753,-2.3922181765185755,5.353358745574951,-0.06608808785676956,0.05042795464396477,-0.05117284134030342,-0.11253636330366135,0.11527740210294724,-0.472821444272995,-0.332437127828598,0.6979416608810425,-0.9165958166122437,-0.03950456157326698,0.5699818730354309,-0.3378601372241974
1749033592.7426662,1.0847047567367554,-2.3453012905516566,1.7157772223102015,2.88021103918042,-2.3919759432422083,5.3524346351623535,-0.06529320776462555,0.04991909861564636,-0.05084073543548584,-0.10942353308200836,0.11427413672208786,-0.47388482093811035,-0.3596268594264984,0.710972785949707,-0.9238976240158081,-0.04637926071882248,0.5700690746307373,-0.32318538427352905
1749033592.7427032,1.0845496654510498,-2.3452049694456996,1.7156499067889612,2.880011721248291,-2.391763989125387,5.35151481628418,-0.06490255892276764,0.05236213654279709,-0.05107860639691353,-0.1089501827955246,0.11908149719238281,-0.47342509031295776,-0.3543793261051178,0.693360447883606,-0.9292634725570679,-0.1000317707657814,0.5608091950416565,-0.3592711091041565
1749033592.7427397,1.0844138860702515,-2.3450900516905726,1.715550724660055,2.8797527986713867,-2.3915324846850794,5.350539207458496,-0.06510669738054276,0.051836706697940826,-0.05352470278739929,-0.10946094989776611,0.11648295819759369,-0.47543296217918396,-0.3593937158584595,0.6647287011146545,-0.9201288223266602,-0.10232265293598175,0.5696095824241638,-0.36621612310409546
1749033592.7427769,1.0842580795288086,-2.344985147515768,1.7154267469989222,2.879537268275879,-2.3912859598742884,5.349582195281982,-0.06580927968025208,0.05024006962776184,-0.05238276720046997,-0.11443854123353958,0.11619099229574203,-0.4814620018005371,-0.35870683193206787,0.7258734107017517,-0.9059213399887085,-0.06383151561021805,0.5848404765129089,-0.34576424956321716
1749033592.7428145,1.084122896194458,-2.3449045620360316,1.7153504530536097,2.8793412882038574,-2.391109053288595,5.348630428314209,-0.06619089096784592,0.05072955787181854,-0.04997827485203743,-0.1114020124077797,0.11823006719350815,-0.48733317852020264,-0.34274789690971375,0.7023531794548035,-0.9415768384933472,-0.0647815465927124,0.5856635570526123,-0.28399378061294556
1749033592.742851,1.084025502204895,-2.3447843990721644,1.7152426878558558,2.879094286555908,-2.390827719365255,5.347620487213135,-0.06652767956256866,0.052981019020080566,-0.051307596266269684,-0.11132363975048065,0.12107883393764496,-0.4856153726577759,-0.34982526302337646,0.7007853388786316,-0.9382153749465942,-0.0662587583065033,0.557741641998291,-0.2961616516113281
1749033592.742888,1.083865761756897,-2.344673296014303,1.715146843587057,2.878866358394287,-2.390576426182882,5.346690654754639,-0.06718822568655014,0.052467554807662964,-0.05195334926247597,-0.11332684755325317,0.1211545392870903,-0.4825989305973053,-0.34565478563308716,0.6771387457847595,-0.9168904423713684,-0.05971810966730118,0.5663098692893982,-0.3448390066623688
1749033592.7429373,1.08371102809906,-2.3445803127684535,1.7150700728045862,2.8786589342304687,-2.390337053929464,5.345758438110352,-0.06774823367595673,0.049156688153743744,-0.05186716467142105,-0.11385330557823181,0.12082049250602722,-0.48431745171546936,-0.3607836663722992,0.7335330247879028,-0.9074709415435791,-0.0699615329504013,0.5546059608459473,-0.3213772475719452
1749033592.7429767,1.0835669040679932,-2.3444529972472132,1.714978043233053,2.8784209924885253,-2.3900309244738978,5.34469747543335,-0.06665298342704773,0.051533933728933334,-0.051935695111751556,-0.11273179203271866,0.12517519295215607,-0.4853595793247223,-0.32119885087013245,0.7152196168899536,-0.9129685163497925,-0.08005176484584808,0.5222713351249695,-0.3381321430206299
1749033592.7430148,1.0834851264953613,-2.3443833790221156,1.7148626486407679,2.8781964021870117,-2.389834467564718,5.343780517578125,-0.06991159915924072,0.05167250707745552,-0.0518416166305542,-0.11317506432533264,0.12243548780679703,-0.4862108826637268,-0.3371102213859558,0.6745778322219849,-0.9239312410354614,-0.08964453637599945,0.5298213362693787,-0.3807050585746765
1749033592.7430525,1.083322525024414,-2.344259878198141,1.7147663275348108,2.877922220821045,-2.3896191755877894,5.342840671539307,-0.06732174009084702,0.05177352577447891,-0.05260951817035675,-0.11383777856826782,0.12142468243837357,-0.49195143580436707,-0.3480533957481384,0.7168007493019104,-0.9269988536834717,-0.08102141320705414,0.5309677720069885,-0.35007065534591675
1749033592.743089,1.0831940174102783,-2.3441482983031214,1.7146742979632776,2.8777453142353515,-2.3893490473376673,5.3418731689453125,-0.06694120913743973,0.051959458738565445,-0.0533154159784317,-0.11493735015392303,0.12234197556972504,-0.49636420607566833,-0.3836272656917572,0.7211621403694153,-0.9192315340042114,-0.08452178537845612,0.5422839522361755,-0.33624106645584106
1749033592.7431257,1.0830657482147217,-2.344017644921774,1.7145822683917444,2.8775054651447753,-2.38912016550173,5.3408379554748535,-0.07033031433820724,0.05274509638547897,-0.05383071303367615,-0.11597665399312973,0.12377028912305832,-0.49850010871887207,-0.35517996549606323,0.7017809748649597,-0.9026699066162109,-0.09248703718185425,0.5172036290168762,-0.34125983715057373
1749033592.7436798,1.0829060077667236,-2.3439351520934046,1.7144549528705042,2.8772474962421875,-2.3888359705554407,5.339845180511475,-0.06892812997102737,0.05276971682906151,-0.053151801228523254,-0.1165139228105545,0.11829984188079834,-0.49750542640686035,-0.3305952548980713,0.6905844807624817,-0.9107462763786316,-0.07467108219861984,0.5570016503334045,-0.3389587104320526
1749033592.7456806,1.082727313041687,-2.3437682590880335,1.7143281141864222,2.8770081239887695,-2.3886385599719446,5.338888645172119,-0.06966747343540192,0.05346905440092087,-0.053310200572013855,-0.1159326359629631,0.11853469908237457,-0.5012863278388977,-0.3641277849674225,0.6678822040557861,-0.9186017513275146,-0.08920352160930634,0.5665462017059326,-0.3125419616699219
1749033592.7863111,1.0826537609100342,-2.343696256677145,1.714255158101217,2.876803084010742,-2.388402525578634,5.33784294128418,-0.07027362287044525,0.05365321785211563,-0.05246720463037491,-0.1129603460431099,0.11764276027679443,-0.5012785196304321,-0.3270637094974518,0.682765007019043,-0.9306627511978149,-0.10795535147190094,0.5786383748054504,-0.3356490731239319
1749033592.7863576,1.0824668407440186,-2.343595167199606,1.7141311804400843,2.8765756326862792,-2.3881710211383265,5.336869716644287,-0.07118821144104004,0.053701791912317276,-0.05499313026666641,-0.11738274991512299,0.11894458532333374,-0.502078115940094,-0.3302222192287445,0.701115608215332,-0.9059067368507385,-0.09896261990070343,0.5793953537940979,-0.37218937277793884
1749033592.7864006,1.0823004245758057,-2.3434835873045863,1.7140043417560022,2.876305266017578,-2.387951199208395,5.3358306884765625,-0.07066817581653595,0.05394136905670166,-0.05440814048051834,-0.11552531272172928,0.12073686718940735,-0.5065667033195496,-0.328564316034317,0.668537437915802,-0.887643575668335,-0.09462892264127731,0.5709248781204224,-0.3502233326435089
1749033592.7864392,1.0822135210037231,-2.3434068165221156,1.7139275709735315,2.876077814693115,-2.3876431624041956,5.334784030914307,-0.07025360316038132,0.054520055651664734,-0.051811207085847855,-0.11463931947946548,0.12224210798740387,-0.5089288353919983,-0.3419189751148224,0.6838105320930481,-0.9457972049713135,-0.07836183905601501,0.569009006023407,-0.3072859048843384
1749033592.786478,1.082066297531128,-2.3432795010008753,1.7138198057757776,2.875830813045166,-2.3874343077289026,5.333725452423096,-0.06961476802825928,0.05412546172738075,-0.05221264064311981,-0.11499100923538208,0.12366866320371628,-0.5094772577285767,-0.36223793029785156,0.6776432991027832,-0.9366040825843811,-0.118507981300354,0.5755658745765686,-0.3385487198829651
1749033592.7865186,1.0818595886230469,-2.343186994592184,1.7137206236468714,2.8756419855305175,-2.3871942202197474,5.332735538482666,-0.06967112421989441,0.05449305474758148,-0.055402785539627075,-0.12034580856561661,0.12500132620334625,-0.5091564655303955,-0.3679148554801941,0.6547372341156006,-0.9138678908348083,-0.08664722740650177,0.5570628643035889,-0.32322797179222107
1749033592.7865672,1.0817312002182007,-2.343039651910299,1.7136128584491175,2.875368281001709,-2.386932436619894,5.331689357757568,-0.06871826201677322,0.054272010922431946,-0.05468136817216873,-0.11740480363368988,0.12587584555149078,-0.5097686648368835,-0.37346312403678894,0.690382719039917,-0.9120370149612427,-0.09204795956611633,0.5679454803466797,-0.3249058723449707
1749033592.7866068,1.0816187858581543,-2.342950483361715,1.7135236899005335,2.875119848842285,-2.3866706530200403,5.330662250518799,-0.07167693227529526,0.054649192839860916,-0.05233750492334366,-0.11809935420751572,0.12616242468357086,-0.5092213153839111,-0.34070634841918945,0.6561195850372314,-0.95944744348526,-0.09749297797679901,0.5844787359237671,-0.32188597321510315
1749033592.786644,1.0814793109893799,-2.342823167840475,1.7133968512164515,2.874861403102539,-2.3864381949054163,5.329649925231934,-0.06908606737852097,0.05401560291647911,-0.05444561690092087,-0.11958594620227814,0.12484715133905411,-0.5107560753822327,-0.3731093108654022,0.6689918041229248,-0.9550547003746033,-0.07076621055603027,0.5886694192886353,-0.3415687084197998
1749033592.786682,1.081373929977417,-2.342706342736715,1.7133010069476526,2.8746601778217773,-2.3861995379077356,5.32862663269043,-0.06982243061065674,0.053574997931718826,-0.05539104714989662,-0.12105698138475418,0.12502990663051605,-0.5114569067955017,-0.38859379291534424,0.6925557255744934,-0.9351198077201843,-0.07512427866458893,0.5833982229232788,-0.33724766969680786
1749033592.7867186,1.0812269449234009,-2.3426348171629847,1.7131617704974573,2.8744098383137207,-2.385951821004049,5.327610969543457,-0.07448071986436844,0.05417056009173393,-0.05455326661467552,-0.1217898353934288,0.12482928484678268,-0.5129914283752441,-0.34013113379478455,0.6904038190841675,-0.930353581905365,-0.07158704102039337,0.6030607223510742,-0.33554619550704956
1749033592.7867558,1.0810600519180298,-2.3425022564330042,1.7130416075335901,2.8741823869892578,-2.38569146791567,5.3265557289123535,-0.0705944374203682,0.055519066751003265,-0.05598714202642441,-0.12150361388921738,0.12944619357585907,-0.5141031742095947,-0.39069581031799316,0.6979594230651855,-0.9311789274215698,-0.10222548246383667,0.582091212272644,-0.35424208641052246
1749033592.7867928,1.0809072256088257,-2.34240259746694,1.7129533926593226,2.8739468294331054,-2.385409418736593,5.325599193572998,-0.0718993991613388,0.0542294904589653,-0.05687422677874565,-0.11990077048540115,0.13012143969535828,-0.5150047540664673,-0.3805941045284271,0.7059992551803589,-0.9114542603492737,-0.10960084199905396,0.568915843963623,-0.36632752418518066
1749033592.7868292,1.0807756185531616,-2.3422943554320277,1.7128337065326136,2.8736912447163085,-2.385157887135641,5.324525356292725,-0.07248401641845703,0.056332238018512726,-0.0561961829662323,-0.12494738399982452,0.12770164012908936,-0.5200161933898926,-0.3982284665107727,0.6521872282028198,-0.9167765378952026,-0.0797688215970993,0.5909683704376221,-0.3285617232322693
1749033592.7868664,1.0806351900100708,-2.342178007165426,1.7126978079425257,2.873455687160156,-2.384941641484396,5.323460578918457,-0.07285679876804352,0.05578433349728584,-0.05642356351017952,-0.12370536476373672,0.12837308645248413,-0.5221606492996216,-0.38254767656326294,0.6586249470710754,-0.9303584694862366,-0.08743254095315933,0.5587443709373474,-0.35760679841041565
1749033592.7869031,1.0804632902145386,-2.34202303508901,1.7126091162311,2.8732005792805175,-2.384627882634298,5.322404384613037,-0.0725923478603363,0.053806159645318985,-0.056735455989837646,-0.12267310172319412,0.13147155940532684,-0.5258565545082092,-0.383533775806427,0.6852672100067139,-0.9253091812133789,-0.0904950201511383,0.562237024307251,-0.3525157570838928
1749033592.7869399,1.0803343057632446,-2.3419720135130824,1.7124980131732386,2.872933550471924,-2.384415928517477,5.321369171142578,-0.07335304468870163,0.054576482623815536,-0.05686761066317558,-0.12464789301156998,0.12795916199684143,-0.5287736058235168,-0.3880171477794647,0.6827445030212402,-0.9208056330680847,-0.09351401776075363,0.5799456834793091,-0.2940863370895386
1749033592.7869766,1.0801866054534912,-2.341837068597311,1.7123850027667444,2.872689886684082,-2.384159866963522,5.3202996253967285,-0.0735340416431427,0.05705760791897774,-0.05673722177743912,-0.12710434198379517,0.12985892593860626,-0.5279021859169006,-0.34817641973495483,0.643808126449585,-0.9223167896270752,-0.05598558485507965,0.5998790264129639,-0.3105716109275818
1749033592.787013,1.080026626586914,-2.3417097530760707,1.7123082319842737,2.8724381166645507,-2.383885924016134,5.319226264953613,-0.0742068886756897,0.055068157613277435,-0.056273914873600006,-0.12511038780212402,0.13151803612709045,-0.5252671837806702,-0.3663891553878784,0.6914017796516418,-0.9177794456481934,-0.06267841160297394,0.5822192430496216,-0.3407871425151825
1749033592.7870495,1.079906940460205,-2.34159054378652,1.7121813933001917,2.8721672731586914,-2.3836451212512415,5.318174839019775,-0.07415661215782166,0.053785841912031174,-0.0556878000497818,-0.1253798007965088,0.13377873599529266,-0.5270882248878479,-0.3690917193889618,0.7152780294418335,-0.9214320778846741,-0.0580754280090332,0.5559490323066711,-0.33455145359039307
1749033592.7876425,1.0797420740127563,-2.3414775333800257,1.7120426336871546,2.8719193178364257,-2.38335091272463,5.317138195037842,-0.07428216934204102,0.057043857872486115,-0.05483907833695412,-0.12478947639465332,0.13401955366134644,-0.5271646976470947,-0.35861194133758545,0.6770123243331909,-0.9556016325950623,-0.05806650221347809,0.5624594688415527,-0.33854109048843384
1749033592.7896156,1.0795754194259644,-2.3413731060423792,1.7119620482074183,2.8716837602802734,-2.3830843607531946,5.31605863571167,-0.07410434633493423,0.05515361204743385,-0.05681450664997101,-0.1239716187119484,0.13645954430103302,-0.5286363363265991,-0.3690453767776489,0.6892473697662354,-0.9312573075294495,-0.0570925697684288,0.5408304929733276,-0.3802005648612976
1749033592.8343134,1.0794583559036255,-2.3412844143309535,1.711870018635885,2.8714286524006347,-2.3828490416156214,5.315026760101318,-0.07407655566930771,0.05453292280435562,-0.05479942634701729,-0.12368889898061752,0.1324993371963501,-0.5356388688087463,-0.41098663210868835,0.708967924118042,-0.9496397972106934,-0.08397913724184036,0.5736357569694519,-0.3755081593990326
1749033592.8343596,1.0793182849884033,-2.341138025323385,1.7117112318622034,2.8711930948444824,-2.3825810591327112,5.313875198364258,-0.07404712587594986,0.05552465468645096,-0.05433875694870949,-0.12304757535457611,0.131777822971344,-0.5405449271202087,-0.3905658423900604,0.6822406053543091,-0.9703246355056763,-0.06619948148727417,0.5723447203636169,-0.2965380549430847
1749033592.8344014,1.079193115234375,-2.341056009332174,1.7116144339190882,2.8709489542194824,-2.382301632558004,5.312841892242432,-0.07571802288293839,0.054174553602933884,-0.05525313317775726,-0.12311825901269913,0.13557523488998413,-0.5410720705986023,-0.3862232565879822,0.6992433071136475,-0.9713583588600159,-0.08561927080154419,0.5580977201461792,-0.32460927963256836
1749033592.8344402,1.0789988040924072,-2.340901037255758,1.7115185896502894,2.870701952571533,-2.382019583378927,5.311732292175293,-0.07325225323438644,0.0567111112177372,-0.05830661207437515,-0.1234605684876442,0.13003800809383392,-0.5384106040000916,-0.40771153569221497,0.692657470703125,-0.9514650702476501,-0.09127917885780334,0.5752243995666504,-0.3519914448261261
1749033592.8344796,1.0788697004318237,-2.3408242664732875,1.7114108244525355,2.870434446925781,-2.3817649523364466,5.310706615447998,-0.07634342461824417,0.05584289878606796,-0.05625477433204651,-0.12527304887771606,0.12965646386146545,-0.5372244119644165,-0.4130684435367584,0.6693743467330933,-0.9699231386184692,-0.07805804908275604,0.5706633925437927,-0.33632874488830566
1749033592.8345196,1.078671932220459,-2.340691705743307,1.7112715880023401,2.8702103334614257,-2.381512467061178,5.309599876403809,-0.07654363662004471,0.05431443452835083,-0.05726350098848343,-0.1277017593383789,0.12952589988708496,-0.5371101498603821,-0.3652769923210144,0.7260829210281372,-0.9765680432319641,-0.07924600690603256,0.5790581703186035,-0.3536229133605957
1749033592.8345568,1.0785512924194336,-2.34057678798818,1.7111709753619593,2.869936152095459,-2.3812182585345667,5.308493614196777,-0.0760718509554863,0.05518750101327896,-0.05774594843387604,-0.128119558095932,0.1307758092880249,-0.5428653955459595,-0.3835586607456207,0.7030554413795471,-0.9781097769737244,-0.0817902684211731,0.5913357138633728,-0.41037851572036743
1749033592.834594,1.0783984661102295,-2.340468545953268,1.711067024861471,2.8696881967731933,-2.380986038838522,5.307436466217041,-0.07731834799051285,0.05803607404232025,-0.059605371206998825,-0.12908242642879486,0.13281017541885376,-0.5483494997024536,-0.36485788226127625,0.6797998547554016,-0.9452540874481201,-0.1013198122382164,0.5974874496459961,-0.32378482818603516
1749033592.834631,1.0782233476638794,-2.340328355828756,1.7109001318561,2.8694559770771484,-2.380712095891134,5.306330680847168,-0.0777234435081482,0.05720097944140434,-0.05983119085431099,-0.13203562796115875,0.13449881970882416,-0.549633264541626,-0.3919623792171478,0.6807155013084412,-0.953565776348114,-0.06076750159263611,0.5870106220245361,-0.3114825487136841
1749033592.8346684,1.0780835151672363,-2.3402472935118617,1.7108081022845667,2.8691765505024414,-2.380425039921896,5.30524206161499,-0.07738778740167618,0.05662807449698448,-0.059535980224609375,-0.12930642068386078,0.1360594630241394,-0.5471606254577637,-0.3838357925415039,0.6956442594528198,-0.9488669037818909,-0.07491809129714966,0.5943850874900818,-0.36890482902526855
1749033592.8347058,1.0778924226760864,-2.3401433430113734,1.7106955687152308,2.8689090448566894,-2.3801615873919886,5.304099082946777,-0.07715670764446259,0.059163641184568405,-0.05884121358394623,-0.12978887557983398,0.13620862364768982,-0.5480303764343262,-0.38566282391548157,0.6669557094573975,-0.9567205905914307,-0.079591765999794,0.5876427292823792,-0.3499106466770172
1749033592.8347423,1.0777519941329956,-2.3400031528868617,1.710552994404928,2.868645353908203,-2.3798938433276575,5.302984714508057,-0.07812390476465225,0.05919060483574867,-0.05927344411611557,-0.13450317084789276,0.1365864872932434,-0.5481997728347778,-0.3937550485134125,0.6547955870628357,-0.9458610415458679,-0.05976958945393562,0.5918277502059937,-0.36560070514678955
1749033592.834779,1.0776188373565674,-2.339879652062887,1.710433308278219,2.868401213283203,-2.379646126423971,5.301916122436523,-0.07839703559875488,0.059435293078422546,-0.05915325880050659,-0.13071513175964355,0.1374061107635498,-0.5484451651573181,-0.3866863250732422,0.669701337814331,-0.9472811818122864,-0.05841138958930969,0.5565482974052429,-0.4163822829723358
1749033592.8348157,1.0774556398391724,-2.339779039422506,1.7103412787066858,2.8681065279194335,-2.379343573247091,5.300821781158447,-0.07964726537466049,0.05957987904548645,-0.059714410454034805,-0.13082008063793182,0.13784928619861603,-0.5573648810386658,-0.3619093596935272,0.651418924331665,-0.9339271187782288,-0.054780151695013046,0.5578382611274719,-0.3519471287727356
1749033592.8348527,1.0772758722305298,-2.3396359882750453,1.7101777235614222,2.8678743082233886,-2.3790648619281214,5.299676418304443,-0.07733425498008728,0.05996125936508179,-0.06047237664461136,-0.13125884532928467,0.1345416009426117,-0.5571520328521729,-0.41237911581993103,0.6604865193367004,-0.9525429010391235,-0.05345460772514343,0.5761525630950928,-0.33911222219467163
1749033592.834889,1.077112078666687,-2.3395477734007777,1.7101014296161097,2.8675829607197265,-2.3787651697741907,5.298564434051514,-0.07986753433942795,0.061662208288908005,-0.06027080491185188,-0.13126711547374725,0.13727298378944397,-0.5561885237693787,-0.4036218523979187,0.6515181660652161,-0.947950005531311,-0.06938445568084717,0.5726048946380615,-0.3977372348308563
1749033592.8349257,1.0769988298416138,-2.339430948297018,1.7099769751178187,2.8673621851154785,-2.378533665333883,5.29744815826416,-0.0768733099102974,0.059125758707523346,-0.062092043459415436,-0.13181230425834656,0.13266250491142273,-0.5581426620483398,-0.37952926754951477,0.678036630153656,-0.9393227100372314,-0.06222718954086304,0.5990864038467407,-0.39882171154022217
1749033592.834962,1.0768009424209595,-2.339322706262106,1.7098186651812952,2.867095633144043,-2.378265682850973,5.296348571777344,-0.07729300111532211,0.059020619839429855,-0.062339238822460175,-0.13070382177829742,0.13121116161346436,-0.5607344508171082,-0.42727699875831604,0.6825684309005737,-0.9244505763053894,-0.07396861910820007,0.6030598282814026,-0.3656991720199585
1749033592.8349986,1.0767018795013428,-2.339159151116842,1.7097304503070276,2.866780920619629,-2.377925459538595,5.295221328735352,-0.07799416780471802,0.059095293283462524,-0.061227619647979736,-0.13450121879577637,0.13434848189353943,-0.5635281801223755,-0.41025400161743164,0.661571741104126,-0.9349161982536316,-0.06474023312330246,0.602021336555481,-0.3965575397014618
1749033592.8350348,1.0764884948730469,-2.3390561542906703,1.7096102873431605,2.866524859065674,-2.377650324498312,5.2940826416015625,-0.07908704876899719,0.059242866933345795,-0.061437252908945084,-0.13051804900169373,0.13319949805736542,-0.5702934861183167,-0.4128698408603668,0.6957942843437195,-0.9340920448303223,-0.08752323687076569,0.6124308109283447,-0.36263972520828247
1749033592.8350718,1.0763485431671143,-2.338943143884176,1.7094939390765589,2.866264982814453,-2.3774145285235804,5.2929463386535645,-0.07778285443782806,0.05961418151855469,-0.06415349990129471,-0.13154500722885132,0.13251295685768127,-0.5717583894729614,-0.40752458572387695,0.6754025220870972,-0.9158424139022827,-0.08142302930355072,0.6447079181671143,-0.2925015389919281
1749033592.8351076,1.076164722442627,-2.338853975335592,1.7093623320208948,2.8659893709370117,-2.377153221760885,5.291830539703369,-0.0795791745185852,0.06031017377972603,-0.06162461265921593,-0.13712169229984283,0.13528983294963837,-0.5712850093841553,-0.41805368661880493,0.6643843650817871,-0.9121198654174805,-0.043073080480098724,0.6421926021575928,-0.3497251570224762
1749033592.8356242,1.0760399103164673,-2.338710924188131,1.709207836781637,2.865710421199463,-2.376850668584005,5.290660381317139,-0.08102715015411377,0.06040940806269646,-0.06159782037138939,-0.13469764590263367,0.13870978355407715,-0.5726922750473022,-0.3964645564556122,0.6922263503074646,-0.9438729286193848,-0.04704875499010086,0.6197421550750732,-0.36367103457450867
1749033592.8376667,1.0758832693099976,-2.338578840295309,1.7091262976275843,2.865492983455322,-2.3765905539142054,5.289525985717773,-0.08181226253509521,0.06104062497615814,-0.06219199299812317,-0.1343287229537964,0.14105959236621857,-0.5732243061065674,-0.40919652581214905,0.6693555116653442,-0.9173521399497986,-0.04792426526546478,0.6127814054489136,-0.34615859389305115
1749033592.878289,1.075727105140686,-2.33847775081777,1.708963696156637,2.8652102190205078,-2.3762763182269495,5.288375377655029,-0.08240882307291031,0.061118800193071365,-0.06131601706147194,-0.13354624807834625,0.14350180327892303,-0.5737289786338806,-0.37081068754196167,0.6768083572387695,-0.9301093816757202,-0.04100068658590317,0.6068733930587769,-0.3744906187057495
1749033592.8783357,1.0755326747894287,-2.3383804760374964,1.7088401953326624,2.8649160104938964,-2.3760040442096155,5.287178993225098,-0.0808248519897461,0.06034308299422264,-0.061415620148181915,-0.13259246945381165,0.14786767959594727,-0.5790596604347229,-0.39440739154815674,0.6999861598014832,-0.9387320876121521,-0.06353029608726501,0.5490093231201172,-0.34735384583473206
1749033592.8783774,1.0753607749938965,-2.3382379017271937,1.708731476460592,2.864668055171631,-2.375685516987936,5.286045551300049,-0.0805373415350914,0.059313636273145676,-0.06123853474855423,-0.13199341297149658,0.14447800815105438,-0.5815006494522095,-0.39275670051574707,0.7097722887992859,-0.9346226453781128,-0.08693554997444153,0.5639067888259888,-0.29852351546287537
1749033592.878417,1.0752276182174683,-2.3381058178343714,1.708592716847555,2.8644234377094726,-2.3753777186023157,5.284891128540039,-0.08096674084663391,0.06237921863794327,-0.0615609772503376,-0.13268829882144928,0.14273953437805176,-0.5815111398696899,-0.4069826602935791,0.6649619936943054,-0.9290871620178223,-0.06481707841157913,0.5688446164131165,-0.33760154247283936
1749033592.8784559,1.0750716924667358,-2.3379889927306117,1.7084758917437952,2.8641716676899414,-2.3751025835620325,5.283749103546143,-0.08149369806051254,0.059363458305597305,-0.06145867332816124,-0.1330287605524063,0.14369846880435944,-0.5812389254570007,-0.43721508979797363,0.703731894493103,-0.9376615285873413,-0.09490146487951279,0.5494360327720642,-0.33649641275405884
1749033592.8784943,1.0748686790466309,-2.3378340206541957,1.708325211201803,2.8638650613972167,-2.3748276869403284,5.282560348510742,-0.08279815316200256,0.05945689231157303,-0.061749495565891266,-0.13428278267383575,0.14004452526569366,-0.5815933346748352,-0.36708909273147583,0.7181800007820129,-0.9227908849716187,-0.07326008379459381,0.5611492991447449,-0.35360288619995117
1749033592.878534,1.0747288465499878,-2.337698598901266,1.7081745306598108,2.8635894495197753,-2.3745132128344935,5.281372547149658,-0.08119712769985199,0.06319452822208405,-0.06208887696266174,-0.13764417171478271,0.1398310661315918,-0.5807101726531982,-0.4080566167831421,0.6804999709129333,-0.928148627281189,-0.07176719605922699,0.579262912273407,-0.4043348729610443
1749033592.8785722,1.0745676755905151,-2.3375936947264613,1.7080772558795374,2.8633171755024414,-2.374260727559225,5.280238628387451,-0.08436718583106995,0.06427571177482605,-0.06313726305961609,-0.13783866167068481,0.13930153846740723,-0.5868337154388428,-0.395251989364624,0.631421685218811,-0.9252805113792419,-0.06846044957637787,0.5936477780342102,-0.3710339069366455
1749033592.8786101,1.0743770599365234,-2.337465902368063,1.707972828541891,2.8630105692097167,-2.373981539403097,5.279095649719238,-0.08096620440483093,0.06105617433786392,-0.06314082443714142,-0.1378539800643921,0.1386444866657257,-0.5892000794410706,-0.4353349804878235,0.691914975643158,-0.9298005104064941,-0.06439728289842606,0.60704106092453,-0.3444809913635254
1749033592.878648,1.0742093324661255,-2.3373452625670375,1.7077983061419886,2.862727327937744,-2.373725477849142,5.277867317199707,-0.08276946097612381,0.06254643946886063,-0.06509439647197723,-0.13670475780963898,0.1393488198518753,-0.5902789235115051,-0.38004860281944275,0.6891412734985352,-0.9057733416557312,-0.07347826659679413,0.6230241060256958,-0.3632548451423645
1749033592.8786855,1.0740602016448975,-2.3372284374632777,1.7076943556415003,2.862459822291992,-2.3734331766711634,5.276723861694336,-0.08269451558589935,0.06274239718914032,-0.06535733491182327,-0.13897308707237244,0.14081653952598572,-0.5916900038719177,-0.429050087928772,0.6863542795181274,-0.8699402809143066,-0.06412509083747864,0.6177141070365906,-0.3605518937110901
1749033592.8787222,1.0738885402679443,-2.33707394222402,1.707573715840475,2.8621794420429687,-2.3731473127948206,5.275561332702637,-0.08320843428373337,0.06323102116584778,-0.06268461048603058,-0.1379643976688385,0.14233797788619995,-0.5933057069778442,-0.3977847397327423,0.6646547317504883,-0.9182464480400085,-0.052899591624736786,0.6006981134414673,-0.3388267755508423
1749033592.8787596,1.0737590789794922,-2.33695711712026,1.707442585621969,2.8619062143513183,-2.372894350682394,5.274352550506592,-0.0834394246339798,0.06262098252773285,-0.06250733882188797,-0.1364026814699173,0.14398980140686035,-0.593989372253418,-0.4246649146080017,0.6850667595863342,-0.9217133522033691,-0.07698624581098557,0.6142950654029846,-0.39500606060028076
1749033592.8787966,1.073572039604187,-2.3368126354613246,1.7073310057269495,2.8616439539143066,-2.3725691477404993,5.273120403289795,-0.08360520005226135,0.06258513778448105,-0.06497526168823242,-0.14078374207019806,0.1452498435974121,-0.5980871319770813,-0.37618038058280945,0.6752212047576904,-0.9120289087295532,-0.03787200152873993,0.6013319492340088,-0.3396313190460205
1749033592.878834,1.0733850002288818,-2.3367086849608363,1.7072065512286585,2.8613807398029785,-2.372312609349386,5.271945476531982,-0.08735190331935883,0.063413105905056,-0.06220234930515289,-0.1374714970588684,0.14432337880134583,-0.5971930623054504,-0.3662433922290802,0.6776119470596313,-0.919214129447937,-0.047615595161914825,0.6000827550888062,-0.3346490263938904
1749033592.8788707,1.0732320547103882,-2.3366157017149867,1.707090202962057,2.8611251550861816,-2.371970240269796,5.270658016204834,-0.08503564447164536,0.06407776474952698,-0.06234245374798775,-0.13636498153209686,0.14648641645908356,-0.5969576835632324,-0.3997747600078583,0.6384017467498779,-0.9275614023208618,-0.07159043848514557,0.6343023777008057,-0.3570917248725891
1749033592.8789077,1.0730763673782349,-2.336468359033102,1.706982437764303,2.860832853908203,-2.3716521898852747,5.269522666931152,-0.08510204404592514,0.06160306930541992,-0.06370744854211807,-0.13590873777866364,0.1446886956691742,-0.598593533039093,-0.41931724548339844,0.7001046538352966,-0.9228436350822449,-0.09433935582637787,0.6030884981155396,-0.32293352484703064
1749033592.8789449,1.0729628801345825,-2.3363081417479457,1.7068198362933558,2.8605777460285644,-2.3714028040515345,5.268313884735107,-0.08436883985996246,0.061927635222673416,-0.06338615715503693,-0.13765224814414978,0.14219911396503448,-0.5975194573402405,-0.3852655589580536,0.702823281288147,-0.9075604677200317,-0.0963752418756485,0.6450365781784058,-0.34655603766441345
1749033592.878981,1.0727126598358154,-2.3362041912474574,1.7067034880267542,2.860255404109619,-2.3711350599872034,5.2671122550964355,-0.08441830426454544,0.06513453274965286,-0.06264106929302216,-0.1372976452112198,0.1458735316991806,-0.5980947017669678,-0.4123362898826599,0.6528245210647583,-0.9188288450241089,-0.10082560777664185,0.6068015098571777,-0.37187546491622925
1749033592.879018,1.0727126598358154,-2.3362041912474574,1.7067034880267542,2.860255404109619,-2.3711350599872034,5.2671122550964355,-0.08441830426454544,0.06513453274965286,-0.06264106929302216,-0.1372976452112198,0.1458735316991806,-0.5980947017669678,-0.4123362898826599,0.6528245210647583,-0.9188288450241089,-0.10082560777664185,0.6068015098571777,-0.37187546491622925
1749033592.8797002,1.0725646018981934,-2.3360330067076625,1.706571404133932,2.859985514278076,-2.3708122412311,5.265888214111328,-0.0857744812965393,0.061258330941200256,-0.0629737377166748,-0.1453193575143814,0.1456044316291809,-0.5986788868904114,-0.41809460520744324,0.7113369107246399,-0.9442288875579834,-0.07352229952812195,0.6303397417068481,-0.3505909740924835
1749033592.8816688,1.0721855163574219,-2.3358036480345667,1.7063010374652308,2.8594156938740234,-2.3702104727374476,5.2634687423706055,-0.08668211102485657,0.06313889473676682,-0.06462284177541733,-0.14341804385185242,0.14895445108413696,-0.6021141409873962,-0.38006582856178284,0.6871049404144287,-0.9329667091369629,-0.05245852470397949,0.6140696406364441,-0.3852793276309967
1749033592.9222949,1.0720252990722656,-2.3356758556761683,1.7061694304095667,2.859121008510254,-2.369934622441427,5.262310981750488,-0.08713781088590622,0.06238682568073273,-0.06445490568876266,-0.14738403260707855,0.1521642655134201,-0.6045215725898743,-0.3888557255268097,0.7065571546554565,-0.9236104488372803,-0.02157522737979889,0.5869455933570862,-0.3316572904586792
1749033592.9223416,1.0718371868133545,-2.3355285129942835,1.7060254255877894,2.8588167864033203,-2.3696234861956995,5.2610955238342285,-0.08771099150180817,0.0629795640707016,-0.0637006014585495,-0.14267651736736298,0.15129169821739197,-0.6056332588195801,-0.34600165486335754,0.6870530843734741,-0.921599805355072,-0.04400020092725754,0.5849091410636902,-0.3774959444999695
1749033592.922383,1.0716849565505981,-2.3354317150511683,1.7058938185321253,2.8585359293171386,-2.3693161646472376,5.259853839874268,-0.08731101453304291,0.06242167949676514,-0.06301291286945343,-0.14231468737125397,0.15086492896080017,-0.6081857085227966,-0.3576720058917999,0.6849014163017273,-0.9301488995552063,-0.046019695699214935,0.5809954404830933,-0.3718397319316864
1749033592.9224231,1.0715047121047974,-2.3352753124632777,1.7057464758502405,2.858245535487793,-2.368985716496603,5.258662700653076,-0.08623059093952179,0.06237780302762985,-0.06508275866508484,-0.14114540815353394,0.15507158637046814,-0.6109568476676941,-0.36265408992767334,0.7175145745277405,-0.9151912927627563,-0.043851517140865326,0.5732513666152954,-0.32386496663093567
1749033592.9224615,1.0713022947311401,-2.335167547265524,1.7056382338153284,2.857973261470459,-2.368727986012594,5.257425785064697,-0.0849233940243721,0.06261809170246124,-0.06211865320801735,-0.1411929428577423,0.1489749699831009,-0.6084920763969421,-0.4101901054382324,0.6870408058166504,-0.9393423199653625,-0.059072479605674744,0.5853621363639832,-0.3409721255302429
1749033592.9225001,1.0711719989776611,-2.3350311718382777,1.705522362385885,2.857724829311035,-2.36841851869692,5.256195545196533,-0.08568498492240906,0.06378494203090668,-0.061662256717681885,-0.13998547196388245,0.14900729060173035,-0.6061234474182129,-0.3808642029762268,0.7036517262458801,-0.9795299768447876,-0.06649158149957657,0.59709632396698,-0.36098018288612366
1749033592.9225388,1.0710006952285767,-2.3349033794798792,1.705390755330221,2.857433958644531,-2.368082348500387,5.254924297332764,-0.08636470139026642,0.06420678645372391,-0.06399662047624588,-0.1398400366306305,0.15267805755138397,-0.6058366894721985,-0.36912381649017334,0.6722098588943481,-0.9555047154426575,-0.08465743064880371,0.5631087422370911,-0.3734644651412964
1749033592.9225762,1.0708800554275513,-2.3347746334471644,1.7052400747882288,2.8571550089069824,-2.3678420225726526,5.253733158111572,-0.0885510966181755,0.06499051302671432,-0.06316878646612167,-0.1396292746067047,0.15011097490787506,-0.6074902415275574,-0.3690653443336487,0.6846773028373718,-0.936549186706543,-0.09469455480575562,0.5775033235549927,-0.40888792276382446
1749033592.9226131,1.0707043409347534,-2.334654470483297,1.7051356474505823,2.856891317958496,-2.3675199190722864,5.252523422241211,-0.08645404875278473,0.06494508683681488,-0.06224586442112923,-0.13996073603630066,0.14984387159347534,-0.6145204305648804,-0.37170255184173584,0.6864727139472961,-0.9838729500770569,-0.10852886736392975,0.5660530924797058,-0.3714825212955475
1749033592.922653,1.0705318450927734,-2.334522863427633,1.7050231138812464,2.856613798732422,-2.367211882268087,5.251351833343506,-0.08658910542726517,0.06466411054134369,-0.06383734196424484,-0.141495943069458,0.1497269570827484,-0.6182485818862915,-0.4149874150753021,0.6770638227462769,-0.954859733581543,-0.11778734624385834,0.577912449836731,-0.317719042301178
1749033592.9226909,1.070347785949707,-2.3343783817686976,1.704907242451803,2.856334848994873,-2.3669288794146937,5.250039100646973,-0.08992566913366318,0.06440886110067368,-0.06221923604607582,-0.1439666897058487,0.1496114581823349,-0.6157962083816528,-0.34405648708343506,0.6696850657463074,-0.9799187183380127,-0.11076582968235016,0.593571662902832,-0.3394748270511627
1749033592.922729,1.070152759552002,-2.334226747552389,1.7047870794879358,2.856032057399414,-2.366610113774435,5.248913764953613,-0.08731690794229507,0.06412273645401001,-0.06368478387594223,-0.14604145288467407,0.15008488297462463,-0.616412878036499,-0.41346821188926697,0.6812283992767334,-0.9737603664398193,-0.08393250405788422,0.6059393286705017,-0.3606569766998291
1749033592.9227672,1.0699656009674072,-2.3340984783568324,1.7046359221087855,2.8557512003132324,-2.366331164036886,5.247661590576172,-0.09045761078596115,0.06326813995838165,-0.06411336362361908,-0.1474403589963913,0.1518714427947998,-0.6155929565429688,-0.3486860692501068,0.6952835321426392,-0.9967334270477295,-0.08617188036441803,0.5909759402275085,-0.3810703456401825
1749033592.9228046,1.069792628288269,-2.3339978657164515,1.704500977193014,2.8554178911396484,-2.365988079701559,5.246364593505859,-0.08967148512601852,0.06560344249010086,-0.06467858701944351,-0.15086324512958527,0.15375876426696777,-0.6187235713005066,-0.3557552099227905,0.686049222946167,-0.9794512391090393,-0.05705547332763672,0.5966130495071411,-0.41445180773735046
1749033592.922852,1.06963312625885,-2.3338495693602503,1.7043965498553675,2.855114622707031,-2.365746561680929,5.24517297744751,-0.08980005979537964,0.06484461575746536,-0.06563932448625565,-0.14672401547431946,0.1548565775156021,-0.623178243637085,-0.38452351093292236,0.6617166996002197,-0.9557377696037292,-0.06137801706790924,0.5921021699905396,-0.3403031826019287
1749033592.9228916,1.0694373846054077,-2.3336860142149867,1.704249684010641,2.8548504549213867,-2.365420166646139,5.243923664093018,-0.08984734117984772,0.06424251198768616,-0.06634654849767685,-0.1452956646680832,0.15331587195396423,-0.6242166757583618,-0.36726266145706177,0.6925397515296936,-0.9610981941223145,-0.10371626913547516,0.5761507749557495,-0.34678465127944946
1749033592.9229295,1.0692458152770996,-2.33358158687734,1.7041056791888636,2.8545586305805664,-2.3651283423053187,5.242650985717773,-0.0876009613275528,0.06545492261648178,-0.06699968874454498,-0.14604468643665314,0.15608975291252136,-0.6224566698074341,-0.3582203984260559,0.6989049911499023,-0.9630590081214905,-0.05466783046722412,0.5714839696884155,-0.3658478260040283
1749033592.9229672,1.0691089630126953,-2.3334537945189417,1.7039969603167933,2.854263945216797,-2.364832941685812,5.241408824920654,-0.08663889765739441,0.06787554174661636,-0.06684523820877075,-0.1404225081205368,0.15194179117679596,-0.621523916721344,-0.4063449501991272,0.6296055912971497,-0.9456767439842224,-0.12548604607582092,0.6043024063110352,-0.35373833775520325
1749033592.9230046,1.068874716758728,-2.3332864246764125,1.703846279774801,2.8540074068256835,-2.3644591013537806,5.240175724029541,-0.09024137258529663,0.0638810396194458,-0.06637706607580185,-0.13988904654979706,0.15071238577365875,-0.6208043098449707,-0.3222556710243225,0.7007883191108704,-0.9667147994041443,-0.14789938926696777,0.6005100011825562,-0.392645001411438
1749033592.9230425,1.068756103515625,-2.333177228967184,1.7036946455584925,2.8537279802509765,-2.3641513029681605,5.238851547241211,-0.08583442866802216,0.06573545187711716,-0.06516490876674652,-0.14228034019470215,0.15544100105762482,-0.6266708970069885,-0.42710602283477783,0.6608327627182007,-0.9783348441123962,-0.13535305857658386,0.5548796653747559,-0.3818715214729309
1749033592.9236457,1.068556785583496,-2.333041330377096,1.703574005757467,2.8534409242817382,-2.363870922719137,5.237605094909668,-0.08790545165538788,0.06618095934391022,-0.06731307506561279,-0.14314588904380798,0.15287938714027405,-0.6282786130905151,-0.3822561204433441,0.6448394060134888,-0.9582553505897522,-0.14533858001232147,0.5867021083831787,-0.31535404920578003
1749033592.9256346,1.0684014558792114,-2.3329369030394496,1.7034271399127405,2.853102846736572,-2.36354905763735,5.236392498016357,-0.088177889585495,0.0652059018611908,-0.0663323700428009,-0.14834047853946686,0.1535942107439041,-0.6255936026573181,-0.3756472170352936,0.6872401833534241,-0.9325743317604065,-0.11624270677566528,0.5798320174217224,-0.37524887919425964
1749033592.9663339,1.0681856870651245,-2.3328081570067347,1.7033022085772913,2.852829619044922,-2.3632734457599085,5.235142230987549,-0.08843708038330078,0.06630092859268188,-0.06597253680229187,-0.15181341767311096,0.1546897441148758,-0.6242258548736572,-0.356412798166275,0.6598303318023682,-0.9495906829833984,-0.11403863877058029,0.5794475078582764,-0.3567515015602112
1749033592.9663818,1.0680221319198608,-2.3326603374876917,1.7031787077533167,2.8525025087543945,-2.3629727999316614,5.233888626098633,-0.08844051510095596,0.06662703305482864,-0.06697036325931549,-0.15041770040988922,0.15548783540725708,-0.6229806542396545,-0.37605154514312744,0.6551293730735779,-0.9830338358879089,-0.10111111402511597,0.573660671710968,-0.38195493817329407
1749033592.966423,1.0678424835205078,-2.3325330219664515,1.7030437628375452,2.852191134090088,-2.362654987965719,5.232658863067627,-0.08872156590223312,0.06603960692882538,-0.0696602463722229,-0.15435810387134552,0.1573924571275711,-0.6250591278076172,-0.3823935389518738,0.676906406879425,-0.9288838505744934,-0.06372623145580292,0.5601547956466675,-0.4410611093044281
1749033592.9664621,1.067662239074707,-2.332389017144674,1.7028959433185022,2.8518292146870117,-2.362331215535299,5.23136568069458,-0.08890840411186218,0.0692947655916214,-0.06708164513111115,-0.15335705876350403,0.15769091248512268,-0.6331998109817505,-0.39018169045448303,0.6323397755622864,-0.9449787735939026,-0.05869416892528534,0.5653597116470337,-0.3652871549129486
1749033592.9665012,1.067461609840393,-2.3322845898070277,1.7027366797076624,2.8515593248554687,-2.362023893986837,5.230106830596924,-0.08954314142465591,0.06688069552183151,-0.06831270456314087,-0.15068186819553375,0.1614524871110916,-0.6357320547103882,-0.3761146068572998,0.6397468447685242,-0.949744701385498,-0.036784783005714417,0.521541178226471,-0.3297675848007202
1749033592.9665394,1.0672858953475952,-2.332144399682516,1.702599827443258,2.8512446123310546,-2.361732784901754,5.228818416595459,-0.08998212963342667,0.06580691784620285,-0.0686752125620842,-0.14863714575767517,0.15656405687332153,-0.6338854432106018,-0.36306169629096985,0.6880567669868469,-0.9282171130180359,-0.04045580327510834,0.5398048162460327,-0.3516172468662262
1749033592.9665768,1.0671497583389282,-2.3319770298399867,1.702468220387594,2.8509794908710937,-2.3614128271686,5.2275710105896,-0.08993317186832428,0.0679406002163887,-0.06900638341903687,-0.14647074043750763,0.15273664891719818,-0.6315081119537354,-0.3678012788295746,0.6785598993301392,-0.9128091335296631,-0.06697964668273926,0.5838596224784851,-0.3141263723373413
1749033592.966616,1.0669699907302856,-2.331867834130758,1.7023595015155237,2.8506576257893066,-2.361157242451803,5.226354122161865,-0.08945149928331375,0.06689982861280441,-0.06981609016656876,-0.1432936191558838,0.15475377440452576,-0.6289327144622803,-0.38007286190986633,0.6351401209831238,-0.9082111120223999,-0.09111516177654266,0.5660713911056519,-0.38147851824760437
1749033592.9666536,1.06682550907135,-2.3317319355406703,1.702165428792135,2.8504010873981933,-2.360821310673849,5.225061416625977,-0.08816928416490555,0.06544714421033859,-0.06989191472530365,-0.14266337454319,0.1532789170742035,-0.6321290731430054,-0.40831536054611206,0.6984431743621826,-0.897782564163208,-0.10647303611040115,0.6016518473625183,-0.3877097964286804
1749033592.966695,1.0666649341583252,-2.33160462001943,1.7020257155047815,2.8501335817524414,-2.360499445592062,5.223782062530518,-0.0917372778058052,0.06777369976043701,-0.06983816623687744,-0.14130841195583344,0.1544187217950821,-0.6350833177566528,-0.35439714789390564,0.6381790041923523,-0.8917103409767151,-0.11313597857952118,0.5936853289604187,-0.3249308168888092
1749033592.9667368,1.066437840461731,-2.331479688683981,1.7018502394305628,2.8498117166706542,-2.3601720968829554,5.222512722015381,-0.08646145462989807,0.06683859974145889,-0.06916684657335281,-0.14244207739830017,0.15761971473693848,-0.6346881985664368,-0.4026840925216675,0.6742857694625854,-0.8920456767082214,-0.11908726394176483,0.574018657207489,-0.3205578923225403
1749033592.966776,1.0662846565246582,-2.331339498559469,1.701761547719137,2.8495194154926757,-2.3598721663104456,5.221269130706787,-0.08790633082389832,0.06644873321056366,-0.06715784221887589,-0.14408481121063232,0.15873387455940247,-0.6345131993293762,-0.4232885539531708,0.6748458743095398,-0.9046002626419067,-0.12730230391025543,0.5544285774230957,-0.3275046944618225
1749033592.9668155,1.0660696029663086,-2.33119597057485,1.7016099135028284,2.8492190080830078,-2.3595734278308313,5.220039367675781,-0.08897660672664642,0.06624060124158859,-0.06870361417531967,-0.14589053392410278,0.15820470452308655,-0.6325117945671082,-0.3556120991706848,0.6772626638412476,-0.8841445446014404,-0.10163554549217224,0.5666866302490234,-0.32848304510116577
1749033592.9668524,1.0659018754959106,-2.3311149082579554,1.7014668623553675,2.848923369044922,-2.3592336813556116,5.2187299728393555,-0.08864325284957886,0.0661858320236206,-0.06570195406675339,-0.14622877538204193,0.15725134313106537,-0.629777193069458,-0.39952200651168823,0.6822036504745483,-0.9110218286514282,-0.11643882840871811,0.539673388004303,-0.3845137357711792
1749033592.966889,1.065703272819519,-2.330947538415426,1.7013543287860315,2.848604841823242,-2.35893422762026,5.217541694641113,-0.09032461047172546,0.06640625,-0.0654885321855545,-0.15134240686893463,0.15563012659549713,-0.6324471235275269,-0.38172388076782227,0.6737862825393677,-0.925384521484375,-0.08514335751533508,0.5586056113243103,-0.3265463709831238
1749033592.9669256,1.0655266046524048,-2.330838819543356,1.701207462941305,2.848355455989502,-2.3586228529559534,5.216264247894287,-0.09090850502252579,0.06594625115394592,-0.06733202934265137,-0.14742064476013184,0.15400221943855286,-0.6332358717918396,-0.357893705368042,0.7000734806060791,-0.889637291431427,-0.07347026467323303,0.5679081082344055,-0.32211729884147644
1749033592.9669623,1.0655266046524048,-2.330838819543356,1.701207462941305,2.848355455989502,-2.3586228529559534,5.216264247894287,-0.09090850502252579,0.06594625115394592,-0.06733202934265137,-0.14742064476013184,0.15400221943855286,-0.6332358717918396,-0.357893705368042,0.7000734806060791,-0.889637291431427,-0.07347026467323303,0.5679081082344055,-0.32211729884147644
1749033592.967,1.0653468370437622,-2.330691000024313,1.701094929371969,2.8480488496967773,-2.358304802571432,5.214969158172607,-0.09031756222248077,0.06648857891559601,-0.06518611311912537,-0.14572256803512573,0.15688633918762207,-0.6303183436393738,-0.3760971128940582,0.6883268356323242,-0.9247997999191284,-0.07906381785869598,0.5463671684265137,-0.36152970790863037
1749033592.9670367,1.0649713277816772,-2.330418726006979,1.7008350531207483,2.8475209909626464,-2.3576975504504603,5.21243953704834,-0.08800797164440155,0.06670702993869781,-0.06702014058828354,-0.1425429880619049,0.15611021220684052,-0.6305785775184631,-0.38047537207603455,0.6926441788673401,-0.9054158926010132,-0.09450949728488922,0.5762922763824463,-0.4067312180995941
1749033592.9670737,1.064810037612915,-2.330306192437643,1.700683895741598,2.8471948343464355,-2.3574090639697474,5.2111968994140625,-0.09215361624956131,0.06773252040147781,-0.06632537394762039,-0.1416882425546646,0.15538695454597473,-0.6349603533744812,-0.3192787170410156,0.6712339520454407,-0.9024887084960938,-0.13515704870224,0.5418062210083008,-0.37146687507629395
1749033592.9676695,1.0645804405212402,-2.3301578960814417,1.7005518118487757,2.8469111162373046,-2.3570783774005335,5.20990514755249,-0.08998516947031021,0.06773393601179123,-0.06650684773921967,-0.14347082376480103,0.1538737416267395,-0.636418342590332,-0.36829331517219543,0.6912685036659241,-0.9142400026321411,-0.1525902897119522,0.5469648838043213,-0.3136909008026123
1749033592.9696586,1.064447045326233,-2.3300372562804164,1.7004550139056605,2.84660450994458,-2.3567634264575403,5.208592414855957,-0.09086725115776062,0.06832806766033173,-0.0664089098572731,-0.14598201215267181,0.15498223900794983,-0.6340641975402832,-0.3365178406238556,0.6361463665962219,-0.9072391986846924,-0.1259448528289795,0.5681790709495544,-0.33739161491394043
1749033593.0103347,1.064259648323059,-2.3298665485777796,1.7002881209002894,2.8462931352802734,-2.3564301172839563,5.207340717315674,-0.08977632969617844,0.06898944079875946,-0.06537727266550064,-0.1481679230928421,0.1562325358390808,-0.6314157247543335,-0.29843899607658386,0.6031454801559448,-0.8975144624710083,-0.1051943302154541,0.5234168171882629,-0.2241659015417099
1749033593.010382,1.0641096830368042,-2.3297416172423304,1.7001565138446253,2.8460046487995605,-2.3561530748950403,5.206043243408203,-0.08737196773290634,0.0638137087225914,-0.06437468528747559,-0.15157990157604218,0.15370751917362213,-0.6226162910461426,-0.3119819164276123,0.6475235223770142,-0.9038709402084351,-0.0827951729297638,0.5201079845428467,-0.2765471637248993
1749033593.010425,1.0638995170593262,-2.3296529255309046,1.7000210920916956,2.8456970888325195,-2.355865780507223,5.204816818237305,-0.08595947921276093,0.06342191249132156,-0.06326630711555481,-0.1510656327009201,0.15206734836101532,-0.614605724811554,-0.35780853033065796,0.6832972764968872,-0.9084155559539795,-0.04451480507850647,0.5334029793739319,-0.31982508301734924
1749033593.010464,1.0637460947036743,-2.3294855556883753,1.6998737494098108,2.845381899470947,-2.355588976536886,5.203629493713379,-0.08662065118551254,0.06713952124118805,-0.06330808252096176,-0.14821414649486542,0.15242408215999603,-0.6092443466186523,-0.38080841302871704,0.6775981783866882,-0.9388983249664307,-0.09616173803806305,0.5556362271308899,-0.39243820309638977
1749033593.0105028,1.063590168952942,-2.3293501339354457,1.69977313676943,2.845055266017578,-2.355267349873678,5.202399730682373,-0.08839018642902374,0.06906984001398087,-0.06509264558553696,-0.15101997554302216,0.1544521450996399,-0.6127443313598633,-0.3818879723548889,0.6585957407951355,-0.9382014870643616,-0.07359090447425842,0.5585062503814697,-0.44350335001945496
1749033593.0105405,1.0634028911590576,-2.329212804833883,1.6996496359454554,2.8447434145161132,-2.354936186467306,5.2010979652404785,-0.08985620737075806,0.06805860251188278,-0.06565271317958832,-0.1494625210762024,0.15484865009784698,-0.6167888045310974,-0.33086591958999634,0.6647596955299377,-0.916802704334259,-0.031274884939193726,0.5636047124862671,-0.4065558612346649
1749033593.0105774,1.063233733177185,-2.32909693340444,1.699521843587057,2.844482584590576,-2.3546016852008265,5.199907302856445,-0.09010149538516998,0.06967531144618988,-0.06541610509157181,-0.1463191658258438,0.15106892585754395,-0.6245719790458679,-0.3562477231025696,0.6312046647071838,-0.9249317049980164,-0.056371331214904785,0.5858938097953796,-0.38606709241867065
1749033593.0106146,1.063035488128662,-2.3289219341673792,1.6994059721576136,2.844191237086914,-2.35435659090151,5.198678016662598,-0.08945649862289429,0.06884344667196274,-0.06530310958623886,-0.1441647708415985,0.15326419472694397,-0.6281665563583374,-0.34500762820243835,0.6159406304359436,-0.9400243759155273,-0.06290126591920853,0.5645700693130493,-0.35642170906066895
1749033593.010651,1.0628665685653687,-2.3287888966002406,1.6992581526385706,2.843887968654297,-2.3540530840503138,5.197361469268799,-0.08924181014299393,0.06763460487127304,-0.06742280721664429,-0.1419634073972702,0.15182454884052277,-0.6321353912353516,-0.3465912342071533,0.6581425070762634,-0.907966136932373,-0.07189087569713593,0.5813536643981934,-0.3529694080352783
1749033593.010688,1.0627076625823975,-2.3287083111205042,1.699122730885641,2.8435847002216796,-2.3537302652942103,5.1961283683776855,-0.08904966711997986,0.06738497316837311,-0.06474532932043076,-0.1406630277633667,0.15377506613731384,-0.6355799436569214,-0.3619350790977478,0.6633093953132629,-0.9515460133552551,-0.10086770355701447,0.5773771405220032,-0.30546146631240845
1749033593.0107248,1.0625118017196655,-2.328557153741354,1.6989710966693323,2.843355818385742,-2.3534653822528284,5.19487190246582,-0.0882200300693512,0.06611992418766022,-0.06531162559986115,-0.14066874980926514,0.15493398904800415,-0.6324818730354309,-0.3628571629524231,0.6491156816482544,-0.9514992237091064,-0.10826212167739868,0.5592777729034424,-0.3282383680343628
1749033593.0107615,1.0623785257339478,-2.3283969364561976,1.6988351980792444,2.843052549953125,-2.353119198475973,5.1936140060424805,-0.09014849364757538,0.06632230430841446,-0.06933880597352982,-0.14181025326251984,0.15651850402355194,-0.6314268112182617,-0.3291209042072296,0.6613490581512451,-0.9049820899963379,-0.11613479256629944,0.5557203888893127,-0.29730287194252014
1749033593.0107977,1.0621789693832397,-2.3282529316344203,1.6986992994891565,2.842789335841797,-2.3528013865100306,5.192335605621338,-0.08858226239681244,0.06690755486488342,-0.06655161082744598,-0.1436031460762024,0.1560250222682953,-0.6287128329277039,-0.3740696310997009,0.7257786989212036,-0.9024736285209656,-0.11451736837625504,0.5685579776763916,-0.3312423527240753
1749033593.0108345,1.0619688034057617,-2.3281451664366664,1.6985400358783167,2.8424860674091796,-2.3524704615222376,5.191033840179443,-0.09407936781644821,0.0688757374882698,-0.06540889292955399,-0.14651967585086823,0.15499389171600342,-0.6301605701446533,-0.31917905807495117,0.6490037441253662,-0.9374172687530518,-0.12704724073410034,0.5621243119239807,-0.39148643612861633
1749033593.010881,1.0618265867233276,-2.3280521831908167,1.6984160582171839,2.8422176080891113,-2.352259699498312,5.189750671386719,-0.09027031809091568,0.065961554646492,-0.06638677418231964,-0.14775817096233368,0.15514226257801056,-0.6339961886405945,-0.3396167755126953,0.6865399479866028,-0.9196028709411621,-0.09455788880586624,0.5710541605949402,-0.3166120648384094
1749033593.0109212,1.0616161823272705,-2.3278962574400843,1.6983073393451136,2.8419148164936523,-2.351889197026388,5.188590049743652,-0.09093771874904633,0.06735914200544357,-0.06600987911224365,-0.15307177603244781,0.15480676293373108,-0.634472131729126,-0.32542645931243896,0.660088300704956,-0.9277881383895874,-0.0861443281173706,0.5683640837669373,-0.3056619465351105
1749033593.0109582,1.061455249786377,-2.3277751408019007,1.6982033888446253,2.84159962713208,-2.3515782991992396,5.187300682067871,-0.09027288109064102,0.06964894384145737,-0.0647149384021759,-0.15136361122131348,0.15884074568748474,-0.6306790113449097,-0.3090541362762451,0.6331648826599121,-0.9370696544647217,-0.062209468334913254,0.5383344888687134,-0.3287508487701416
1749033593.0109947,1.0612940788269043,-2.3276502094664515,1.6980674902545374,2.8412601190754394,-2.351250712071554,5.186019420623779,-0.08993426710367203,0.06603056937456131,-0.06439182162284851,-0.14983627200126648,0.1544785052537918,-0.6262313723564148,-0.35089218616485596,0.7048079967498779,-0.9543957114219666,-0.09099706262350082,0.5692481994628906,-0.34312236309051514
1749033593.0110319,1.0610917806625366,-2.327499052087301,1.6979168097125452,2.840956373805664,-2.350964132939474,5.184765338897705,-0.08735371381044388,0.06825823336839676,-0.06422211974859238,-0.15432268381118774,0.15323999524116516,-0.6249841451644897,-0.3463779389858246,0.6550904512405396,-0.9621023535728455,-0.056666214019060135,0.5749215483665466,-0.40803229808807373
1749033593.0110679,1.060973048210144,-2.3273664913573207,1.6978161970721644,2.840637369746826,-2.3506808916675013,5.183496475219727,-0.08699028193950653,0.06907140463590622,-0.06452550739049911,-0.14888586103916168,0.15715424716472626,-0.6321254968643188,-0.3424256443977356,0.6274297833442688,-0.9606241583824158,-0.06348283588886261,0.5399755239486694,-0.36666470766067505
1749033593.0116956,1.0607401132583618,-2.327176710168356,1.6976774374591272,2.8403655725666503,-2.3503413836108606,5.1822733879089355,-0.09005588293075562,0.06847165524959564,-0.0643220767378807,-0.14751361310482025,0.15293152630329132,-0.6344106197357178,-0.31037914752960205,0.6370866298675537,-0.9611397981643677,-0.05019340664148331,0.561356246471405,-0.30595722794532776
1749033593.0137398,1.0605605840682983,-2.3270961246886195,1.6975024382220667,2.8400885301777343,-2.350057903920309,5.1809868812561035,-0.08769199997186661,0.06743759661912918,-0.06808941066265106,-0.14567869901657104,0.15378525853157043,-0.6297804713249207,-0.38968899846076965,0.6659363508224487,-0.9356482625007629,-0.06358150392770767,0.5919384956359863,-0.36415359377861023
1749033593.0543017,1.060392141342163,-2.326970239678854,1.6973980108844202,2.8398405748554687,-2.349715058003561,5.179704189300537,-0.08956898003816605,0.0675470307469368,-0.06559191644191742,-0.14445064961910248,0.15565285086631775,-0.6286710500717163,-0.3611438572406769,0.6572182178497314,-0.9533628821372986,-0.08562582731246948,0.5925944447517395,-0.3330090045928955
1749033593.0543478,1.0601885318756104,-2.3268310032286585,1.6972702185260218,2.8395110803791503,-2.3494160811053675,5.178465366363525,-0.08978281915187836,0.06777893751859665,-0.0658927857875824,-0.14439746737480164,0.1546200066804886,-0.6278390288352966,-0.33154845237731934,0.6568081378936768,-0.9536791443824768,-0.09740415215492249,0.5674058794975281,-0.34292328357696533
1749033593.0543888,1.0600130558013916,-2.3266946278014125,1.6971266905414026,2.83926169454541,-2.3491364161120813,5.177245616912842,-0.08825130015611649,0.06730838865041733,-0.06908603012561798,-0.1454915553331375,0.1544567495584488,-0.6263259053230286,-0.3400144577026367,0.6676844358444214,-0.915468156337738,-0.08350963890552521,0.5858520865440369,-0.40645793080329895
1749033593.054435,1.0598334074020386,-2.32656254390859,1.6970294157611292,2.8389546114155273,-2.348827902470724,5.175924777984619,-0.08813835680484772,0.0672554075717926,-0.06617014110088348,-0.14882579445838928,0.15500415861606598,-0.6300385594367981,-0.389477014541626,0.603740930557251,-0.9206644892692566,-0.08960796147584915,0.5904960036277771,-0.35207855701446533
1749033593.054476,1.0597103834152222,-2.3263985119261683,1.696878735219137,2.8386518198200683,-2.348501745854513,5.174673080444336,-0.08851899951696396,0.06755521148443222,-0.06621424853801727,-0.15065540373325348,0.1567293256521225,-0.6297969222068787,-0.3656173348426819,0.6501930952072144,-0.9424417018890381,-0.0796051174402237,0.5754930377006531,-0.33023083209991455
1749033593.0545146,1.0594993829727173,-2.3262750111021937,1.6967347303973597,2.8383800226398925,-2.3481467405902308,5.173460006713867,-0.08895514905452728,0.06746644526720047,-0.0667659267783165,-0.1498812735080719,0.15665166079998016,-0.6256433725357056,-0.34382766485214233,0.6446855068206787,-0.9346678256988525,-0.0735413059592247,0.5421246290206909,-0.39074942469596863
1749033593.0545523,1.0593279600143433,-2.326134344140524,1.696618382130758,2.838120146388672,-2.3478389422046106,5.172171592712402,-0.08894073963165283,0.06696846336126328,-0.06692090630531311,-0.15354599058628082,0.15355055034160614,-0.6255635023117065,-0.340056449174881,0.6545419692993164,-0.9393189549446106,-0.06000833958387375,0.5618491172790527,-0.3395252823829651
1749033593.0545905,1.0591862201690674,-2.326017995873922,1.6964834372149866,2.8377854067036132,-2.3475244680987757,5.17092227935791,-0.08972688019275665,0.0671810507774353,-0.06634671241044998,-0.14985160529613495,0.15574400126934052,-0.6240566372871399,-0.3166520297527313,0.660937488079071,-0.9399670362472534,-0.06411479413509369,0.5580430626869202,-0.42313769459724426
1749033593.0546272,1.058983325958252,-2.3258701763548792,1.6963546911822718,2.83748642980542,-2.347225014363424,5.169698715209961,-0.08888870477676392,0.06766948848962784,-0.06666117906570435,-0.147711843252182,0.15235958993434906,-0.6309066414833069,-0.34433698654174805,0.6941843032836914,-0.9379321932792664,-0.08809304982423782,0.5393990278244019,-0.40708792209625244
1749033593.054664,1.058765172958374,-2.3257414303221644,1.6962125937091272,2.8371903139301757,-2.346839729939596,5.168381690979004,-0.08910845965147018,0.06818131357431412,-0.0675332322716713,-0.14798858761787415,0.15154118835926056,-0.6349067091941833,-0.35526901483535767,0.620959997177124,-0.9276902675628662,-0.08862964063882828,0.5636341571807861,-0.32879260182380676
1749033593.0547006,1.058588981628418,-2.325589796105856,1.6960724035846155,2.8369147020527343,-2.3465939203845423,5.167141914367676,-0.08764924854040146,0.06575329601764679,-0.06761100143194199,-0.1475827842950821,0.15035215020179749,-0.6340770721435547,-0.3522986173629761,0.6774645447731018,-0.9339738488197327,-0.09973029047250748,0.57546466588974,-0.36891019344329834
1749033593.054737,1.0584524869918823,-2.325461526910299,1.6959527174579065,2.8366219240375976,-2.346290651951925,5.165894985198975,-0.08670463413000107,0.06589936465024948,-0.06720072031021118,-0.14865100383758545,0.15092626214027405,-0.6337761282920837,-0.3474006652832031,0.6751152873039246,-0.9211918115615845,-0.0904083326458931,0.5819430351257324,-0.32165735960006714
1749033593.0547733,1.0582526922225952,-2.3253170452513636,1.695789639149801,2.8363072115131835,-2.3460024038897913,5.164631366729736,-0.09062492102384567,0.06888199597597122,-0.06774861365556717,-0.14791853725910187,0.15132254362106323,-0.6322831511497498,-0.32777249813079834,0.6316748261451721,-0.9199063181877136,-0.08732300251722336,0.5659283995628357,-0.33339130878448486
1749033593.054809,1.0580716133117676,-2.3251973591246546,1.6956842581378382,2.836019678706787,-2.3456993738757532,5.1633477210998535,-0.08742088824510574,0.06483981013298035,-0.06830448657274246,-0.15084226429462433,0.15077261626720428,-0.6307182908058167,-0.3557851016521454,0.6794940829277039,-0.9124531149864197,-0.08837701380252838,0.5802218914031982,-0.37813451886177063
1749033593.054845,1.0578794479370117,-2.325069089929098,1.695521656666891,2.835723562831543,-2.345372740422384,5.16206693649292,-0.08991379290819168,0.06692024320363998,-0.06836231052875519,-0.1528191864490509,0.15180779993534088,-0.6339647769927979,-0.3674047589302063,0.650765597820282,-0.9019891023635864,-0.06139961630105972,0.5839104652404785,-0.34609663486480713
1749033593.0548816,1.0577037334442139,-2.324920793572897,1.6954177061664026,2.835451765651367,-2.34504205385317,5.160823345184326,-0.08806981891393661,0.0676170140504837,-0.0681491568684578,-0.15225113928318024,0.15160121023654938,-0.634191632270813,-0.35608619451522827,0.6498515009880066,-0.9111800193786621,-0.054701048880815506,0.5948511958122253,-0.3410670757293701
1749033593.054919,1.057559609413147,-2.324772974053854,1.6952579657184046,2.8351141649433593,-2.3447654883014124,5.159578800201416,-0.08848007023334503,0.06792007386684418,-0.06725561618804932,-0.15721064805984497,0.15042757987976074,-0.6339777708053589,-0.34892600774765015,0.6340032815933228,-0.9123098254203796,-0.034511320292949677,0.5965055227279663,-0.3313967287540436
1749033593.0549557,1.0573835372924805,-2.324660917321676,1.6951454321490687,2.8348371225544433,-2.3444469610797327,5.15828275680542,-0.08896000683307648,0.06771986186504364,-0.06842434406280518,-0.15251730382442474,0.15455412864685059,-0.6320207118988037,-0.34162384271621704,0.6177685260772705,-0.9076007604598999,-0.04432612657546997,0.5699776411056519,-0.2922534942626953
1749033593.0549936,1.0572000741958618,-2.324540754357809,1.6950138250934046,2.8344942766376953,-2.344100538884298,5.15705680847168,-0.08749517798423767,0.06695195287466049,-0.06665368378162384,-0.1504974365234375,0.15014442801475525,-0.628291666507721,-0.34740281105041504,0.6450254917144775,-0.9179232120513916,-0.04325154423713684,0.5754293203353882,-0.3788887560367584
1749033593.0550303,1.0569815635681152,-2.3244081936278285,1.694878403340475,2.8341948229023437,-2.3438711802112024,5.155756950378418,-0.09099119901657104,0.06746947020292282,-0.06513416022062302,-0.15358510613441467,0.14769920706748962,-0.6285730600357056,-0.31998756527900696,0.6158036589622498,-0.9368083477020264,-0.025992460548877716,0.6092162132263184,-0.34119969606399536
1749033593.055629,1.0568243265151978,-2.3242794475951136,1.6947277227984827,2.833895369166992,-2.343559805546896,5.154565811157227,-0.08730238676071167,0.06722713261842728,-0.0667072981595993,-0.14869746565818787,0.15062062442302704,-0.6282452344894409,-0.35924994945526123,0.646137535572052,-0.9379079937934875,-0.03306527063250542,0.5935090184211731,-0.33134910464286804
1749033593.057618,1.056644320487976,-2.3241473637022914,1.694610897694723,2.833615465755127,-2.343210045491354,5.153256416320801,-0.08942488580942154,0.06676275283098221,-0.06817343086004257,-0.14632754027843475,0.14761841297149658,-0.6282930374145508,-0.32610073685646057,0.6430181264877319,-0.8981655836105347,-0.043128423392772675,0.6190884113311768,-0.351627379655838
1749033593.098285,1.0565077066421509,-2.3240000210204066,1.6944673697101038,2.8332721430012207,-2.3428989092456263,5.152021884918213,-0.08878608793020248,0.0706731379032135,-0.06592048704624176,-0.14528629183769226,0.15053552389144897,-0.6286435723304749,-0.32892870903015137,0.6013544201850891,-0.9198238849639893,-0.057953521609306335,0.6105113625526428,-0.3149210810661316
1749033593.098331,1.056300401687622,-2.3238798580565394,1.6943357626544397,2.832995577449463,-2.342618767415182,5.150737762451172,-0.08911607414484024,0.06537307798862457,-0.06729371100664139,-0.14479856193065643,0.15128664672374725,-0.6261862516403198,-0.350694477558136,0.6762738823890686,-0.9217915534973145,-0.06003817915916443,0.6168049573898315,-0.3602985739707947
1749033593.0983717,1.0561593770980835,-2.323716779748434,1.6942108313189905,2.83266465246167,-2.3422845045672815,5.1494903564453125,-0.08894909918308258,0.0657685324549675,-0.06770320981740952,-0.14568912982940674,0.15380698442459106,-0.6284000873565674,-0.3337815999984741,0.6741201877593994,-0.9146665930747986,-0.020955100655555725,0.5829097032546997,-0.3655484914779663
1749033593.0984101,1.0559524297714233,-2.3235603771605433,1.6940601507769983,2.832380934352539,-2.3419888655291956,5.148263931274414,-0.08808965981006622,0.0688907578587532,-0.06785072386264801,-0.14660705626010895,0.156897634267807,-0.6286259889602661,-0.34554341435432434,0.6150267124176025,-0.898324191570282,-0.02778679132461548,0.5679185390472412,-0.3017144799232483
1749033593.098449,1.0557444095611572,-2.3234602413573207,1.693904225026266,2.8320585924335937,-2.3416929880725306,5.146946907043457,-0.08821485191583633,0.06462851911783218,-0.06798349320888519,-0.14389283955097198,0.15721993148326874,-0.6279426217079163,-0.3542395532131195,0.6448227763175964,-0.9201157689094543,-0.03402705490589142,0.5681387782096863,-0.3345686197280884
1749033593.0984876,1.0555959939956665,-2.323308607141012,1.6937726179706019,2.8317934709736328,-2.3413854281054896,5.145731449127197,-0.08810146898031235,0.06443098187446594,-0.06747013330459595,-0.1482219099998474,0.1592639833688736,-0.6259388327598572,-0.362785279750824,0.6820693612098694,-0.9027232527732849,-0.012830727733671665,0.5360345244407654,-0.3525599539279938
1749033593.0985255,1.0555959939956665,-2.323308607141012,1.6937726179706019,2.8317934709736328,-2.3413854281054896,5.145731449127197,-0.08810146898031235,0.06443098187446594,-0.06747013330459595,-0.1482219099998474,0.1592639833688736,-0.6259388327598572,-0.362785279750824,0.6820693612098694,-0.9027232527732849,-0.012830727733671665,0.5360345244407654,-0.3525599539279938
1749033593.0985713,1.055408239364624,-2.323177000085348,1.6936410109149378,2.831474466914795,-2.341062132512228,5.144399166107178,-0.08851926773786545,0.06519101560115814,-0.06712596118450165,-0.14206716418266296,0.15448486804962158,-0.6265461444854736,-0.36085769534111023,0.6772005558013916,-0.9060969948768616,-0.032053761184215546,0.5805395841598511,-0.3663126528263092
1749033593.0986109,1.055068016052246,-2.322886129418844,1.6933463255511683,2.830934687251709,-2.340404812489645,5.141932964324951,-0.08858934789896011,0.06480813026428223,-0.06627940386533737,-0.14352114498615265,0.15309883654117584,-0.6255748867988586,-0.33641839027404785,0.6694437265396118,-0.9053953289985657,-0.01777656376361847,0.5649356245994568,-0.34750163555145264
1749033593.0986485,1.0548877716064453,-2.322785039941305,1.693230454121725,2.830655260677002,-2.3401244322406214,5.14069938659668,-0.08778668195009232,0.06413412094116211,-0.06373047828674316,-0.13727883994579315,0.1499192863702774,-0.6263094544410706,-0.32244259119033813,0.6769933104515076,-0.9248721599578857,-0.05381473898887634,0.569976806640625,-0.3104934096336365
1749033593.0986855,1.0547516345977783,-2.3226496181883753,1.6931212584124964,2.8303605753132324,-2.339797560368673,5.139501571655273,-0.0876748114824295,0.064363494515419,-0.06675427407026291,-0.13797222077846527,0.15014441311359406,-0.623038649559021,-0.332537442445755,0.6807706356048584,-0.9089475274085999,-0.07764013111591339,0.5632064938545227,-0.37243425846099854
1749033593.098723,1.0545167922973633,-2.322540422479147,1.6929672400103968,2.8301006990620117,-2.339470688496725,5.138178825378418,-0.08797528594732285,0.0655466765165329,-0.06768782436847687,-0.13817325234413147,0.14883111417293549,-0.625494122505188,-0.3519318699836731,0.6783385276794434,-0.8768986463546753,-0.07779011130332947,0.5942746996879578,-0.35839951038360596
1749033593.0987597,1.054348111152649,-2.3223945103087367,1.6928232351886194,2.8298250871845703,-2.339222017918722,5.136957168579102,-0.08659831434488297,0.06532745808362961,-0.06548118591308594,-0.14095282554626465,0.14981304109096527,-0.625666081905365,-0.3033406436443329,0.6247192621231079,-0.9097136855125427,-0.06446683406829834,0.5868403911590576,-0.27727705240249634
1749033593.0987966,1.0541598796844482,-2.3222738705077113,1.6927226225482386,2.8295461374470214,-2.338907066975729,5.135771751403809,-0.0884910598397255,0.06352556496858597,-0.06535909324884415,-0.14166373014450073,0.15007811784744263,-0.622916042804718,-0.2663027346134186,0.6496700048446655,-0.893339991569519,-0.07088049501180649,0.5575349926948547,-0.28780922293663025
1749033593.0988328,1.0539915561676025,-2.3221379719176234,1.6925981680499476,2.829261465663574,-2.338630501423971,5.134496212005615,-0.08350729942321777,0.06337673217058182,-0.06519759446382523,-0.1429949849843979,0.15002135932445526,-0.617016613483429,-0.3319331109523773,0.6581264138221741,-0.8970417976379395,-0.05446271598339081,0.5541430115699768,-0.2588579058647156
1749033593.0988696,1.0538626909255981,-2.322005888024801,1.6924589315997522,2.828958674068115,-2.338358465825216,5.133285045623779,-0.08490493148565292,0.06412281095981598,-0.06498067826032639,-0.14384546875953674,0.15082140266895294,-0.613646388053894,-0.37982720136642456,0.689956545829773,-0.9193147420883179,-0.08219348639249802,0.5626175999641418,-0.3779829144477844
1749033593.098906,1.05362868309021,-2.321858068505758,1.6923311392413538,2.8286782938190917,-2.3380354086505335,5.1320343017578125,-0.08609912544488907,0.06636645644903183,-0.06529387831687927,-0.14459240436553955,0.15229874849319458,-0.6135752201080322,-0.33189016580581665,0.6623287796974182,-0.9067893624305725,-0.07242865115404129,0.5677571296691895,-0.4160165786743164
1749033593.0989428,1.053480863571167,-2.3217340908446253,1.6921995321856897,2.828347368831299,-2.3377252260791224,5.130805492401123,-0.08648774027824402,0.06971777230501175,-0.06574857980012894,-0.1494290977716446,0.15057611465454102,-0.6189321279525757,-0.36329302191734314,0.6335684061050415,-0.9077038764953613,-0.05592002347111702,0.5801853537559509,-0.40358448028564453
1749033593.098979,1.053297519683838,-2.3215743503966273,1.6920598188983362,2.8280674654194335,-2.3374019304858606,5.129573822021484,-0.08636868000030518,0.06872646510601044,-0.06565018743276596,-0.14895778894424438,0.15246030688285828,-0.6247125267982483,-0.36023175716400146,0.6217954754829407,-0.9273290634155273,-0.021392539143562317,0.5820561647415161,-0.4081454575061798
1749033593.0990157,1.0531052350997925,-2.321442266503805,1.6919439474688929,2.827772303218506,-2.3370869795428675,5.128274917602539,-0.08693747967481613,0.06721872091293335,-0.06505432724952698,-0.14812220633029938,0.14900784194469452,-0.6323736906051636,-0.35282474756240845,0.6595722436904907,-0.926916778087616,-0.03680693358182907,0.5801479816436768,-0.3561243414878845
1749033593.0996683,1.0529565811157227,-2.321341653863424,1.6918004194842737,2.8275043207355957,-2.3367913405047815,5.126962661743164,-0.08586377650499344,0.06741631031036377,-0.0646389052271843,-0.15013934671878815,0.14693115651607513,-0.6357497572898865,-0.338873952627182,0.6358159780502319,-0.9275180101394653,-0.0172744020819664,0.6022735238075256,-0.2918807566165924
1749033593.1016538,1.0527726411819458,-2.321183820764059,1.6916373411761683,2.827193422908447,-2.3364573160754603,5.125829696655273,-0.08910715579986572,0.06772520393133163,-0.06523235142230988,-0.145741805434227,0.15148577094078064,-0.6315908432006836,-0.3424167037010193,0.6041021943092346,-0.9313209652900696,-0.04614655673503876,0.5713722705841064,-0.35270243883132935
1749033593.1463315,1.0526167154312134,-2.321070810357565,1.691540543233053,2.8269216257282714,-2.336184326802389,5.124479293823242,-0.08638868480920792,0.06463665515184402,-0.06514613330364227,-0.14409057796001434,0.1505236029624939,-0.6312413215637207,-0.35730433464050293,0.6550940275192261,-0.93418949842453,-0.06055822595953941,0.603085994720459,-0.3252990245819092
1749033593.146378,1.052464485168457,-2.3209458790221156,1.6913893858539026,2.82662217199292,-2.3359089533435267,5.12327241897583,-0.08746228367090225,0.0663934275507927,-0.06566958874464035,-0.14468325674533844,0.15163181722164154,-0.6290398836135864,-0.3647475838661194,0.6410466432571411,-0.9262599349021912,-0.07818716764450073,0.5875731706619263,-0.34212666749954224
1749033593.146419,1.0522496700286865,-2.3208142719664515,1.6912382284747522,2.826349897975586,-2.335550848637716,5.122004985809326,-0.08677711337804794,0.06618590652942657,-0.06582195311784744,-0.144662544131279,0.15380588173866272,-0.6290990114212036,-0.33375227451324463,0.6478996872901917,-0.9326797723770142,-0.08175057172775269,0.5755113363265991,-0.38996273279190063
1749033593.1464581,1.0521080493927002,-2.3206669292845667,1.6911137739764612,2.826047106380127,-2.3352671305285853,5.120771408081055,-0.08639127016067505,0.06641487777233124,-0.0656663030385971,-0.14769116044044495,0.15565568208694458,-0.6322506666183472,-0.37017250061035156,0.6411855220794678,-0.9282692074775696,-0.06211961805820465,0.5680909752845764,-0.33781522512435913
1749033593.1464958,1.051877498626709,-2.320531507531637,1.691009823475973,2.8257357317158203,-2.3349626700030726,5.119491100311279,-0.08770424127578735,0.06634935736656189,-0.06421627104282379,-0.14867568016052246,0.15525278449058533,-0.6321392059326172,-0.36125993728637695,0.6329519748687744,-0.9494082927703857,-0.05396689474582672,0.5695183873176575,-0.32999348640441895
1749033593.1465337,1.0517088174819946,-2.3204084835448207,1.690897289906637,2.8254830080219726,-2.334637228642599,5.1182355880737305,-0.08810544013977051,0.0656912550330162,-0.06680741906166077,-0.1509539783000946,0.160708948969841,-0.628109335899353,-0.3412717580795288,0.6617574095726013,-0.9326738715171814,-0.03716780245304108,0.5306323170661926,-0.3800213932991028
1749033593.146571,1.0515366792678833,-2.320279737512106,1.6907466093646448,2.8251678186604003,-2.3343449274646204,5.116965293884277,-0.08842489868402481,0.06543700397014618,-0.06464169919490814,-0.15062649548053741,0.15664225816726685,-0.6253892779350281,-0.3270944058895111,0.6678655743598938,-0.942116379737854,-0.06867976486682892,0.5444133877754211,-0.33827564120292664
1749033593.1466079,1.051384449005127,-2.3201595745482386,1.6906183401690882,2.824864550227783,-2.334018055592672,5.115742206573486,-0.0886562168598175,0.06533274054527283,-0.06509250402450562,-0.15335054695606232,0.1536974012851715,-0.6249560117721558,-0.35165780782699585,0.675579845905304,-0.9504992961883545,-0.016165608540177345,0.5753363370895386,-0.440010130405426
1749033593.1466448,1.0511854887008667,-2.3200351200499476,1.690486256276266,2.8245646196552734,-2.3337066809283655,5.114462852478027,-0.0886613130569458,0.06604115664958954,-0.06829863041639328,-0.14886586368083954,0.1568484604358673,-0.6327521204948425,-0.3496300280094147,0.6635698080062866,-0.93622225522995,-0.05061066523194313,0.5482940673828125,-0.38695642352104187
1749033593.1466813,1.051012635231018,-2.319900175134176,1.6903160254107874,2.824277563686035,-2.3334110418902796,5.113138675689697,-0.08725418150424957,0.0654139369726181,-0.06694044917821884,-0.15201076865196228,0.15157736837863922,-0.633308470249176,-0.3474581241607666,0.647793710231781,-0.9094315767288208,-0.047444358468055725,0.5796113014221191,-0.34245017170906067
1749033593.1467185,1.050844669342041,-2.319752355615133,1.690207306538717,2.8239704805561523,-2.3331273237811487,5.111894607543945,-0.08589828014373779,0.06834056228399277,-0.06664185225963593,-0.15057089924812317,0.15147365629673004,-0.6298547983169556,-0.3856239318847656,0.6459706425666809,-0.9366834759712219,-0.027440816164016724,0.5757330060005188,-0.3667955994606018
1749033593.146755,1.0506644248962402,-2.3195930920042933,1.690075699483053,2.823690100307129,-2.332752529774801,5.110650062561035,-0.08605794608592987,0.06430231034755707,-0.06700944155454636,-0.14748594164848328,0.15089090168476105,-0.6277307271957397,-0.38192805647850037,0.681831419467926,-0.9319556951522827,-0.041033267974853516,0.5807026028633118,-0.3455381989479065
1749033593.1467917,1.05046546459198,-2.319507738152975,1.6899250189410608,2.8234025675007324,-2.3324735800372522,5.109381675720215,-0.08664629608392715,0.06509976089000702,-0.06737761199474335,-0.1461472064256668,0.15231525897979736,-0.6264199614524841,-0.3784139156341553,0.6876658797264099,-0.9264164566993713,-0.03697753697633743,0.5763657093048096,-0.3541718125343323
1749033593.146828,1.0503042936325073,-2.319313188592428,1.689784351979391,2.823103113765381,-2.3321967760669153,5.108171463012695,-0.08751494437456131,0.06968887895345688,-0.06700357794761658,-0.14556385576725006,0.1543036550283432,-0.6260913610458374,-0.3654605448246002,0.6115906834602356,-0.9079207181930542,-0.08012290298938751,0.5685828328132629,-0.41053450107574463
1749033593.1468647,1.050171971321106,-2.3191973171629847,1.689664665852682,2.822812243098877,-2.3318939844714563,5.106864929199219,-0.08768617361783981,0.06565619260072708,-0.06745629012584686,-0.1460707187652588,0.15346236526966095,-0.6305491328239441,-0.37541666626930237,0.6567925810813904,-0.9228441119194031,-0.08790165185928345,0.5756326913833618,-0.3826505243778229
1749033593.146902,1.0499813556671143,-2.319096704522604,1.6895325819598597,2.8224965769001464,-2.3315444628344935,5.105610370635986,-0.08848203718662262,0.06819088757038116,-0.06702226400375366,-0.14830075204372406,0.1550225168466568,-0.6318350434303284,-0.31023892760276794,0.6626246571540833,-0.9101294279098511,-0.07482530176639557,0.5708101391792297,-0.3713633716106415
1749033593.1469388,1.0497660636901855,-2.3189531765379847,1.6894009749041956,2.822209520930908,-2.3312366644488733,5.104321002960205,-0.08663491904735565,0.06928787380456924,-0.06943471729755402,-0.1496092826128006,0.15716688334941864,-0.632895827293396,-0.37383130192756653,0.6187525987625122,-0.9109004139900208,-0.0780230164527893,0.561319887638092,-0.3639563024044037
1749033593.1469753,1.0495903491973877,-2.3188330135741175,1.6892693678485315,2.821948691005371,-2.3309360186206263,5.1031060218811035,-0.09074630588293076,0.06833941489458084,-0.06725127249956131,-0.14967824518680573,0.15728142857551575,-0.6315984725952148,-0.31501704454421997,0.6281603574752808,-0.9139280319213867,-0.07247187942266464,0.5368571281433105,-0.301185667514801
1749033593.1470113,1.0494554042816162,-2.318669935266012,1.6891377607928675,2.8216139513203125,-2.3306296507464808,5.101777076721191,-0.08603356778621674,0.06781607121229172,-0.06604370474815369,-0.14806555211544037,0.1559816300868988,-0.6288865208625793,-0.3862171173095703,0.6467263102531433,-0.934187650680542,-0.06545218825340271,0.5469537377357483,-0.3541717827320099
1749033593.1470482,1.049264907836914,-2.3185535869994105,1.6889937559710901,2.82129876195874,-2.330287281666891,5.100521564483643,-0.08894672244787216,0.06785638630390167,-0.06859768182039261,-0.150767982006073,0.1601589471101761,-0.6315317153930664,-0.3631656765937805,0.6159208416938782,-0.9191973209381104,-0.06249667704105377,0.5268063545227051,-0.3530600368976593
1749033593.147084,1.0491209030151367,-2.318413396874899,1.688896958027975,2.8210064607807617,-2.32996374765505,5.099269866943359,-0.0882163867354393,0.06757345050573349,-0.06799697875976562,-0.14593535661697388,0.1537768840789795,-0.6328122615814209,-0.34365034103393555,0.6368844509124756,-0.9014824032783508,-0.07740125805139542,0.5438164472579956,-0.31656551361083984
1749033593.1471205,1.0489180088043213,-2.3182431660094203,1.6887181440936487,2.820718451137207,-2.3296993414508265,5.098007678985596,-0.08858723938465118,0.06809630244970322,-0.06676866859197617,-0.14509443938732147,0.1522865742444992,-0.6321664452552795,-0.3644838035106659,0.6235527396202087,-0.9169986248016357,-0.07811218500137329,0.5576055645942688,-0.33196786046028137
1749033593.1476562,1.0486952066421509,-2.3181101284422816,1.6886022726642054,2.8204075533100585,-2.3293805758105677,5.0967488288879395,-0.08765046298503876,0.0678262785077095,-0.06819651275873184,-0.14988750219345093,0.15591877698898315,-0.6323831677436829,-0.36592987179756165,0.6338434219360352,-0.9130190014839172,-0.06456395983695984,0.549262285232544,-0.3335261642932892
1749033593.1496706,1.0485804080963135,-2.318045278588766,1.6884391943561,2.820119543666504,-2.3290935198413294,5.095469951629639,-0.09180217981338501,0.06809451431035995,-0.0687926709651947,-0.14486829936504364,0.15246158838272095,-0.6309892535209656,-0.3399059474468231,0.6233851313591003,-0.892731249332428,-0.07308231294155121,0.5643274784088135,-0.3346565067768097
1749033593.1902912,1.048345923423767,-2.31789030651235,1.6883075873004358,2.8198320108601074,-2.328773800526754,5.094268321990967,-0.08700180798768997,0.06737662851810455,-0.06873106211423874,-0.14465630054473877,0.15368986129760742,-0.6292557716369629,-0.3643612861633301,0.625309407711029,-0.8953472971916199,-0.08157703280448914,0.576420783996582,-0.3932406008243561
1749033593.1903367,1.0481816530227661,-2.317754407922262,1.6881640593158167,2.819544478053711,-2.328505579625265,5.0929856300354,-0.08817750960588455,0.06629124283790588,-0.06810521334409714,-0.14374059438705444,0.15549226105213165,-0.6304705142974854,-0.363588809967041,0.6477498412132263,-0.8965994119644165,-0.08434247970581055,0.566440224647522,-0.3277764320373535
1749033593.1903777,1.0479739904403687,-2.31762232402944,1.688023869191305,2.819253607387207,-2.3281522432910364,5.0917181968688965,-0.08721055090427399,0.06922326982021332,-0.06717759370803833,-0.14532281458377838,0.15414269268512726,-0.6302921772003174,-0.3392521142959595,0.6106815338134766,-0.8928372263908386,-0.08765016496181488,0.5552319884300232,-0.3434167802333832
1749033593.1904173,1.0478253364562988,-2.317498823205465,1.6879237333880823,2.8189660745808105,-2.327906910573141,5.090447902679443,-0.08733923733234406,0.0632600486278534,-0.06684502214193344,-0.14638471603393555,0.15793119370937347,-0.6276196837425232,-0.38528117537498474,0.6959344744682312,-0.9120633006095886,-0.08647081255912781,0.554232120513916,-0.3666694462299347
1749033593.190456,1.0476497411727905,-2.3173700771727503,1.6877997557269495,2.8186628061481933,-2.327552382146017,5.089222431182861,-0.08808855712413788,0.06527673453092575,-0.0665752962231636,-0.1472475826740265,0.1563825011253357,-0.6272692680358887,-0.3486434519290924,0.6673363447189331,-0.9100298881530762,-0.07427836954593658,0.525647759437561,-0.350047767162323
1749033593.190494,1.0474470853805542,-2.3172418079771937,1.6876910368548792,2.8183395105549316,-2.3272114435779017,5.087978363037109,-0.08813869208097458,0.06862027943134308,-0.06673724204301834,-0.1488005518913269,0.15387721359729767,-0.6282083988189697,-0.38803350925445557,0.647162139415741,-0.9119395017623901,-0.0802084282040596,0.5724648237228394,-0.40223100781440735
1749033593.1905315,1.047337532043457,-2.3170558414854945,1.6875518004046839,2.81805865346875,-2.326876227055685,5.086712837219238,-0.08853667974472046,0.06677356362342834,-0.06746247410774231,-0.15066878497600555,0.15806913375854492,-0.6323884725570679,-0.3576301634311676,0.6529228687286377,-0.9075262546539307,-0.05698305368423462,0.5493831634521484,-0.3623957633972168
1749033593.1905684,1.0471254587173462,-2.317010065118307,1.6873887220965784,2.8177711206623535,-2.3265841642962855,5.085446357727051,-0.08825945109128952,0.06583613157272339,-0.06729261577129364,-0.14827822148799896,0.15439219772815704,-0.6332040429115295,-0.36560484766960144,0.6830340027809143,-0.9068854451179504,-0.06278637796640396,0.5326613187789917,-0.3374612331390381
1749033593.1906059,1.0469684600830078,-2.3168465099730433,1.6872418562518519,2.8174754816242675,-2.326291624699728,5.084185600280762,-0.08717123419046402,0.066733218729496,-0.06777523458003998,-0.14889632165431976,0.15405906736850739,-0.6317614912986755,-0.39953115582466125,0.6474076509475708,-0.9037758111953735,-0.06843473017215729,0.5314546823501587,-0.3622441291809082
1749033593.1906433,1.0467809438705444,-2.3167196712889613,1.6871174017535608,2.817156954402588,-2.325968329106466,5.082934379577637,-0.08724425733089447,0.06677635759115219,-0.06882758438587189,-0.1477034091949463,0.15195326507091522,-0.6335288882255554,-0.4074077010154724,0.6697550415992737,-0.8915315270423889,-0.05172926187515259,0.5453064441680908,-0.33542338013648987
1749033593.1906805,1.0465893745422363,-2.3165718517699183,1.6869695822345179,2.8168536859699707,-2.3256621996508997,5.081644058227539,-0.08804285526275635,0.0671423152089119,-0.06894928216934204,-0.14518022537231445,0.1515812873840332,-0.6330924034118652,-0.38567692041397095,0.6601333618164062,-0.8652665615081787,-0.11132503300905228,0.5688263177871704,-0.3439706265926361
1749033593.1907177,1.0464208126068115,-2.3164402447142542,1.6868189016925257,2.8166047769733886,-2.3253472487079065,5.08034610748291,-0.08824435621500015,0.06674958020448685,-0.0686413049697876,-0.14532095193862915,0.1518792062997818,-0.6329452395439148,-0.3483491837978363,0.6497759819030762,-0.8739980459213257,-0.08111821860074997,0.5622424483299255,-0.3912007808685303
1749033593.190759,1.046269178390503,-2.316307683984274,1.6866982618915003,2.816297693843506,-2.3250823656665247,5.079110145568848,-0.08898796141147614,0.06788171827793121,-0.07083811610937119,-0.14575161039829254,0.15324990451335907,-0.6321160793304443,-0.35307642817497253,0.6615254282951355,-0.8811069130897522,-0.08946947008371353,0.5656723380088806,-0.3610967695713043
1749033593.1907969,1.0460379123687744,-2.3161641559996546,1.6865814367877405,2.816014452571533,-2.3247881571399134,5.0778398513793945,-0.08669760823249817,0.06749263405799866,-0.06837905943393707,-0.14574524760246277,0.15318815410137177,-0.6323039531707764,-0.3989623486995697,0.6501978635787964,-0.8635272979736328,-0.08544699847698212,0.5772426724433899,-0.3425079882144928
1749033593.1908343,1.045893669128418,-2.3160554371275843,1.6864379088031214,2.815694971675537,-2.3244956175433558,5.076603889465332,-0.0884525403380394,0.06731480360031128,-0.06687930226325989,-0.1476173996925354,0.1548311710357666,-0.62990802526474,-0.31928154826164246,0.6389808058738708,-0.8826717734336853,-0.09354987740516663,0.5709501504898071,-0.3697887063026428
1749033593.1908712,1.0457013845443726,-2.3158847294249476,1.6862872282611292,2.8153955179401855,-2.3241618315326136,5.075351715087891,-0.08573932200670242,0.06774573773145676,-0.06919683516025543,-0.14938221871852875,0.15649619698524475,-0.6322693824768066,-0.40562933683395386,0.6550025343894958,-0.8858596086502075,-0.062295809388160706,0.5742894411087036,-0.3261706233024597
1749033593.190909,1.045526146888733,-2.315779825250143,1.686183277760641,2.8151117998310546,-2.3238800207721155,5.074069023132324,-0.08888384699821472,0.06592636555433273,-0.06738372147083282,-0.1502535343170166,0.157591313123703,-0.6338080763816833,-0.3865336775779724,0.6746906638145447,-0.8508948087692261,-0.06114348769187927,0.5456171631813049,-0.34563952684402466
1749033593.190946,1.0453464984893799,-2.315672060052389,1.686054531727926,2.8148113924213867,-2.3235421816455286,5.072821617126465,-0.08456069976091385,0.07005275785923004,-0.06554433703422546,-0.14988715946674347,0.15603525936603546,-0.6358204483985901,-0.38993799686431885,0.6197632551193237,-0.8889880776405334,-0.0587223581969738,0.5473846793174744,-0.32277289032936096
1749033593.190983,1.0452014207839966,-2.315524240533346,1.6859315077411097,2.814469500178955,-2.3232620398150843,5.071552753448486,-0.08591019362211227,0.06601601839065552,-0.06632465869188309,-0.14582692086696625,0.15445995330810547,-0.6361183524131775,-0.4194408357143402,0.6709713339805603,-0.8884727954864502,-0.07241472601890564,0.5458177328109741,-0.3078514337539673
1749033593.1910198,1.0449512004852295,-2.3153606853880824,1.685803238545553,2.8141543108173828,-2.3229315916644495,5.0702667236328125,-0.08741159737110138,0.06618256866931915,-0.06660906970500946,-0.1491701453924179,0.149413600564003,-0.6309814453125,-0.39938053488731384,0.67048180103302,-0.8839735984802246,-0.05176165699958801,0.5935232639312744,-0.3291257321834564
1749033593.1916509,1.0448150634765625,-2.315244813958639,1.6856682936297815,2.8139168459125976,-2.3226214090930384,5.068986892700195,-0.08741400390863419,0.0689476802945137,-0.06615627557039261,-0.14480315148830414,0.1506325751543045,-0.6304327845573425,-0.379905104637146,0.640773355960846,-0.8881973028182983,-0.06968729943037033,0.6176235675811768,-0.32141366600990295
1749033593.1936395,1.0446538925170898,-2.3151165447630824,1.6855443159686487,2.813598318690918,-2.3223522345172327,5.067752361297607,-0.08715347945690155,0.06646186113357544,-0.06588367372751236,-0.14237836003303528,0.15336957573890686,-0.6282162666320801,-0.3881024718284607,0.6585642695426941,-0.8897885680198669,-0.09288831055164337,0.5794613361358643,-0.3333896994590759
1749033593.2343202,1.044486165046692,-2.3149763546385707,1.6853888670550745,2.8133303362080078,-2.3220489660846155,5.066521167755127,-0.0859212577342987,0.06660006940364838,-0.06657160073518753,-0.14614170789718628,0.15352480113506317,-0.6301294565200806,-0.38231778144836426,0.687674880027771,-0.912902295589447,-0.04197299852967262,0.6055945754051208,-0.36447158455848694
1749033593.234369,1.0442554950714111,-2.3148213825621546,1.6852415243731897,2.8130270677753906,-2.321730677281515,5.065215587615967,-0.08910120278596878,0.06695343554019928,-0.06641113758087158,-0.1427464336156845,0.1566297858953476,-0.6325836181640625,-0.35646188259124756,0.6586560606956482,-0.8837271928787231,-0.09937912970781326,0.5817527770996094,-0.2835252583026886
1749033593.234411,1.0441067218780518,-2.314700265923971,1.6851409117328089,2.8127433496662597,-2.3214383761035364,5.06397819519043,-0.0862666517496109,0.066980741918087,-0.06481067836284637,-0.14199499785900116,0.15980595350265503,-0.6300421357154846,-0.4133429527282715,0.6799319386482239,-0.9184375405311584,-0.09072220325469971,0.5823488831520081,-0.34581878781318665
1749033593.2344522,1.0439389944076538,-2.3145457706847132,1.6850093046771448,2.8124167162128906,-2.3210888544665735,5.06276273727417,-0.0892406478524208,0.06684581935405731,-0.06566433608531952,-0.14345082640647888,0.16057418286800385,-0.626187264919281,-0.39068540930747986,0.6608589887619019,-0.9236122965812683,-0.09304139018058777,0.5632886290550232,-0.3412321209907532
1749033593.234491,1.0438008308410645,-2.31444849590444,1.6848614851581019,2.8121329981037597,-2.3207536379443567,5.061461448669434,-0.08832799643278122,0.0668855533003807,-0.06755979359149933,-0.14481991529464722,0.16099464893341064,-0.624850869178772,-0.3541865646839142,0.6970509886741638,-0.8837670087814331,-0.07618112862110138,0.5368942022323608,-0.3693254590034485
1749033593.234541,1.0435707569122314,-2.3143207035460414,1.6847456137286585,2.811844988460205,-2.320469919835226,5.060257434844971,-0.08954443037509918,0.06774528324604034,-0.06426025927066803,-0.14571510255336761,0.15712949633598328,-0.6230756640434265,-0.37392130494117737,0.6505025625228882,-0.9328397512435913,-0.0749904066324234,0.5596601366996765,-0.415426641702652
1749033593.234582,1.0434095859527588,-2.3141542873778285,1.6845982710467737,2.8116118150898437,-2.320146624241964,5.05894660949707,-0.09003521502017975,0.0668829083442688,-0.06472233682870865,-0.14622248709201813,0.15942071378231049,-0.6300843954086304,-0.3819431960582733,0.7064968347549438,-0.9394421577453613,-0.10005993396043777,0.5546414256095886,-0.36687302589416504
1749033593.23462,1.0432263612747192,-2.314010282556051,1.6844666639911097,2.811304731959961,-2.3198426405536097,5.057724475860596,-0.08871395140886307,0.06879302114248276,-0.06547734141349792,-0.15066421031951904,0.15502087771892548,-0.6310518980026245,-0.36830660700798035,0.640321671962738,-0.9347941875457764,-0.041762594133615494,0.5336047410964966,-0.288187712430954
1749033593.2346578,1.0431020259857178,-2.313890119592184,1.6843426863299769,2.8110014635273437,-2.3195465246783655,5.0564703941345215,-0.08663761615753174,0.06772206723690033,-0.06571163237094879,-0.14717653393745422,0.15317407250404358,-0.628685474395752,-0.4013957381248474,0.6327971816062927,-0.92992103099823,-0.09883374720811844,0.5815130472183228,-0.3596452474594116
1749033593.2346957,1.042897343635559,-2.3137623272337855,1.6842344442950647,2.8106986719318847,-2.319227997456686,5.055165767669678,-0.08714215457439423,0.06762365996837616,-0.06592598557472229,-0.14779314398765564,0.1513546258211136,-0.6278327107429504,-0.44025588035583496,0.6365572214126587,-0.9287921786308289,-0.08181089162826538,0.5780577063560486,-0.3570200204849243
1749033593.2347326,1.0427228212356567,-2.3136145077147425,1.68408710161318,2.810414953822754,-2.3189323584186,5.053924083709717,-0.08731182664632797,0.06684454530477524,-0.06626270711421967,-0.15003950893878937,0.15034790337085724,-0.6249861121177673,-0.41624656319618225,0.6693389415740967,-0.9145829081535339,-0.05798989534378052,0.5950050950050354,-0.3599591851234436
1749033593.2347693,1.042550802230835,-2.313439508477682,1.6839669386493128,2.8101155000874023,-2.3186638990985315,5.0526509284973145,-0.08812638372182846,0.06977799534797668,-0.066714808344841,-0.14762085676193237,0.14969883859157562,-0.6258550882339478,-0.3700993061065674,0.6035467982292175,-0.9156262874603271,-0.06326575577259064,0.6113113164901733,-0.3798768222332001
1749033593.2348058,1.0423901081085205,-2.313326974908346,1.683819595967428,2.8097964960285644,-2.318310801182882,5.05137300491333,-0.08823899179697037,0.06502314656972885,-0.06687035411596298,-0.1477472484111786,0.15046574175357819,-0.6290809512138367,-0.4109509289264679,0.6818625926971436,-0.9122336506843567,-0.052495077252388,0.622998833656311,-0.3010420799255371
1749033593.234861,1.0422024726867676,-2.313206811944479,1.6837189833270472,2.8095008569904785,-2.318049732838766,5.050144195556641,-0.08903749287128448,0.0648433268070221,-0.0667942464351654,-0.1485162079334259,0.15297622978687286,-0.6261698007583618,-0.4135274887084961,0.6699913740158081,-0.9172577261924744,-0.04277876764535904,0.6012170910835266,-0.33563727140426636
1749033593.2351124,1.0420300960540771,-2.31308712581777,1.6835716406451624,2.8092362123676757,-2.317726437245504,5.048900127410889,-0.08816803991794586,0.06767550110816956,-0.0667118951678276,-0.1481981724500656,0.15616191923618317,-0.6232278943061829,-0.3845723867416382,0.6466130018234253,-0.9180331826210022,-0.06466466933488846,0.5979942679405212,-0.378120481967926
1749033593.2351563,1.0418540239334106,-2.3129240475096644,1.683455769215719,2.8089448648640136,-2.3174079100238245,5.047636985778809,-0.09186210483312607,0.06494443863630295,-0.06704305857419968,-0.14796856045722961,0.15697918832302094,-0.6210748553276062,-0.35327038168907166,0.651253342628479,-0.9206157326698303,-0.05444805324077606,0.5745160579681396,-0.3399578332901001
1749033593.235195,1.0416544675827026,-2.312799116174215,1.6833046118365687,2.8086306291767578,-2.317097012196676,5.0464019775390625,-0.08780013769865036,0.06555886566638947,-0.06686513125896454,-0.14670950174331665,0.1564163714647293,-0.6203811168670654,-0.4103628993034363,0.6751471161842346,-0.9140792489051819,-0.05991755425930023,0.5926686525344849,-0.40695035457611084
1749033593.2352328,1.0414783954620361,-2.312667509118551,1.6831887404071253,2.8083159166523437,-2.316788975392477,5.045159816741943,-0.09022348374128342,0.06384924054145813,-0.06677804887294769,-0.14704084396362305,0.15332195162773132,-0.6259260773658752,-0.3882243037223816,0.6921195983886719,-0.9236797094345093,-0.057092756032943726,0.6072260141372681,-0.3996967077255249
1749033593.2352695,1.0412718057632446,-2.312554975549215,1.6830132643329065,2.808032675380371,-2.3164740244494837,5.0438947677612305,-0.08980200439691544,0.0663282573223114,-0.0672542005777359,-0.1470516175031662,0.15534034371376038,-0.6288726925849915,-0.35214874148368835,0.677546501159668,-0.9248343110084534,-0.07098136097192764,0.5847176313400269,-0.32825472950935364
1749033593.2353065,1.0411350727081299,-2.3123990497984828,1.6829283873187464,2.80774895727124,-2.3161352316485804,5.042654037475586,-0.09015976637601852,0.06667622923851013,-0.06745538860559464,-0.1462135910987854,0.15101736783981323,-0.6282116174697876,-0.35536351799964905,0.6571692228317261,-0.9166881442070007,-0.06996840238571167,0.6158551573753357,-0.3688102662563324
1749033593.2356408,1.0409698486328125,-2.3122950992979945,1.682800594960348,2.8074661928364257,-2.3158426920520228,5.041384696960449,-0.08929269760847092,0.06552714854478836,-0.06709431856870651,-0.14467890560626984,0.15094850957393646,-0.6293321847915649,-0.3639300465583801,0.6648354530334473,-0.9129703044891357,-0.07940235733985901,0.609680712223053,-0.32421284914016724
1749033593.2376633,1.0407787561416626,-2.312190671960348,1.6826499144183558,2.8071791368671875,-2.315531555806295,5.040120601654053,-0.08848261088132858,0.0658305212855339,-0.06719100475311279,-0.14798249304294586,0.15041089057922363,-0.6268906593322754,-0.3480275869369507,0.6620299220085144,-0.936948299407959,-0.03834501653909683,0.6131181120872498,-0.33828872442245483
1749033593.278288,1.0405786037445068,-2.312003274957174,1.6825225988971155,2.8068572717854003,-2.3152359167682093,5.038873195648193,-0.08809265494346619,0.06530318409204483,-0.06996019929647446,-0.14585772156715393,0.14918392896652222,-0.6259534955024719,-0.3821338713169098,0.6856881380081177,-0.893804669380188,-0.05728308856487274,0.6229708194732666,-0.38899773359298706
1749033593.2783341,1.0404186248779297,-2.3118802509703578,1.6823704878436487,2.8065859514423828,-2.3149173895465296,5.0376410484313965,-0.08799651265144348,0.06608287990093231,-0.06776237487792969,-0.1461406797170639,0.1515839695930481,-0.6301328539848328,-0.3939129412174225,0.6618677377700806,-0.8958691954612732,-0.06375401467084885,0.6103028059005737,-0.33086270093917847
1749033593.2783744,1.0402233600616455,-2.3117362461485804,1.6822574774371546,2.8062712389179687,-2.314618174229757,5.036391258239746,-0.08693672716617584,0.066468246281147,-0.06805405020713806,-0.14884068071842194,0.15292730927467346,-0.6294402480125427,-0.39474448561668396,0.6599966883659363,-0.9073783159255981,-0.03634491562843323,0.6076505184173584,-0.35101038217544556
1749033593.278413,1.0400937795639038,-2.3116003475584925,1.682122532521383,2.8060080248066406,-2.3143141905414026,5.035107135772705,-0.08890535682439804,0.06720408797264099,-0.07077575474977493,-0.14622551202774048,0.15412992238998413,-0.6301254630088806,-0.3621753454208374,0.6597685813903809,-0.8765168190002441,-0.0429341197013855,0.5995132923126221,-0.34084463119506836
1749033593.278451,1.0398873090744019,-2.3114963970580042,1.681990925465719,2.805709047908447,-2.314014736806051,5.033840179443359,-0.08818230777978897,0.06814507395029068,-0.06813126802444458,-0.14731748402118683,0.1566990166902542,-0.629447877407074,-0.3950668275356293,0.5959092378616333,-0.8889049291610718,-0.07141107320785522,0.5900681018829346,-0.308106929063797
1749033593.278489,1.0397547483444214,-2.3113371334471644,1.6818316618548792,2.805421991939209,-2.313688103352682,5.032566070556641,-0.09115131944417953,0.06506093591451645,-0.06873707473278046,-0.14778347313404083,0.15606831014156342,-0.6267109513282776,-0.3598496913909912,0.6678526997566223,-0.8897486329078674,-0.05693894624710083,0.571013331413269,-0.36477401852607727
1749033593.2785268,1.0395513772964478,-2.3111969433226527,1.6817153135882776,2.805114908809326,-2.313387457524435,5.031377792358398,-0.08748037368059158,0.06529077887535095,-0.06850865483283997,-0.14943362772464752,0.15350861847400665,-0.6275850534439087,-0.3684016168117523,0.6714466214179993,-0.8849900960922241,-0.0427154004573822,0.5744124054908752,-0.3537719249725342
1749033593.2785642,1.0393701791763306,-2.31107296566152,1.6815608183490198,2.8048316675373535,-2.3130295912372034,5.030121803283691,-0.08885661512613297,0.06807343661785126,-0.06819368153810501,-0.14744575321674347,0.15548108518123627,-0.6270334124565125,-0.3849025070667267,0.6404443383216858,-0.9006597995758057,-0.04843945801258087,0.5682787299156189,-0.3127157390117645
1749033593.2786016,1.0392178297042847,-2.3109294376769007,1.6814120451556605,2.8045293527790527,-2.3127339521991175,5.028863906860352,-0.0891110897064209,0.06510988622903824,-0.06760958582162857,-0.1498980075120926,0.15235453844070435,-0.6267604827880859,-0.36768725514411926,0.6566820740699768,-0.9094258546829224,-0.02591467648744583,0.5471456050872803,-0.35804080963134766
1749033593.2786396,1.039027214050293,-2.310813089410299,1.6813114325152796,2.8042232233234863,-2.312429968510763,5.027641773223877,-0.08876972645521164,0.06641262024641037,-0.06985995173454285,-0.14576111733913422,0.15046393871307373,-0.6267433762550354,-0.38199150562286377,0.6484683752059937,-0.8586446642875671,-0.0801268070936203,0.5727732181549072,-0.33064931631088257
1749033593.2786765,1.0388084650039673,-2.310681005517477,1.681152645741598,2.8039042192646484,-2.312126938496725,5.026363372802734,-0.0896860808134079,0.06652367115020752,-0.06713271141052246,-0.14504912495613098,0.14948737621307373,-0.6247960925102234,-0.40436145663261414,0.6603639721870422,-0.892160952091217,-0.05310474708676338,0.5794056057929993,-0.33973628282546997
1749033593.2787127,1.0388084650039673,-2.310681005517477,1.681152645741598,2.8039042192646484,-2.312126938496725,5.026363372802734,-0.0896860808134079,0.06652367115020752,-0.06713271141052246,-0.14504912495613098,0.14948737621307373,-0.6247960925102234,-0.40436145663261414,0.6603639721870422,-0.892160952091217,-0.05310474708676338,0.5794056057929993,-0.33973628282546997
1749033593.2787495,1.0384738445281982,-2.3104258976378382,1.6808894316302698,2.8033220010944824,-2.311514202748434,5.023884296417236,-0.09037645161151886,0.0667107105255127,-0.06978455930948257,-0.1457802653312683,0.15011852979660034,-0.6289070844650269,-0.3923600912094116,0.6676245927810669,-0.8725559115409851,-0.0415995717048645,0.6016979217529297,-0.35992950201034546
1749033593.278786,1.0383200645446777,-2.3102857075133265,1.6807387510882776,2.8030153948017578,-2.311190907155172,5.022626876831055,-0.09060125797986984,0.06632758677005768,-0.06739967316389084,-0.14539670944213867,0.15157899260520935,-0.630071759223938,-0.3524470031261444,0.667420506477356,-0.8645015954971313,-0.03522583842277527,0.6051852107048035,-0.3316965103149414
1749033593.2788227,1.038132667541504,-2.3101350269713343,1.6806381384478968,2.8027326303669433,-2.3109574953662317,5.021388530731201,-0.08979617804288864,0.06558933109045029,-0.06662265956401825,-0.14485099911689758,0.1517261117696762,-0.628221869468689,-0.36047089099884033,0.6678314805030823,-0.9002067446708679,-0.03832736611366272,0.6106601357460022,-0.34436723589897156
1749033593.278859,1.0379492044448853,-2.309991022149557,1.6804903189288538,2.802464647884033,-2.3106043974505823,5.020068168640137,-0.08878664672374725,0.06511750817298889,-0.06683657318353653,-0.1450437754392624,0.15300920605659485,-0.6293241381645203,-0.3783579468727112,0.6638360023498535,-0.8855289816856384,-0.049201373010873795,0.5837368369102478,-0.32564404606819153
1749033593.2788954,1.0377891063690186,-2.3098794422545375,1.6803467909442347,2.80216567098584,-2.310307566319601,5.018807411193848,-0.09184745699167252,0.06465122848749161,-0.06666310876607895,-0.14529676735401154,0.15365317463874817,-0.6272557973861694,-0.344842791557312,0.6975885629653931,-0.9091435074806213,-0.038868051022291183,0.5969359278678894,-0.3649885058403015
1749033593.2789319,1.037636637687683,-2.309742589990133,1.6802461783038538,2.8018476206013183,-2.310004774724142,5.017532825469971,-0.08777354657649994,0.06476671248674393,-0.0669732391834259,-0.144614577293396,0.15258176624774933,-0.6277994513511658,-0.3795897364616394,0.6859990954399109,-0.8933166861534119,-0.0405130460858345,0.5760377049446106,-0.3472307324409485
1749033593.2789683,1.0374383926391602,-2.3095952473082484,1.6801179091082972,2.8015758234211425,-2.309713904057638,5.016307830810547,-0.0902489572763443,0.06503446400165558,-0.06675458699464798,-0.14392225444316864,0.15578411519527435,-0.6286205053329468,-0.3778751790523529,0.6705109477043152,-0.8824121356010437,-0.0484476238489151,0.5715624690055847,-0.3187881112098694
1749033593.2790048,1.037258505821228,-2.3094755611815394,1.67995530763735,2.8012887674519042,-2.3093867937671106,5.0150065422058105,-0.08757887035608292,0.06438920646905899,-0.06697389483451843,-0.14525604248046875,0.1512126326560974,-0.6255617141723633,-0.3767243027687073,0.7027749419212341,-0.8870353102684021,-0.04183310270309448,0.5850290060043335,-0.36765432357788086
1749033593.2796304,1.0371025800704956,-2.309373994866842,1.679807488118307,2.801002188319824,-2.309063736592428,5.013793468475342,-0.08898106962442398,0.0662069022655487,-0.06676094233989716,-0.14425580203533173,0.14717142283916473,-0.6268163919448853,-0.41262760758399963,0.6890285015106201,-0.898104727268219,-0.05085049569606781,0.6150955557823181,-0.3464145064353943
1749033593.2816174,1.036888837814331,-2.309171815911764,1.6796725432025355,2.8006998735615234,-2.3087716738330286,5.0125412940979,-0.09089794009923935,0.06803112477064133,-0.06675342470407486,-0.14528992772102356,0.15162046253681183,-0.6268406510353088,-0.3626863956451416,0.6218026876449585,-0.8996570706367493,-0.051604460924863815,0.6043462157249451,-0.3546968102455139
1749033593.3222861,1.0367012023925781,-2.309075017968649,1.6795442740069788,2.800435705775879,-2.308453385029928,5.011284828186035,-0.08969525992870331,0.06495865434408188,-0.06636309623718262,-0.14456969499588013,0.1483285129070282,-0.6292228698730469,-0.38101422786712646,0.6877076625823975,-0.8946735262870789,-0.08485476672649384,0.6241181492805481,-0.3865134119987488
1749033593.3223324,1.0365798473358154,-2.3089472256102503,1.6794236342059534,2.8001295763203125,-2.3081851641284388,5.010014533996582,-0.08940266072750092,0.0656384602189064,-0.06612732261419296,-0.1478137969970703,0.1501348316669464,-0.631880521774292,-0.3817704916000366,0.6849970817565918,-0.9111900925636292,-0.05335281789302826,0.6300435066223145,-0.31791698932647705
1749033593.322373,1.0363261699676514,-2.308827062646383,1.6792500654803675,2.7998387056538085,-2.3078585306750696,5.00873327255249,-0.08981791883707047,0.06943298131227493,-0.06662153452634811,-0.14550921320915222,0.15260235965251923,-0.632100522518158,-0.37548184394836426,0.6451319456100464,-0.908071756362915,-0.06298475712537766,0.6413823366165161,-0.3339599370956421
1749033593.3224115,1.0361778736114502,-2.3086515865721644,1.679152790700094,2.799530192012451,-2.307559315358297,5.007497787475586,-0.08992801606655121,0.06662101298570633,-0.06692908704280853,-0.1458931714296341,0.15495863556861877,-0.6285094618797302,-0.3426527678966522,0.6389705538749695,-0.9011089205741882,-0.05519667640328407,0.6011732816696167,-0.3171388506889343
1749033593.3224494,1.0360207557678223,-2.308563371697897,1.6789863745318812,2.7992169099995117,-2.307258907948629,5.006217956542969,-0.09165094047784805,0.06797941029071808,-0.06687958538532257,-0.15056505799293518,0.15631051361560822,-0.6266196370124817,-0.3475160300731659,0.6323705911636353,-0.9132723212242126,-0.027039777487516403,0.5813454389572144,-0.30766212940216064
1749033593.322487,1.0358151197433472,-2.308399816552633,1.6788738409625452,2.798903151149414,-2.3069284597979944,5.004932880401611,-0.08794800937175751,0.06811508536338806,-0.06653469055891037,-0.14553557336330414,0.15930962562561035,-0.6242504119873047,-0.38766056299209595,0.6259143948554993,-0.9054025411605835,-0.0391349159181118,0.5734317302703857,-0.36927545070648193
1749033593.322524,1.0356862545013428,-2.3082720241942347,1.6787574926959437,2.798628016109131,-2.3065980116473597,5.003715515136719,-0.08839475363492966,0.06773585826158524,-0.06644933670759201,-0.1455601453781128,0.15723760426044464,-0.6286937594413757,-0.38554584980010986,0.6077369451522827,-0.910979688167572,-0.041442111134529114,0.5564429759979248,-0.31847772002220154
1749033593.3225675,1.0354962348937988,-2.308136125604147,1.6785982290851038,2.798375292415283,-2.306255880986349,5.002473831176758,-0.08960571140050888,0.06830061227083206,-0.06623208522796631,-0.1443023830652237,0.15423981845378876,-0.6296538710594177,-0.3498442471027374,0.6087864637374878,-0.9093577265739441,-0.050540462136268616,0.5775031447410583,-0.2972753643989563
1749033593.3226056,1.0353280305862427,-2.307993551293844,1.6784704367267054,2.7980539041706542,-2.305927817021505,5.001158714294434,-0.08698920160531998,0.06791901588439941,-0.06574458628892899,-0.1434907764196396,0.15661917626857758,-0.6263813972473145,-0.4187139868736267,0.6588923931121826,-0.9188090562820435,-0.07684685289859772,0.5645064115524292,-0.36038482189178467
1749033593.3226423,1.0351371765136719,-2.3079196415343226,1.6783159414874476,2.7977863985249023,-2.3056750933276575,4.999961853027344,-0.08799681067466736,0.06645120680332184,-0.06893862038850784,-0.14701156318187714,0.1529870480298996,-0.626823365688324,-0.42732471227645874,0.6686739325523376,-0.8948617577552795,-0.04036988317966461,0.5551626682281494,-0.34330230951309204
1749033593.3226795,1.034972906112671,-2.307756086389059,1.6781752745257776,2.7974836069294433,-2.3053136507617396,4.998721122741699,-0.0884317085146904,0.06898453086614609,-0.06599052250385284,-0.14444725215435028,0.1542021483182907,-0.6253929734230042,-0.4163828492164612,0.6193192005157471,-0.9159160852432251,-0.05790816992521286,0.5617685317993164,-0.3724483549594879
1749033593.3227162,1.0347508192062378,-2.3076049290099085,1.6780746618853968,2.7971765237995605,-2.305049244557516,4.997457981109619,-0.08850535750389099,0.0672108381986618,-0.06561848521232605,-0.1434744894504547,0.15404635667800903,-0.6287511587142944,-0.4147253930568695,0.6349618434906006,-0.9129965305328369,-0.06714412569999695,0.5446616411209106,-0.39204350113868713
1749033593.3227527,1.0345516204833984,-2.3074494800963343,1.677974049245016,2.7969047266193847,-2.304699484501974,4.996190547943115,-0.0896100178360939,0.06916821002960205,-0.06825876235961914,-0.1492951661348343,0.152606800198555,-0.6309231519699097,-0.37751615047454834,0.6153119802474976,-0.9017627835273743,-0.04875818267464638,0.559532880783081,-0.30768918991088867
1749033593.3227892,1.0344027280807495,-2.30733646968984,1.6777876059161585,2.7966081339069824,-2.3044424692737024,4.994930267333984,-0.08930117636919022,0.06506305187940598,-0.06570912152528763,-0.1477636992931366,0.15061266720294952,-0.6298384070396423,-0.38098275661468506,0.6495128273963928,-0.9185254573822021,-0.03294704109430313,0.5783578157424927,-0.3281765282154083
1749033593.3228278,1.0342069864273071,-2.30716671566152,1.6776521841632288,2.796309157008789,-2.3041353861438196,4.993701934814453,-0.09039671719074249,0.06447037309408188,-0.06507553160190582,-0.14846071600914001,0.1520712971687317,-0.625321090221405,-0.3630531430244446,0.6697309017181396,-0.9272140860557556,-0.04484353959560394,0.5708010196685791,-0.37004488706588745
1749033593.3228698,1.0340124368667603,-2.307097097436422,1.6775391737567347,2.7960073190876464,-2.303870979939596,4.992440223693848,-0.09028586000204086,0.06595961004495621,-0.06561867892742157,-0.14873448014259338,0.15301840007305145,-0.6226989030838013,-0.3553968667984009,0.6606528759002686,-0.9247116446495056,-0.023395314812660217,0.5688586831092834,-0.34300467371940613
1749033593.3229072,1.0338590145111084,-2.3069879017271937,1.6774314085589808,2.7957169252583007,-2.303486410771505,4.991175651550293,-0.08944970369338989,0.0660705640912056,-0.0656527504324913,-0.14839181303977966,0.1535395383834839,-0.6212762594223022,-0.35782620310783386,0.6408230066299438,-0.9203629493713379,-0.034455642104148865,0.5791248083114624,-0.40126878023147583
1749033593.3229437,1.0336679220199585,-2.306856771508688,1.6772688070880335,2.7954298692890625,-2.303201738988058,4.989909648895264,-0.09298892319202423,0.06437944620847702,-0.06490485370159149,-0.14524012804031372,0.15342383086681366,-0.6280394196510315,-0.3301014006137848,0.7072832584381104,-0.9410958886146545,-0.03791600093245506,0.5779041051864624,-0.38396215438842773
1749033593.3229806,1.0335170030593872,-2.3067051372923792,1.677182976399557,2.795149489040039,-2.302929941807882,4.988654613494873,-0.0894322320818901,0.06544312089681625,-0.0671556368470192,-0.14418505132198334,0.1561511904001236,-0.628658652305603,-0.35276469588279724,0.686572253704071,-0.9210498332977295,-0.05895474553108215,0.5562747120857239,-0.3066648244857788
1749033593.323017,1.0333285331726074,-2.3065697155394496,1.6770051161395472,2.7948834139057617,-2.302552048360006,4.9873857498168945,-0.0919429212808609,0.0657668188214302,-0.0643402710556984,-0.14401398599147797,0.15218214690685272,-0.6267039179801941,-0.3528577387332916,0.6739091873168945,-0.9424800872802734,-0.068205326795578,0.5737566351890564,-0.3533715307712555
1749033593.323664,1.033165454864502,-2.3064376316466273,1.6768887678729456,2.794572039241455,-2.302319590245382,4.986126899719238,-0.08715909719467163,0.06599727272987366,-0.06428932398557663,-0.1439836174249649,0.15022630989551544,-0.6243872046470642,-0.40619316697120667,0.6799061894416809,-0.9456204771995544,-0.09155108034610748,0.5831044912338257,-0.3418319523334503
1749033593.3257477,1.0329539775848389,-2.306294103662008,1.6767414251910608,2.7942849832722167,-2.30196983018984,4.984903335571289,-0.08825626224279404,0.06639222055673599,-0.0672253891825676,-0.14534319937229156,0.15465733408927917,-0.6229146122932434,-0.3865158259868622,0.6657090783119202,-0.9343914985656738,-0.07466407120227814,0.5597692131996155,-0.34645384550094604
1749033593.36628,1.032829999923706,-2.3062006435790003,1.6766098181353968,2.7940170007893066,-2.301701609288351,4.98364782333374,-0.08784353733062744,0.06652706116437912,-0.06717324256896973,-0.14647412300109863,0.15267877280712128,-0.6236009001731873,-0.3715936541557312,0.640008270740509,-0.9190041422843933,-0.07573230564594269,0.5603688955307007,-0.3920428454875946
1749033593.3663259,1.032658576965332,-2.3060370884337367,1.6764662901507776,2.7937113481708984,-2.3013976255999964,4.982388973236084,-0.08748948574066162,0.0657779723405838,-0.06633879989385605,-0.1458478718996048,0.15342868864536285,-0.6279190182685852,-0.412930428981781,0.6472621560096741,-0.9504565000534058,-0.06660465151071548,0.5522793531417847,-0.33372610807418823
1749033593.3663661,1.0324674844741821,-2.3058859310545863,1.6763375441180628,2.7934276300617675,-2.301110569630758,4.9811625480651855,-0.08751273155212402,0.06755930930376053,-0.06755731254816055,-0.14682358503341675,0.15355856716632843,-0.6276004314422607,-0.4225139617919922,0.6748580932617188,-0.9455479383468628,-0.09075046330690384,0.585993766784668,-0.35872504115104675
1749033593.3664048,1.0323187112808228,-2.3057614765562953,1.6762059370623987,2.793128653163574,-2.300795618687765,4.9798970222473145,-0.08963475376367569,0.06848404556512833,-0.06741945445537567,-0.1493517905473709,0.15342393517494202,-0.6281647086143494,-0.385152131319046,0.6374778151512146,-0.9256062507629395,-0.06967771798372269,0.5860342383384705,-0.3745966851711273
1749033593.3664432,1.0321130752563477,-2.305610319177145,1.6760590712176722,2.792803927058838,-2.3004654089557093,4.978646278381348,-0.09069221466779709,0.06790509819984436,-0.06674042344093323,-0.14688055217266083,0.1552235633134842,-0.627937912940979,-0.3767153322696686,0.6426172852516174,-0.9244095087051392,-0.06925733387470245,0.5956103801727295,-0.35694319009780884
1749033593.3664887,1.0319240093231201,-2.3054667911925257,1.6759393850909632,2.7925125795551757,-2.300176445637838,4.9773850440979,-0.09034302830696106,0.06735986471176147,-0.06682316958904266,-0.14941279590129852,0.1548331081867218,-0.6277538537979126,-0.36588460206985474,0.6327184438705444,-0.9431721568107605,-0.07832780480384827,0.5707401633262634,-0.37950462102890015
1749033593.3665287,1.0319240093231201,-2.3054667911925257,1.6759393850909632,2.7925125795551757,-2.300176445637838,4.9773850440979,-0.09034302830696106,0.06735986471176147,-0.06682316958904266,-0.14941279590129852,0.1548331081867218,-0.6277538537979126,-0.36588460206985474,0.6327184438705444,-0.9431721568107605,-0.07832780480384827,0.5707401633262634,-0.37950462102890015
1749033593.3665664,1.0315933227539062,-2.305199285546774,1.675694767628805,2.7919389444538574,-2.2995505968676966,4.974864959716797,-0.0886320099234581,0.06562019139528275,-0.06744236499071121,-0.14581060409545898,0.15524695813655853,-0.6326359510421753,-0.3720317482948303,0.6700805425643921,-0.9280136823654175,-0.08392676711082458,0.538611650466919,-0.2967953085899353
1749033593.3666034,1.0313748121261597,-2.3050910435118617,1.6755593458758753,2.791663809413574,-2.299220148717062,4.973604202270508,-0.09207897633314133,0.06893517076969147,-0.06686188280582428,-0.143744558095932,0.15408538281917572,-0.6313244104385376,-0.35172006487846375,0.6304898858070374,-0.9352670311927795,-0.11245383322238922,0.5459989309310913,-0.341888964176178
1749033593.3666406,1.0312378406524658,-2.3049661121764125,1.6753843466388147,2.791388674373291,-2.298924509678976,4.9723310470581055,-0.08733242005109787,0.06497213989496231,-0.06687203794717789,-0.14440849423408508,0.1567946970462799,-0.6316690444946289,-0.38024890422821045,0.6557888984680176,-0.9306219220161438,-0.10095363855361938,0.5456205010414124,-0.3250501751899719
1749033593.3666778,1.0310306549072266,-2.3047806225218714,1.6752646605121058,2.7911016184040527,-2.2986672560321253,4.971104145050049,-0.08958841860294342,0.06524059921503067,-0.0678628534078598,-0.14435915648937225,0.15332482755184174,-0.6307132244110107,-0.39991581439971924,0.6978920102119446,-0.9444145560264587,-0.1348368227481842,0.5832331776618958,-0.3955596387386322
1749033593.3667147,1.0308632850646973,-2.304690500298971,1.675105396901266,2.790799303645752,-2.2983055750476282,4.969811916351318,-0.09100061655044556,0.0691186711192131,-0.06869407743215561,-0.149855375289917,0.15403933823108673,-0.6335563063621521,-0.3662542402744293,0.6519175171852112,-0.9121268391609192,-0.10774518549442291,0.5624904036521912,-0.38846907019615173
1749033593.366752,1.0306679010391235,-2.3045550785460414,1.6749580542193812,2.790496512050293,-2.298037354146139,4.968578815460205,-0.09030579030513763,0.06596562266349792,-0.06874185800552368,-0.15011945366859436,0.15476001799106598,-0.6375354528427124,-0.35845282673835754,0.6353658437728882,-0.9081909656524658,-0.09923900663852692,0.560204029083252,-0.3082740902900696
1749033593.366789,1.0304850339889526,-2.30436434368276,1.674861256276266,2.7901736932941894,-2.29773456255068,4.9672770500183105,-0.08676859736442566,0.06556186825037003,-0.0684434026479721,-0.15026196837425232,0.155575692653656,-0.6360033750534058,-0.39003506302833557,0.6670650243759155,-0.9167545437812805,-0.10262423753738403,0.560100257396698,-0.31901729106903076
1749033593.366826,1.0303317308425903,-2.3042484722533167,1.6746895948993128,2.7898318010517578,-2.2974162737475794,4.966061592102051,-0.08795935660600662,0.06626328080892563,-0.06795704364776611,-0.1555039882659912,0.15594600141048431,-0.63107830286026,-0.38429537415504456,0.6410180926322937,-0.9213268756866455,-0.0690259039402008,0.5409429669380188,-0.330277681350708
1749033593.3668625,1.0301258563995361,-2.304113050500387,1.6745579878436487,2.7895747858234863,-2.2971048990832728,4.964796543121338,-0.08760945498943329,0.06574182957410812,-0.06733743846416473,-0.1524895578622818,0.1564386934041977,-0.6291719675064087,-0.39863789081573486,0.6567499041557312,-0.9278239011764526,-0.06629467010498047,0.5554723143577576,-0.328499436378479
1749033593.366899,1.0299618244171143,-2.304019113580221,1.6744301954852503,2.7892328935810546,-2.2967973391162317,4.963517665863037,-0.0873824805021286,0.06580960750579834,-0.06694457679986954,-0.15234848856925964,0.15631642937660217,-0.6281492114067078,-0.395018994808197,0.6629955768585205,-0.9131608605384827,-0.05441141128540039,0.5438349843025208,-0.39742499589920044
1749033593.3669357,1.0297751426696777,-2.3038722477354945,1.6742742697345179,2.7889415460773925,-2.29649788538088,4.962315082550049,-0.08669726550579071,0.06557132303714752,-0.06723033636808395,-0.15030604600906372,0.1546132117509842,-0.6297457218170166,-0.4081036448478699,0.6417617797851562,-0.9198811650276184,-0.050404518842697144,0.557815432548523,-0.3587184548377991
1749033593.3669732,1.029618263244629,-2.303720613519186,1.6741545836078089,2.788634939784668,-2.2962213198291224,4.961032867431641,-0.08954419940710068,0.06605689227581024,-0.06766863912343979,-0.1482105404138565,0.1573852002620697,-0.630621075630188,-0.38333573937416077,0.6895186901092529,-0.891911506652832,-0.04824833571910858,0.5440861582756042,-0.34955236315727234
1749033593.36701,1.0293923616409302,-2.3035994968810023,1.6740110556231897,2.7883707719990234,-2.2958560625659388,4.959751129150391,-0.08824165910482407,0.06625637412071228,-0.06640004366636276,-0.14388231933116913,0.15289291739463806,-0.6308575868606567,-0.41009461879730225,0.7020699977874756,-0.9170777797698975,-0.06705830991268158,0.5653466582298279,-0.3583129346370697
1749033593.3678122,1.0292471647262573,-2.30344881633901,1.67389423051943,2.788052721614502,-2.2955523172961634,4.9585065841674805,-0.09151666611433029,0.06698358058929443,-0.06702116876840591,-0.14250491559505463,0.1522883027791977,-0.6329021453857422,-0.33694249391555786,0.6575201749801636,-0.9400150179862976,-0.09992454946041107,0.5734872221946716,-0.3365374803543091
1749033593.3696647,1.0291154384613037,-2.303356786767477,1.6737507025348108,2.787789984340332,-2.295206133519308,4.9571709632873535,-0.08635307848453522,0.06976491212844849,-0.06894206255674362,-0.1421515792608261,0.15638607740402222,-0.632328987121582,-0.3669971823692322,0.6140502691268921,-0.894352912902832,-0.10115252435207367,0.5371948480606079,-0.356411337852478
1749033593.4103076,1.0289244651794434,-2.3032127819456996,1.673584286366598,2.787459536189697,-2.294945303593771,4.955908298492432,-0.08812912553548813,0.0653214156627655,-0.06663378328084946,-0.14370983839035034,0.15363934636116028,-0.632556676864624,-0.3891998827457428,0.6584238409996033,-0.9154349565505981,-0.09266842901706696,0.5657684803009033,-0.35129228234291077
1749033593.410356,1.0287457704544067,-2.303061624566549,1.6734679380999964,2.787203474635742,-2.2945755163775843,4.954618453979492,-0.08813143521547318,0.06561518460512161,-0.06783047318458557,-0.14572426676750183,0.15588127076625824,-0.6308962106704712,-0.38948512077331543,0.6540939807891846,-0.912246823310852,-0.0809691920876503,0.564864993095398,-0.31589972972869873
1749033593.4103968,1.028573751449585,-2.3028933010497035,1.6733315626727503,2.7869011598774414,-2.2942801157580774,4.9533843994140625,-0.08857056498527527,0.06921117752790451,-0.06861058622598648,-0.14581607282161713,0.15667793154716492,-0.6300148367881775,-0.38470256328582764,0.5983309149742126,-0.8889610767364502,-0.10513049364089966,0.5355970859527588,-0.34708908200263977
1749033593.410436,1.0284011363983154,-2.30277742962026,1.6731804052936,2.7865750032612304,-2.2939842383014124,4.952134132385254,-0.0889446809887886,0.06568630784749985,-0.0687476396560669,-0.14620204269886017,0.15632161498069763,-0.6276301145553589,-0.38455355167388916,0.6404878497123718,-0.8858275413513184,-0.09669674932956696,0.5334777235984802,-0.3558681905269623
1749033593.4104736,1.028210163116455,-2.302633901635641,1.6730716864215296,2.7862912851520996,-2.293649975453512,4.950852394104004,-0.08868729323148727,0.06522288173437119,-0.06806158274412155,-0.14898242056369781,0.15475425124168396,-0.6288375854492188,-0.3699518144130707,0.6578934788703918,-0.8789674043655396,-0.06924887001514435,0.5549725294113159,-0.31458574533462524
1749033593.410519,1.0280349254608154,-2.3024946651854457,1.6729119459735315,2.7860275942036132,-2.2933664957629603,4.94963264465332,-0.08918642997741699,0.06615927070379257,-0.06902749836444855,-0.14701499044895172,0.15395969152450562,-0.62689208984375,-0.39501649141311646,0.6477083563804626,-0.868920087814331,-0.08149885386228561,0.5576380491256714,-0.3687450587749481
1749033593.4105823,1.0278747081756592,-2.302354951898092,1.6727612654315394,2.7856976228901367,-2.293105427418844,4.9483561515808105,-0.08662699908018112,0.06565897166728973,-0.06791549921035767,-0.1468265950679779,0.15400122106075287,-0.6283819079399109,-0.37746530771255493,0.6408340930938721,-0.8337424397468567,-0.07262837141752243,0.5545772910118103,-0.3505498170852661
1749033593.4106243,1.0276986360549927,-2.302225729028219,1.6726177374469202,2.7854296404072265,-2.2927871386157435,4.947134971618652,-0.09185533970594406,0.06515254825353622,-0.06494990736246109,-0.14678411185741425,0.1586281806230545,-0.6304295659065247,-0.36812400817871094,0.6416176557540894,-0.9020230174064636,-0.08047497272491455,0.5265117883682251,-0.3265039324760437
1749033593.410663,1.0275036096572876,-2.302094121972555,1.6724932829486292,2.7851578432270507,-2.2925036589251917,4.945831298828125,-0.08719438314437866,0.0655587911605835,-0.0656595453619957,-0.142597034573555,0.1549503356218338,-0.6260066032409668,-0.3867085576057434,0.6797401905059814,-0.9168422222137451,-0.10514945536851883,0.5504066944122314,-0.3522190451622009
1749033593.4107006,1.027320384979248,-2.3019901714720667,1.6723769346820276,2.784864588374756,-2.2921574751483362,4.944653511047363,-0.08846495300531387,0.06534533947706223,-0.06751873344182968,-0.14177758991718292,0.15491977334022522,-0.6274793148040771,-0.42181965708732605,0.6530390977859497,-0.8729031682014465,-0.1174585372209549,0.5658804178237915,-0.33432134985923767
1749033593.4107375,1.0271339416503906,-2.3018533192076625,1.672241512929098,2.7845894533344726,-2.291830364857809,4.943355560302734,-0.08921805769205093,0.06606902927160263,-0.06518903374671936,-0.14355170726776123,0.15441016852855682,-0.6251767873764038,-0.3698590099811554,0.6845903992652893,-0.9025912880897522,-0.12633472681045532,0.5489868521690369,-0.3699774742126465
1749033593.4107769,1.0270198583602905,-2.3017178974547328,1.672114674245016,2.7842904764362792,-2.291542116795675,4.942124843597412,-0.08893560618162155,0.06607172638177872,-0.06466840952634811,-0.14515823125839233,0.1528322696685791,-0.629785418510437,-0.3797210156917572,0.6221957802772522,-0.9257193803787231,-0.10219518840312958,0.567463219165802,-0.3772956132888794
1749033593.4108138,1.026759386062622,-2.3015829525389613,1.6719711462603968,2.783984346980713,-2.2912583986865442,4.9408278465271,-0.08955848217010498,0.06567679345607758,-0.06512588262557983,-0.14604546129703522,0.154232919216156,-0.6340635418891907,-0.3719818592071533,0.6447610259056091,-0.9138142466545105,-0.11162272095680237,0.5776921510696411,-0.3172665238380432
1749033593.4108505,1.0265986919403076,-2.301462789575094,1.6718772093402308,2.7836853700825195,-2.290919605885641,4.93956995010376,-0.08946303278207779,0.06536523252725601,-0.06501593440771103,-0.1527249813079834,0.15523092448711395,-0.632689893245697,-0.38138577342033386,0.6640318632125854,-0.9120181202888489,-0.10195207595825195,0.5671361684799194,-0.3305447995662689
1749033593.4108918,1.0264360904693604,-2.3013187847533167,1.671704117451803,2.7833706575581054,-2.290616814290182,4.938313007354736,-0.08834894001483917,0.06687469780445099,-0.06503579020500183,-0.15042243897914886,0.1566576212644577,-0.6294878125190735,-0.3920396566390991,0.6588801741600037,-0.9100709557533264,-0.08313973248004913,0.5613613724708557,-0.3405371308326721
1749033593.4109292,1.026282548904419,-2.3012262783446253,1.6715877691852015,2.7830826479145507,-2.2903557459460657,4.937070846557617,-0.08929353952407837,0.06655941158533096,-0.06442566961050034,-0.1487875133752823,0.15696340799331665,-0.6279303431510925,-0.37460169196128845,0.6185115575790405,-0.9153647422790527,-0.0852876827120781,0.5607083439826965,-0.33804917335510254
1749033593.4109662,1.0260759592056274,-2.301051279107565,1.6714709440814417,2.7827645975300292,-2.2900171915637415,4.935871601104736,-0.08955754339694977,0.06648384034633636,-0.0653209239244461,-0.15445633232593536,0.15574733912944794,-0.6241878271102905,-0.3860594630241394,0.6407701373100281,-0.9242051243782043,-0.06578540802001953,0.5556861162185669,-0.4139609932899475
1749033593.4110024,1.0258886814117432,-2.3009120426573695,1.6713622252093714,2.78243796407666,-2.2897024790393274,4.934585094451904,-0.09013570845127106,0.06698636710643768,-0.06519048660993576,-0.1496327668428421,0.15354609489440918,-0.6309201717376709,-0.35379526019096375,0.6582610607147217,-0.9341340065002441,-0.049749016761779785,0.5678660869598389,-0.3811087906360626
1749033593.4110386,1.0256857872009277,-2.30081905941152,1.6712029615985315,2.782139464015625,-2.2894304434405726,4.9333109855651855,-0.09067089855670929,0.06939709186553955,-0.06557769328355789,-0.1481933444738388,0.15533792972564697,-0.6325753331184387,-0.32780611515045166,0.598303496837616,-0.9157177209854126,-0.0666244775056839,0.5586832165718079,-0.30687519907951355
1749033593.411075,1.0255095958709717,-2.3006988964476527,1.671039883290426,2.7818161684223632,-2.289100233708517,4.9320454597473145,-0.09122016280889511,0.06602155417203903,-0.06563923507928848,-0.14675955474376678,0.1530698984861374,-0.6301470398902893,-0.3387961983680725,0.6400862336158752,-0.9248788356781006,-0.045495662838220596,0.549690842628479,-0.3364938795566559
1749033593.4116218,1.0253453254699707,-2.300523420373434,1.6709240118609827,2.781529112453125,-2.288781706486837,4.930807590484619,-0.08771486580371857,0.0663202702999115,-0.06525478512048721,-0.14504186809062958,0.15111929178237915,-0.6284428238868713,-0.31192487478256226,0.6357761025428772,-0.9286508560180664,-0.07464013248682022,0.5800532102584839,-0.33490854501724243
1749033593.413633,1.0251541137695312,-2.300384660760397,1.6707804838763636,2.781261606807373,-2.2885053793536585,4.929568290710449,-0.08626280725002289,0.06805896759033203,-0.06663188338279724,-0.14507260918617249,0.15486584603786469,-0.6248428225517273,-0.39497998356819153,0.5961450934410095,-0.9180497527122498,-0.059927068650722504,0.5808167457580566,-0.3837028741836548
1749033593.4542935,1.025010108947754,-2.3002406559386195,1.6706331411944788,2.7809745508381347,-2.288194243107931,4.928276062011719,-0.0896124392747879,0.06429023295640945,-0.06531576812267303,-0.14328674972057343,0.15146027505397797,-0.6260313391685486,-0.34908559918403625,0.6544268131256104,-0.9076908230781555,-0.0810270756483078,0.5844465494155884,-0.3861737549304962
1749033593.4543405,1.0248500108718872,-2.300120016137594,1.6705086866961878,2.780715151424072,-2.2878997961627405,4.927011489868164,-0.08589190989732742,0.06581495702266693,-0.06635896116495132,-0.14357328414916992,0.153164803981781,-0.6293545961380005,-0.40462711453437805,0.6444575190544128,-0.907881498336792,-0.08142779767513275,0.5856167078018188,-0.31401383876800537
1749033593.454383,1.0246437788009644,-2.3000241718687953,1.670373264943258,2.780440493220947,-2.2875645796405237,4.925775527954102,-0.08751554042100906,0.06605397164821625,-0.06650451570749283,-0.14441151916980743,0.15575163066387177,-0.626655638217926,-0.3773883581161499,0.6347613334655762,-0.9087808728218079,-0.08940977603197098,0.5968445539474487,-0.33033430576324463
1749033593.454426,1.0244801044464111,-2.299892087975973,1.6702569166766565,2.780132933253906,-2.2872605959521692,4.924455642700195,-0.0875643715262413,0.06565618515014648,-0.06505930423736572,-0.14606809616088867,0.1572423130273819,-0.6243055462837219,-0.37400615215301514,0.6553741693496704,-0.9119461178779602,-0.05997570604085922,0.5706722736358643,-0.35267138481140137
1749033593.4544675,1.0242847204208374,-2.299736639062399,1.6701095739947718,2.77985064565625,-2.2869301478015345,4.923227787017822,-0.08776265382766724,0.06539461016654968,-0.06566903740167618,-0.14483362436294556,0.15662004053592682,-0.6219068765640259,-0.3778002858161926,0.6612459421157837,-0.9234820604324341,-0.09346354007720947,0.5643088221549988,-0.3205050826072693
1749033593.4545205,1.0240981578826904,-2.2996822796263636,1.6699898878680628,2.779547854060791,-2.2866464296924036,4.922007083892822,-0.08809970319271088,0.0646108090877533,-0.0651150718331337,-0.1505165547132492,0.15669293701648712,-0.6203926205635071,-0.35817575454711914,0.6790174841880798,-0.9142287969589233,-0.06121017411351204,0.5804500579833984,-0.4016944169998169
1749033593.4545703,1.0239765644073486,-2.299492498437399,1.6698735396014612,2.7792646127888183,-2.286269489918844,4.920769214630127,-0.0882895216345787,0.06514670699834824,-0.06398084759712219,-0.14734934270381927,0.15566308796405792,-0.6246187686920166,-0.3721425533294678,0.6894983053207397,-0.9408465623855591,-0.0652896985411644,0.5812954902648926,-0.36492422223091125
1749033593.4546106,1.0237464904785156,-2.2993608913817347,1.6696990172015589,2.7789627748676757,-2.2860191504107874,4.919518947601318,-0.08778861165046692,0.06361272931098938,-0.064942866563797,-0.1475396603345871,0.15709300339221954,-0.6263645887374878,-0.38609543442726135,0.6992684602737427,-0.9410223364830017,-0.07311281561851501,0.5577304363250732,-0.3351023495197296
1749033593.4546485,1.0236018896102905,-2.299248357812399,1.6695945898639124,2.778670473689697,-2.285713020955221,4.918252468109131,-0.09150924533605576,0.06789941340684891,-0.06676017493009567,-0.15136627852916718,0.15232807397842407,-0.6264464855194092,-0.35040825605392456,0.6571796536445618,-0.9172243475914001,-0.04214049130678177,0.5665411949157715,-0.34971150755882263
1749033593.4546857,1.0233992338180542,-2.2990814648070277,1.6694477240191858,2.7783681589313964,-2.2854061762439173,4.916993618011475,-0.0872805193066597,0.06413151323795319,-0.06408897787332535,-0.1463562250137329,0.1520180106163025,-0.6276825070381165,-0.3694278597831726,0.688319981098175,-0.9229540824890137,-0.0627875030040741,0.5915857553482056,-0.33591562509536743
1749033593.4547272,1.0232739448547363,-2.298965116540426,1.6692841688739222,2.778069182033203,-2.2851057688342493,4.915733337402344,-0.08833810687065125,0.06488048285245895,-0.06506984680891037,-0.14531850814819336,0.15236788988113403,-0.626246988773346,-0.38570985198020935,0.7030109167098999,-0.9322460293769836,-0.06795959174633026,0.5653600692749023,-0.3670574426651001
1749033593.454765,1.0230637788772583,-2.29885258297109,1.6691754500018519,2.7777973848530273,-2.2848029772387903,4.914505481719971,-0.09004002809524536,0.06907395273447037,-0.06494329124689102,-0.14527100324630737,0.15157338976860046,-0.6270662546157837,-0.3281225562095642,0.6271917223930359,-0.9408712983131409,-0.07055991888046265,0.5924789905548096,-0.39174818992614746
1749033593.454802,1.0228800773620605,-2.2986823521056117,1.669074837361471,2.7774998384663085,-2.2844675222979944,4.913228988647461,-0.08782817423343658,0.06620661169290543,-0.06516540050506592,-0.14560161530971527,0.1505390852689743,-0.6317878365516663,-0.3404685854911804,0.6692058444023132,-0.9329827427864075,-0.0699651688337326,0.5853449702262878,-0.31665724515914917
1749033593.4548385,1.0227077007293701,-2.2985578976073207,1.6689117590533655,2.7771927553364257,-2.2841995398150843,4.9119954109191895,-0.08751202374696732,0.06651391088962555,-0.0644429475069046,-0.1465677171945572,0.15065795183181763,-0.6302242279052734,-0.3649054169654846,0.6535545587539673,-0.9340701699256897,-0.06677375733852386,0.5899547338485718,-0.3117566406726837
1749033593.4548793,1.0224967002868652,-2.2984467945494593,1.6687682310687464,2.776921434993408,-2.283837858830587,4.910733222961426,-0.08837437629699707,0.06721905618906021,-0.06460408866405487,-0.14651653170585632,0.15247742831707,-0.6286390423774719,-0.3380413055419922,0.6575186252593994,-0.944491446018219,-0.0846579521894455,0.6002700328826904,-0.3399442732334137
1749033593.4549162,1.0223450660705566,-2.298278947869772,1.6686409155475062,2.77663437902417,-2.283572260533468,4.909451484680176,-0.08762091398239136,0.06790432333946228,-0.06643328070640564,-0.15044035017490387,0.1545138657093048,-0.627406895160675,-0.36431676149368286,0.6720032095909119,-0.9264411926269531,-0.0675538033246994,0.5882806181907654,-0.33445218205451965
1749033593.454953,1.0221583843231201,-2.2981659374632777,1.6685317198382776,2.7763354021259765,-2.2832024733172815,4.908206462860107,-0.08684341609477997,0.06803442537784576,-0.06653361767530441,-0.1486435830593109,0.15567940473556519,-0.6258363127708435,-0.37027615308761597,0.6496443152427673,-0.9096038937568665,-0.05147193744778633,0.5504149198532104,-0.3773875832557678
1749033593.4549904,1.0219860076904297,-2.298058172265524,1.6683810392962855,2.776036425227783,-2.282914940510885,4.906957149505615,-0.08652551472187042,0.06742865592241287,-0.06537345051765442,-0.14779174327850342,0.15446247160434723,-0.6270266771316528,-0.3612057864665985,0.635928213596344,-0.9357201457023621,-0.054012615233659744,0.5545707941055298,-0.3426215648651123
1749033593.4550314,1.0217911005020142,-2.2978984318175257,1.6682336966144007,2.775709791774414,-2.282607380543844,4.905754566192627,-0.08658930659294128,0.06783806532621384,-0.06613896042108536,-0.15153582394123077,0.15140104293823242,-0.6263481974601746,-0.3737057149410248,0.6577610373497009,-0.9347019791603088,-0.044518157839775085,0.5694389343261719,-0.32281237840652466
1749033593.4550686,1.0216195583343506,-2.297751565972799,1.6681211630450647,2.775423212642334,-2.2822611967669886,4.90446138381958,-0.08677991479635239,0.06744406372308731,-0.06839165091514587,-0.14688219130039215,0.15342551469802856,-0.6257622838020325,-0.3599110245704651,0.6403383016586304,-0.889858603477478,-0.04186105728149414,0.5532917976379395,-0.3470459580421448
1749033593.4556499,1.0214942693710327,-2.2976542911925257,1.6679704825030726,2.775143786067627,-2.2819584051715296,4.903242111206055,-0.08691668510437012,0.06678891181945801,-0.06619412451982498,-0.14460937678813934,0.1502407193183899,-0.6259748935699463,-0.3680005669593811,0.6224970817565918,-0.9164423942565918,-0.05821673944592476,0.5662656426429749,-0.35232508182525635
1749033593.4576502,1.0212759971618652,-2.2975064716734828,1.6678226629840296,2.774836702937744,-2.2816785017596644,4.901980876922607,-0.08942290395498276,0.06705043464899063,-0.06744906306266785,-0.14593960344791412,0.14717742800712585,-0.6246776580810547,-0.35831019282341003,0.6706070899963379,-0.8969476819038391,-0.03270696476101875,0.5943955183029175,-0.3671935200691223
1749033593.4982982,1.0210968255996704,-2.297393938104147,1.6677139441119593,2.774569197291992,-2.2813947836505335,4.900743007659912,-0.08642584085464478,0.06721184402704239,-0.06794677674770355,-0.14545102417469025,0.14999377727508545,-0.626614511013031,-0.35447177290916443,0.6362060308456421,-0.8892248272895813,-0.0644189640879631,0.5632067322731018,-0.38947704434394836
1749033593.4983447,1.0208977460861206,-2.2972079716124476,1.6675623098956507,2.774317904109619,-2.281041924153463,4.899508476257324,-0.08709900826215744,0.06725603342056274,-0.06908555328845978,-0.14635536074638367,0.1465015560388565,-0.6291946768760681,-0.3868277668952942,0.6551802158355713,-0.8693320751190186,-0.06446141004562378,0.5929473042488098,-0.3672003746032715
1749033593.4983864,1.0207185745239258,-2.2970835171141566,1.6674225966082972,2.7740189272114257,-2.2807844320880335,4.898188591003418,-0.09028996527194977,0.06766228377819061,-0.06740035861730576,-0.14590847492218018,0.1477777510881424,-0.6313050389289856,-0.3084180951118469,0.6715137958526611,-0.8829755783081055,-0.07458917796611786,0.6263437271118164,-0.3763536512851715
1749033593.4984264,1.0205817222595215,-2.296940942803854,1.6672948042498987,2.7737409311481933,-2.2804539839373987,4.896961212158203,-0.08879709988832474,0.0667673870921135,-0.06713956594467163,-0.149774432182312,0.1498609483242035,-0.6314264535903931,-0.34429019689559937,0.6660463213920593,-0.8870094418525696,-0.06491518020629883,0.5956210494041443,-0.34394583106040955
1749033593.4984658,1.0204366445541382,-2.2968160114684046,1.6671789328204554,2.773453875178955,-2.2801664511310022,4.895704746246338,-0.08837901800870895,0.06539500504732132,-0.0668250173330307,-0.15225835144519806,0.15131478011608124,-0.6325334310531616,-0.36103078722953796,0.6896908283233643,-0.8908934593200684,-0.05822840332984924,0.600567102432251,-0.33669474720954895
1749033593.498504,1.0201915502548218,-2.2966681919493617,1.6670315901385706,2.7731548982807617,-2.2798855940448206,4.894395351409912,-0.08808421343564987,0.0687749907374382,-0.06628265976905823,-0.15167343616485596,0.15475498139858246,-0.6304409503936768,-0.3708091080188751,0.6487330794334412,-0.8912644982337952,-0.06403650343418121,0.5883907079696655,-0.34111249446868896
1749033593.4985423,1.020066738128662,-2.2965713940062464,1.6668995062457483,2.7728444772907714,-2.2795169989215296,4.8931379318237305,-0.0875626653432846,0.06612174957990646,-0.06556824594736099,-0.15728117525577545,0.15720108151435852,-0.6298769116401672,-0.3622494339942932,0.6382185816764832,-0.8963325023651123,-0.017004430294036865,0.5595051050186157,-0.32822877168655396
1749033593.4985795,1.0198479890823364,-2.296432157556051,1.6667798201190394,2.7725297647663574,-2.2791741530047815,4.8918561935424805,-0.0871942937374115,0.0654328241944313,-0.06589021533727646,-0.15330737829208374,0.1603763997554779,-0.6293140649795532,-0.37990492582321167,0.6697275042533875,-0.9072640538215637,-0.03323274105787277,0.5264008045196533,-0.3163139522075653
1749033593.498617,1.0196646451950073,-2.2963115177550257,1.6666324774371546,2.7722150522419433,-2.2789247671710413,4.890649795532227,-0.0866217091679573,0.06794679909944534,-0.06515657901763916,-0.1515553742647171,0.15514957904815674,-0.6254514455795288,-0.36166489124298096,0.6606159210205078,-0.9076265096664429,-0.029171958565711975,0.5528829097747803,-0.3484472930431366
1749033593.4986541,1.0195081233978271,-2.296183248559469,1.6665008703814905,2.7718493181416015,-2.2786453405963343,4.889364242553711,-0.08683311194181442,0.06776957958936691,-0.06581035256385803,-0.1530086100101471,0.15387019515037537,-0.6262492537498474,-0.38304412364959717,0.6335803270339966,-0.8860722780227661,0.013525761663913727,0.540117621421814,-0.32130903005599976
1749033593.4986908,1.019324779510498,-2.2960359058775843,1.6663687864886683,2.771561308498047,-2.2782910505877894,4.888129234313965,-0.08614800125360489,0.06764663010835648,-0.06621234863996506,-0.14839860796928406,0.1548379808664322,-0.6257308721542358,-0.35591596364974976,0.6636287569999695,-0.9047806859016418,-0.021126307547092438,0.5588350296020508,-0.3591154217720032
1749033593.498727,1.0191301107406616,-2.295915742913717,1.6662023703204554,2.771253748531006,-2.2780068556415003,4.886851787567139,-0.08590281754732132,0.06982157379388809,-0.06770355999469757,-0.14676567912101746,0.15001000463962555,-0.6294350028038025,-0.3822833299636841,0.6387062668800354,-0.8913689255714417,-0.007390078157186508,0.5768784880638123,-0.36310815811157227
1749033593.4987638,1.0189658403396606,-2.2957684002318324,1.6661246458636683,2.770970507259033,-2.277656380330221,4.885594367980957,-0.09004717320203781,0.0684187039732933,-0.06574685126543045,-0.14592251181602478,0.15070828795433044,-0.631847083568573,-0.32961025834083557,0.6352742910385132,-0.8884487152099609,-0.008397623896598816,0.5762736201286316,-0.2938154637813568
1749033593.4988043,1.0188021659851074,-2.295605321923727,1.6659305731402796,2.7706796365925292,-2.277400318776266,4.884366035461426,-0.0868661180138588,0.06820157170295715,-0.06654929369688034,-0.14474382996559143,0.14963629841804504,-0.6323336362838745,-0.37416067719459534,0.6462477445602417,-0.9114694595336914,-0.020128294825553894,0.6003579497337341,-0.3318711221218109
1749033593.4988425,1.0186306238174438,-2.295504709283346,1.6658180395709437,2.7704049783894042,-2.277077023183004,4.88308572769165,-0.08781329542398453,0.06864576041698456,-0.06652182340621948,-0.145022451877594,0.14990560710430145,-0.6292041540145874,-0.34904301166534424,0.6421454548835754,-0.8850907683372498,-0.02525286376476288,0.6075682640075684,-0.34306925535202026
1749033593.4988782,1.0184621810913086,-2.2953487835326136,1.6656859556781214,2.770110769862793,-2.2767675558673304,4.881842136383057,-0.0882924348115921,0.06681286543607712,-0.06560930609703064,-0.1449507176876068,0.1505950540304184,-0.6289052963256836,-0.33412110805511475,0.6182060241699219,-0.9019467234611511,-0.02151717245578766,0.5960252285003662,-0.3062237501144409
1749033593.4989147,1.018275260925293,-2.295260091821188,1.665558163319723,2.7698585230061035,-2.276466671620504,4.880605220794678,-0.08689863979816437,0.06748725473880768,-0.06688249111175537,-0.143764927983284,0.1508215218782425,-0.6268904805183411,-0.34786587953567505,0.6213275194168091,-0.8830493688583374,-0.04615248739719391,0.5976020097732544,-0.3738212287425995
1749033593.498951,1.018104910850525,-2.295112272302145,1.6654146353351038,2.769512339229248,-2.2761409918414515,4.8793044090271,-0.08688437938690186,0.06585630029439926,-0.06811098754405975,-0.14804707467556,0.15315943956375122,-0.6306284070014954,-0.36353909969329834,0.6328378319740295,-0.858500599861145,-0.009012728929519653,0.5994164347648621,-0.33357614278793335
1749033593.4989865,1.0179094076156616,-2.2949840031065882,1.6652949492083948,2.769256277675293,-2.2758453528033655,4.878086566925049,-0.08680957555770874,0.06653263419866562,-0.06474809348583221,-0.14407934248447418,0.15619340538978577,-0.6307799220085144,-0.37369129061698914,0.660425066947937,-0.9041271209716797,-0.03660513460636139,0.5493414998054504,-0.2807377576828003
1749033593.4990232,1.0177726745605469,-2.2948175869383753,1.665187184010641,2.768923445338867,-2.2755253950702112,4.876805305480957,-0.08671551942825317,0.06621906906366348,-0.06554539501667023,-0.14641402661800385,0.15601281821727753,-0.627769947052002,-0.3571018576622009,0.674223780632019,-0.8905269503593445,-0.041001781821250916,0.5559059381484985,-0.34573015570640564
1749033593.4996715,1.0175814628601074,-2.294701238671774,1.6650274435626429,2.7686397272297363,-2.2751992384540003,4.875537872314453,-0.08724462985992432,0.06723814457654953,-0.06606373935937881,-0.14933760464191437,0.15691077709197998,-0.6266118884086609,-0.36702868342399597,0.6184573173522949,-0.8883926272392273,0.017344042658805847,0.5465568900108337,-0.3573349118232727
1749033593.5016198,1.0175814628601074,-2.294701238671774,1.6650274435626429,2.7686397272297363,-2.2751992384540003,4.875537872314453,-0.08724462985992432,0.06723814457654953,-0.06606373935937881,-0.14933760464191437,0.15691077709197998,-0.6266118884086609,-0.36702868342399597,0.6184573173522949,-0.8883926272392273,0.017344042658805847,0.5465568900108337,-0.3573349118232727
1749033593.5424368,1.0171643495559692,-2.2943908176817835,1.6647799650775355,2.768092318172119,-2.2745917479144495,4.873082160949707,-0.08657440543174744,0.06623879075050354,-0.06599480658769608,-0.14546751976013184,0.14778488874435425,-0.6265246272087097,-0.37074586749076843,0.6578091382980347,-0.8826606869697571,-0.02218376100063324,0.5764217972755432,-0.3865332305431366
1749033593.542489,1.0170472860336304,-2.294273992578024,1.6646598021136683,2.767782374019287,-2.2743118445025843,4.8718390464782715,-0.08701422065496445,0.06518933176994324,-0.06466805189847946,-0.14269165694713593,0.14957965910434723,-0.629413366317749,-0.3723231554031372,0.6646514534950256,-0.8857510089874268,-0.031523291021585464,0.5743635892868042,-0.3315852880477905
1749033593.542531,1.0168633460998535,-2.2941390476622523,1.6645124594317835,2.767542524928711,-2.2739904562579554,4.8705668449401855,-0.08544568717479706,0.06482983380556107,-0.06380117684602737,-0.14277401566505432,0.1476849913597107,-0.6297745108604431,-0.3459055721759796,0.674505352973938,-0.9165319204330444,-0.061225637793540955,0.5942476987838745,-0.3245091438293457
1749033593.5425708,1.0167109966278076,-2.2940455875792445,1.6643841902362269,2.767239733333252,-2.273691002522604,4.8692851066589355,-0.08588209003210068,0.06496404856443405,-0.06638190895318985,-0.1426028609275818,0.14880682528018951,-0.6262421011924744,-0.3858790695667267,0.6736921072006226,-0.9118090271949768,-0.06550052016973495,0.6029319167137146,-0.35054829716682434
1749033593.5426135,1.0165317058563232,-2.2938906155028285,1.6642487684832972,2.766941710109375,-2.273442093526022,4.868039608001709,-0.08967724442481995,0.0657053217291832,-0.06462915241718292,-0.1458704173564911,0.1510154753923416,-0.6239089965820312,-0.2923611104488373,0.6743312478065491,-0.8986617922782898,-0.06585477292537689,0.5975421667098999,-0.375234991312027
1749033593.5426538,1.0163400173187256,-2.293746610681051,1.6641014258014124,2.7666584688374023,-2.273111645375387,4.866847515106201,-0.0864461362361908,0.0663967877626419,-0.06354433298110962,-0.14712664484977722,0.15517491102218628,-0.6234011650085449,-0.37053969502449036,0.60610431432724,-0.9079847931861877,-0.042353734374046326,0.5527523756027222,-0.3408087491989136
1749033593.5426927,1.0161571502685547,-2.2936350307860316,1.6640084425555628,2.766331835384033,-2.272764507924215,4.865523338317871,-0.0855470672249794,0.06478171050548553,-0.0645746961236,-0.14748674631118774,0.15570685267448425,-0.6259691715240479,-0.3273014724254608,0.6344462633132935,-0.9103636741638184,-0.04449259117245674,0.5364751815795898,-0.2834042012691498
1749033593.5427313,1.015961766242981,-2.293518205682272,1.6638534704791468,2.766044779414795,-2.2725194136248987,4.8642659187316895,-0.08427800983190536,0.06411036103963852,-0.0637524276971817,-0.14883336424827576,0.1579369604587555,-0.6184958219528198,-0.40197011828422546,0.6827016472816467,-0.9123693108558655,-0.032822318375110626,0.5463483929634094,-0.3419155776500702
1749033593.5427687,1.0157790184020996,-2.2933670483031214,1.6637457052813929,2.7657648760029296,-2.272154156361715,4.863067150115967,-0.08559377491474152,0.06660083681344986,-0.06128471717238426,-0.14466547966003418,0.15646155178546906,-0.6165380477905273,-0.3846978545188904,0.6770733594894409,-0.9520233869552612,-0.03982546180486679,0.5305541753768921,-0.4181804656982422
1749033593.5428064,1.0156421661376953,-2.293239255944723,1.6636298338519495,2.765463038081787,-2.2718589941607874,4.861774921417236,-0.08726365864276886,0.06824181228876114,-0.06283082813024521,-0.14508117735385895,0.1533997803926468,-0.6193342208862305,-0.3679542541503906,0.6473276019096375,-0.9562026262283325,-0.04313308000564575,0.5572037100791931,-0.37770068645477295
1749033593.5429056,1.015467643737793,-2.293103357354635,1.6635101477252405,2.765179319972656,-2.271543804799215,4.860544681549072,-0.08635129779577255,0.0689372569322586,-0.06333164870738983,-0.15109103918075562,0.15580777823925018,-0.6217000484466553,-0.365906685590744,0.6138796806335449,-0.9597300887107849,-0.003630131483078003,0.5458869934082031,-0.3695499300956726
1749033593.5430195,1.0152866840362549,-2.292971273461813,1.6633785406695765,2.7649118143269042,-2.2712515036212366,4.859293460845947,-0.09011431783437729,0.06814800947904587,-0.06406787782907486,-0.1483536958694458,0.1504853516817093,-0.623252809047699,-0.3340705335140228,0.6344745755195618,-0.9685596823692322,-0.009120151400566101,0.5585571527481079,-0.3847152590751648
1749033593.5430593,1.0150965452194214,-2.2928277454771937,1.6632464567767542,2.764625235194824,-2.2709372679339808,4.858056545257568,-0.08657585829496384,0.06799022108316422,-0.06398218125104904,-0.14725273847579956,0.14911361038684845,-0.6268585920333862,-0.3891027867794037,0.6483340263366699,-0.9494954347610474,-0.008361684158444405,0.5796425342559814,-0.34777164459228516
1749033593.5430968,1.0148975849151611,-2.292703767816061,1.6631267706500452,2.764314814204834,-2.2706497351275843,4.856812477111816,-0.08887623250484467,0.0677265077829361,-0.0645400881767273,-0.1457536220550537,0.14970935881137848,-0.6259990334510803,-0.34944766759872437,0.6169393062591553,-0.9589565992355347,-0.017188027501106262,0.5839839577674866,-0.35865217447280884
1749033593.543134,1.0147804021835327,-2.2925826511778773,1.6629985014544886,2.7640511232563476,-2.270296875630514,4.855562210083008,-0.08579126000404358,0.06616277992725372,-0.06644100695848465,-0.14545732736587524,0.1506115198135376,-0.625186562538147,-0.35987389087677,0.6489241719245911,-0.9515427350997925,-0.04556877911090851,0.5790802836418152,-0.3774949908256531
1749033593.5431747,1.0145692825317383,-2.292454858819479,1.6628196875201624,2.7637292581745605,-2.270050350819723,4.854290008544922,-0.08589808642864227,0.06771404296159744,-0.06762717664241791,-0.14673955738544464,0.15310674905776978,-0.6259930729866028,-0.39506033062934875,0.6550847887992859,-0.9222442507743835,-0.043134674429893494,0.5710592269897461,-0.3451312184333801
1749033593.5432131,1.0144141912460327,-2.292288442651266,1.662703816090719,2.763446016902588,-2.269754711781637,4.853055953979492,-0.08642930537462234,0.06538697332143784,-0.06827718764543533,-0.14836417138576508,0.15405844151973724,-0.6258521676063538,-0.39365512132644653,0.6985694169998169,-0.9229375123977661,-0.04993012547492981,0.5666172504425049,-0.4085964560508728
1749033593.54325,1.0142502784729004,-2.2921444378294886,1.6625450293170374,2.7631160455891113,-2.2694481054889124,4.851781845092773,-0.0870690569281578,0.0660025030374527,-0.0675603374838829,-0.15072456002235413,0.15608347952365875,-0.6315281391143799,-0.3714650273323059,0.6672556400299072,-0.9239466190338135,-0.02706179767847061,0.5402071475982666,-0.36427974700927734
1749033593.5432873,1.0140550136566162,-2.292028089562887,1.6624162832843226,2.7628204065510253,-2.2691105047809046,4.850491046905518,-0.0865146741271019,0.06831331551074982,-0.06771701574325562,-0.1537727564573288,0.15881317853927612,-0.6332319378852844,-0.4098035991191864,0.6303602457046509,-0.8995316028594971,-0.012544980272650719,0.5459953546524048,-0.2984016537666321
1749033593.5433238,1.0138792991638184,-2.2918526134886683,1.6622965971576136,2.762556238765381,-2.2688024679767054,4.849255561828613,-0.08805988729000092,0.06401187926530838,-0.06731530278921127,-0.1505206972360611,0.15762010216712952,-0.631993293762207,-0.3835373818874359,0.6861957311630249,-0.9270183444023132,0.009546324610710144,0.5450060367584229,-0.3407626748085022
1749033593.5436997,1.0137078762054443,-2.291708608666891,1.6621411482440394,2.762242003078125,-2.2684763113604944,4.847961902618408,-0.08848760277032852,0.06474483013153076,-0.06681790202856064,-0.14698296785354614,0.15590393543243408,-0.6329250335693359,-0.37585169076919556,0.7015966176986694,-0.924338698387146,-0.03663235902786255,0.5323092937469482,-0.35212811827659607
1749033593.545637,1.0134857892990112,-2.2915927372374476,1.6620209852801722,2.7619549471088867,-2.268195931111471,4.8467206954956055,-0.08897216618061066,0.06572030484676361,-0.06668046116828918,-0.15149714052677155,0.15887853503227234,-0.6322166919708252,-0.371595561504364,0.6549416184425354,-0.9236560463905334,-0.015490919351577759,0.5530394315719604,-0.32192277908325195
1749033593.5862844,1.0133286714553833,-2.291445394555563,1.6619051138507288,2.7616488176533203,-2.2678845564471644,4.845434188842773,-0.0875847190618515,0.06482572108507156,-0.06673317402601242,-0.14575178921222687,0.1553005576133728,-0.630230724811554,-0.37780794501304626,0.6797392964363098,-0.9515541791915894,-0.03306441754102707,0.5425660014152527,-0.39190325140953064
1749033593.58633,1.0131852626800537,-2.291356702844137,1.6617615858661097,2.761349840755127,-2.2675722281085413,4.844202041625977,-0.08792144805192947,0.06517533957958221,-0.06923749297857285,-0.14594560861587524,0.15253715217113495,-0.6334127187728882,-0.36546391248703003,0.6673669219017029,-0.9123609066009521,-0.02303825318813324,0.5447903871536255,-0.2965772747993469
1749033593.5863712,1.0129778385162354,-2.2912284336485804,1.6616218725787562,2.761047525996826,-2.267304245625631,4.842966556549072,-0.08845195174217224,0.0646294578909874,-0.06512648612260818,-0.14503349363803864,0.15633921325206757,-0.6331037878990173,-0.37219011783599854,0.6547509431838989,-0.9417001008987427,-0.05681107938289642,0.5426628589630127,-0.31288033723831177
1749033593.5864098,1.012779712677002,-2.291030069390768,1.6614907423602503,2.760779543513916,-2.2669461409198206,4.841671943664551,-0.08833635598421097,0.06700596958398819,-0.0660623237490654,-0.14544576406478882,0.15146251022815704,-0.6287556886672974,-0.38327908515930176,0.6502030491828918,-0.9444398283958435,-0.044647250324487686,0.5684974193572998,-0.34544143080711365
1749033593.5864608,1.0126153230667114,-2.2909404240050257,1.6613662878619593,2.760504885310791,-2.2666433493243616,4.840424537658691,-0.0879310742020607,0.0649569109082222,-0.0693226009607315,-0.1439695507287979,0.15225592255592346,-0.6269086599349976,-0.3437911868095398,0.6403120756149292,-0.9148573875427246,-0.05116197466850281,0.5477032661437988,-0.32494813203811646
1749033593.5865068,1.0124516487121582,-2.2908245525755824,1.661250416432516,2.7602292734333496,-2.266371552144186,4.839188575744629,-0.08605675399303436,0.06520240753889084,-0.06689133495092392,-0.14579948782920837,0.1551276445388794,-0.6280221939086914,-0.43974819779396057,0.6496165990829468,-0.9238629341125488,-0.07522264122962952,0.5742814540863037,-0.36618873476982117
1749033593.5865467,1.0123380422592163,-2.290661474267477,1.6610835234271448,2.7599426943012695,-2.2660444418536585,4.837894439697266,-0.08997465670108795,0.06707777082920074,-0.0672907903790474,-0.14643633365631104,0.15644986927509308,-0.6298578381538391,-0.3441583514213562,0.6628937721252441,-0.9137016534805298,-0.05920815467834473,0.5557340383529663,-0.3453625440597534
1749033593.586586,1.0121582746505737,-2.290541788140768,1.6609557310687464,2.759636088008545,-2.2657302061664026,4.836645603179932,-0.08611007034778595,0.06840790063142776,-0.06759759783744812,-0.14902253448963165,0.158457949757576,-0.6302136182785034,-0.3996608555316925,0.6057935953140259,-0.9216932058334351,-0.0796097069978714,0.537799596786499,-0.3410257399082184
1749033593.5866241,1.0119245052337646,-2.2904211483397425,1.660823170338766,2.759298010463379,-2.2654178778277796,4.835442543029785,-0.08749120682477951,0.06722686439752579,-0.06768597662448883,-0.1483079493045807,0.15897458791732788,-0.6279891133308411,-0.3996668756008148,0.6396659016609192,-0.9114653468132019,-0.07713562250137329,0.5161884427070618,-0.3675347864627838
1749033593.5866618,1.0117919445037842,-2.2902618847289027,1.6606834570514124,2.759033365840576,-2.2651241461383265,4.834153652191162,-0.08765935152769089,0.0662277340888977,-0.06780295073986053,-0.1507856696844101,0.15581351518630981,-0.6302459836006165,-0.38616156578063965,0.65418541431427,-0.9104450941085815,-0.054018087685108185,0.5280026197433472,-0.36374586820602417
1749033593.5866997,1.0116016864776611,-2.2901064358153285,1.6605566183673304,2.758742018336914,-2.264794651662008,4.832879066467285,-0.08797267079353333,0.06739673763513565,-0.06769893318414688,-0.14669844508171082,0.15735967457294464,-0.6316533088684082,-0.3915727734565735,0.6555567979812622,-0.9124915599822998,-0.062380172312259674,0.5386450290679932,-0.3651060163974762
1749033593.5867372,1.0114293098449707,-2.289955278436178,1.660419766102926,2.7584001260944824,-2.2645018736468714,4.831576824188232,-0.08903524279594421,0.06708476692438126,-0.06737172603607178,-0.14878351986408234,0.15282869338989258,-0.6322914958000183,-0.38153430819511414,0.6420817971229553,-0.9350024461746216,-0.06982043385505676,0.5459808707237244,-0.38124212622642517
1749033593.5867748,1.0112375020980835,-2.289842744866842,1.6602690855609339,2.7580734926411132,-2.264171902333395,4.830301284790039,-0.09094404429197311,0.06698335707187653,-0.06652092188596725,-0.14995723962783813,0.1526055485010147,-0.631987988948822,-0.36054226756095886,0.620018720626831,-0.9285303354263306,-0.024522259831428528,0.5880878567695618,-0.33256590366363525
1749033593.586813,1.0110458135604858,-2.289757867852682,1.6601441542254847,2.7577478128620605,-2.2638638655291956,4.829016208648682,-0.08901263773441315,0.06628601998090744,-0.06860588490962982,-0.14653509855270386,0.15107081830501556,-0.6333307027816772,-0.33058008551597595,0.6399758458137512,-0.9039636850357056,-0.07079749554395676,0.580009937286377,-0.3538192808628082
1749033593.5868504,1.010894536972046,-2.289562841454977,1.6599777380572718,2.757499857539795,-2.263552490864889,4.8278069496154785,-0.08899783343076706,0.06627464294433594,-0.06644531339406967,-0.1461023986339569,0.1517219990491867,-0.6315054893493652,-0.34980979561805725,0.6501912474632263,-0.9186508655548096,-0.04006923735141754,0.5943447351455688,-0.3612528443336487
1749033593.5868871,1.01070237159729,-2.2894627056517542,1.659865681325094,2.7572080331989746,-2.263238255177633,4.826508522033691,-0.09070775657892227,0.06611473858356476,-0.0669243186712265,-0.14361101388931274,0.15328878164291382,-0.6333767175674438,-0.31685274839401245,0.6183713674545288,-0.9050275683403015,-0.05856248736381531,0.577630877494812,-0.3110675811767578
1749033593.5869246,1.010512113571167,-2.2893148861327113,1.6597183386432093,2.756948633784912,-2.2629454771624964,4.825284957885742,-0.0876908078789711,0.06577681750059128,-0.06807409226894379,-0.14288485050201416,0.15475846827030182,-0.6319747567176819,-0.40991413593292236,0.6390844583511353,-0.8957842588424683,-0.07233189046382904,0.5689665675163269,-0.3821646571159363
1749033593.5869617,1.0103278160095215,-2.2891952000060023,1.6595705191241663,2.756626768703125,-2.2626383940326136,4.8239850997924805,-0.08980288356542587,0.0651683509349823,-0.06750384718179703,-0.142454594373703,0.15548020601272583,-0.6335135102272034,-0.358553022146225,0.6672908663749695,-0.8916937708854675,-0.09503760933876038,0.567555844783783,-0.33621907234191895
1749033593.5869992,1.010165810585022,-2.2890826664366664,1.659466568623678,2.7563440042683105,-2.2622702757464808,4.822700500488281,-0.09022291004657745,0.06525376439094543,-0.06670009344816208,-0.14369064569473267,0.15638718008995056,-0.6351682543754578,-0.35295289754867554,0.6407027244567871,-0.9201226234436035,-0.07283629477024078,0.5571573376655579,-0.25836920738220215
1749033593.5870364,1.0099977254867554,-2.288954874078268,1.6593297163592737,2.756044550532959,-2.2619879881488245,4.82143497467041,-0.08950307965278625,0.06481374800205231,-0.06770817935466766,-0.14780615270137787,0.1569337248802185,-0.6289885640144348,-0.34042593836784363,0.6732120513916016,-0.9085900783538818,-0.08122740685939789,0.5530999302864075,-0.317432701587677
1749033593.587698,1.0098289251327515,-2.288792749444479,1.659182373677389,2.755742235774658,-2.2617319265948694,4.820205211639404,-0.08938823640346527,0.06478898227214813,-0.06766165792942047,-0.14596906304359436,0.1568644940853119,-0.6273560523986816,-0.342148095369339,0.681388795375824,-0.9049705862998962,-0.0641113668680191,0.5407989025115967,-0.32797208428382874
1749033593.589672,1.009634017944336,-2.2886678181090296,1.6590355078326624,2.755443258876465,-2.261404816304342,4.818953037261963,-0.08943565934896469,0.06519956141710281,-0.06695175915956497,-0.14422030746936798,0.1572750359773636,-0.6248364448547363,-0.3446715772151947,0.6722602844238281,-0.9086310267448425,-0.0635276734828949,0.5466502904891968,-0.3738090395927429
1749033593.630471,1.0094587802886963,-2.2885948620238246,1.6589039007769983,2.7551442819782714,-2.2610414663897913,4.817674160003662,-0.08944345265626907,0.06579156219959259,-0.06725582480430603,-0.1481846272945404,0.15951716899871826,-0.6291557550430298,-0.36947008967399597,0.6817435026168823,-0.9076636433601379,-0.08164505660533905,0.5131231546401978,-0.39829421043395996
1749033593.6305482,1.009259581565857,-2.2884279690184535,1.6587870756732386,2.754857226009033,-2.2607505957232874,4.8164215087890625,-0.08899488300085068,0.06552987545728683,-0.06752355396747589,-0.14638400077819824,0.15227968990802765,-0.6345127820968628,-0.3376275300979614,0.6743085384368896,-0.9025216102600098,-0.06926339864730835,0.541386604309082,-0.30905210971832275
1749033593.6306198,1.0090560913085938,-2.2883154354491175,1.658628288899557,2.7545620638081054,-2.2604859511004847,4.815143585205078,-0.08807948976755142,0.06665273755788803,-0.0665033608675003,-0.14599847793579102,0.148432195186615,-0.6322748064994812,-0.36903709173202515,0.6780266761779785,-0.9096589088439941,-0.07077169418334961,0.5956106185913086,-0.33076947927474976
1749033593.6306877,1.0089160203933716,-2.288152357141012,1.6585004965411585,2.754263086909912,-2.260167900715963,4.813873291015625,-0.08946031332015991,0.06858912855386734,-0.06737388670444489,-0.1471588909626007,0.15044301748275757,-0.6298609972000122,-0.35795658826828003,0.6113340258598328,-0.8980039358139038,-0.05897395685315132,0.5760543346405029,-0.33155012130737305
1749033593.6307573,1.0087409019470215,-2.2880283794798792,1.6583526770221155,2.7539922434040527,-2.2599151770221155,4.812610626220703,-0.08965671807527542,0.06606172025203705,-0.06754016131162643,-0.1470801830291748,0.14815852046012878,-0.628649890422821,-0.35413962602615356,0.6524442434310913,-0.8951732516288757,-0.06879033148288727,0.60271155834198,-0.3288489580154419
1749033593.630825,1.0085960626602173,-2.2878881893553675,1.6582439581500452,2.753674193019531,-2.2595847288714808,4.811391830444336,-0.09163277596235275,0.06660343706607819,-0.06733529269695282,-0.14623606204986572,0.15137220919132233,-0.625652551651001,-0.3225167691707611,0.6636301279067993,-0.901367723941803,-0.06462553143501282,0.5912424325942993,-0.3674902319908142
1749033593.630892,1.008386254310608,-2.2877799473204554,1.6580808798419397,2.753413363093994,-2.2592666784869593,4.810099124908447,-0.08777417242527008,0.06946154683828354,-0.06713061034679413,-0.14647574722766876,0.1553362011909485,-0.6291112899780273,-0.36677074432373047,0.607633650302887,-0.8988630771636963,-0.06784214079380035,0.5867007374763489,-0.3601769804954529
1749033593.63096,1.0082300901412964,-2.2876440487303675,1.6579726378070276,2.753056688899658,-2.258974854146139,4.808870792388916,-0.0889289528131485,0.06638296693563461,-0.06684716790914536,-0.14611858129501343,0.15702655911445618,-0.6293311715126038,-0.3809436857700348,0.6689743399620056,-0.8981878757476807,-0.08378836512565613,0.5631983876228333,-0.31993696093559265
1749033593.631027,1.0080972909927368,-2.2875009975829066,1.6578295866595667,2.752777262324951,-2.2586281935321253,4.807624816894531,-0.08885050565004349,0.06751527637243271,-0.06555978208780289,-0.14803394675254822,0.16293251514434814,-0.6270078420639038,-0.34001079201698303,0.6715440154075623,-0.9022687077522278,-0.05835562199354172,0.5479788184165955,-0.37416595220565796
1749033593.631096,1.007893681526184,-2.2873650989928187,1.6577099005328577,2.752462549800537,-2.2583091894732874,4.806361198425293,-0.08833545446395874,0.06746243685483932,-0.0678500384092331,-0.14742636680603027,0.15936385095119476,-0.6275556683540344,-0.37221553921699524,0.6442669630050659,-0.8861897587776184,-0.056424275040626526,0.5414035320281982,-0.3340035676956177
1749033593.6311643,1.00767183303833,-2.2872330150999964,1.657581631337301,2.752175493831299,-2.2579978148089808,4.805086612701416,-0.09086712449789047,0.06662764400243759,-0.06437947601079941,-0.1468719094991684,0.1586088091135025,-0.6257752776145935,-0.3499978482723236,0.6683325171470642,-0.9131430387496948,-0.08293358981609344,0.5430728197097778,-0.3629527986049652
1749033593.6312308,1.0075082778930664,-2.2871014080443324,1.657433811818258,2.7518960672565917,-2.2576869169818323,4.803874969482422,-0.08923213183879852,0.06691236048936844,-0.06428667157888412,-0.14904876053333282,0.15686465799808502,-0.6276331543922424,-0.36700794100761414,0.6703324913978577,-0.9366132616996765,-0.024589039385318756,0.5111371278762817,-0.4295453429222107
1749033593.631298,1.007297396659851,-2.286957403222555,1.6573451201068323,2.7515780168720703,-2.2573745886432093,4.802601337432861,-0.08900013566017151,0.07056131213903427,-0.06664188951253891,-0.14639636874198914,0.15309488773345947,-0.6329823136329651,-0.3823521137237549,0.6039445400238037,-0.9116756916046143,-0.05803227424621582,0.5577159523963928,-0.32057803869247437
1749033593.6313643,1.0071994066238403,-2.2868482075133265,1.6572054068194788,2.7513176637836914,-2.257082764302389,4.801342487335205,-0.09092871099710464,0.06618046760559082,-0.06562793999910355,-0.14735978841781616,0.15146717429161072,-0.6302744150161743,-0.3670397996902466,0.6158466339111328,-0.9058218598365784,-0.053040020167827606,0.5826151371002197,-0.3388051390647888
1749033593.6314301,1.0069583654403687,-2.286675592462057,1.6570504347430628,2.750983877772949,-2.256791416798727,4.800075531005859,-0.08697395771741867,0.06585771590471268,-0.06470822542905807,-0.14768926799297333,0.1503516584634781,-0.6270144581794739,-0.3924369812011719,0.6658494472503662,-0.9361420273780823,-0.029680225998163223,0.5879117250442505,-0.3512694835662842
1749033593.6314948,1.0068050622940063,-2.286527772943014,1.6569307486163538,2.750696821803711,-2.2564924399005335,4.7988104820251465,-0.08784906566143036,0.0688185766339302,-0.06445761770009995,-0.1450415849685669,0.15059427917003632,-0.6239870190620422,-0.4005469083786011,0.6390168070793152,-0.9281183481216431,-0.048135511577129364,0.5991029739379883,-0.33460700511932373
1749033593.6315618,1.0066657066345215,-2.2864562473692835,1.6567958037005823,2.7503701883503417,-2.2562316099749964,4.7975921630859375,-0.0895235687494278,0.06578575819730759,-0.06395166367292404,-0.1435871720314026,0.15091106295585632,-0.6229877471923828,-0.35557034611701965,0.6320995688438416,-0.931251049041748,-0.04705953598022461,0.5855093598365784,-0.3979974389076233
1749033593.6316273,1.0064505338668823,-2.2862898312010707,1.6567142645465296,2.7501370149799804,-2.255925003682272,4.796341896057129,-0.08783740550279617,0.06618916988372803,-0.06391878426074982,-0.14426158368587494,0.15151387453079224,-0.6276763677597046,-0.40449008345603943,0.6406564712524414,-0.9458804130554199,-0.0536813884973526,0.5895020961761475,-0.3619734048843384
1749033593.6316915,1.006267786026001,-2.2861515484251917,1.6565716902362269,2.7498113352009277,-2.255594555531637,4.795071125030518,-0.08854392170906067,0.06661146134138107,-0.06316880136728287,-0.1452154815196991,0.15259256958961487,-0.6282318234443665,-0.4026492238044739,0.6485273241996765,-0.9655610918998718,-0.022380083799362183,0.6059293746948242,-0.3164621591567993
1749033593.6317568,1.0060951709747314,-2.286027570764059,1.6564434210406702,2.749509497279785,-2.25525933900942,4.793858051300049,-0.08895064145326614,0.06675003468990326,-0.06410730630159378,-0.14467258751392365,0.15415191650390625,-0.6261042356491089,-0.3786602318286896,0.6537460088729858,-0.9474644660949707,-0.04362599551677704,0.5772318840026855,-0.3704160749912262
1749033593.6319242,1.0059040784835815,-2.2859116993346156,1.6563308874713343,2.7492567735859375,-2.254960362111227,4.79257345199585,-0.08926931768655777,0.06674709171056747,-0.06325287371873856,-0.14683343470096588,0.1554999202489853,-0.627300500869751,-0.38291382789611816,0.6561634540557861,-0.9817456603050232,-0.05936441570520401,0.5738927721977234,-0.3575109839439392
1749033593.6336896,1.0057522058486938,-2.2857758007445277,1.656219784413473,2.7489544588276367,-2.25464898744692,4.791356086730957,-0.09039025008678436,0.06773421168327332,-0.06433651596307755,-0.14700378477573395,0.15452177822589874,-0.6275565028190613,-0.3420187830924988,0.652904212474823,-0.973866879940033,-0.01664731837809086,0.5773440003395081,-0.35977333784103394
1749033593.6744974,1.0055341720581055,-2.285654684106344,1.6560757795916956,2.748640223140381,-2.2543724218951624,4.79012393951416,-0.08798349648714066,0.06736017763614655,-0.06546501815319061,-0.1433667242527008,0.1557341068983078,-0.6280858516693115,-0.381380558013916,0.6495169997215271,-0.9864293932914734,-0.06266596913337708,0.5821269154548645,-0.3976512551307678
1749033593.674573,1.005416989326477,-2.285515924493307,1.655940357838766,2.7483841615864257,-2.254003349934713,4.788819789886475,-0.08854234218597412,0.06788303703069687,-0.0703187882900238,-0.1454474776983261,0.1508212834596634,-0.6333059668540955,-0.3634771406650543,0.6656242609024048,-0.9254944920539856,-0.058776505291461945,0.5819743871688843,-0.32309985160827637
1749033593.6746433,1.0052295923233032,-2.285372396508688,1.6558120886432093,2.748105688686035,-2.253723923360006,4.787548542022705,-0.08854789286851883,0.06736145168542862,-0.06750597804784775,-0.14432308077812195,0.1486128568649292,-0.6323262453079224,-0.3641231060028076,0.6453534364700317,-0.9351593255996704,-0.04479615390300751,0.628742516040802,-0.3151395618915558
1749033593.6747117,1.0050233602523804,-2.285215993920797,1.6556609312640589,2.747837706203125,-2.253439728413717,4.786325931549072,-0.08863569796085358,0.068035788834095,-0.06753762066364288,-0.14349812269210815,0.15153440833091736,-0.6306745409965515,-0.3772340714931488,0.6023304462432861,-0.9334035515785217,-0.07426968216896057,0.6048861742019653,-0.3193172216415405
1749033593.6747825,1.004835844039917,-2.2850967846312464,1.6555450598346155,2.7475125032612304,-2.2531469503985804,4.785038948059082,-0.08937278389930725,0.06705540418624878,-0.07117526978254318,-0.14541923999786377,0.14922992885112762,-0.6286073327064514,-0.35689425468444824,0.6550461649894714,-0.8900910019874573,-0.04850594699382782,0.6501032114028931,-0.3188537061214447
1749033593.6748502,1.0046714544296265,-2.2849885425963343,1.655405346547262,2.747225447291992,-2.2528513113604944,4.783763408660889,-0.0893358439207077,0.0676989033818245,-0.06818310916423798,-0.14686016738414764,0.15207263827323914,-0.6265177130699158,-0.3667677044868469,0.6486064791679382,-0.9198277592658997,-0.06639720499515533,0.6342669725418091,-0.38192084431648254
1749033593.6749182,1.0045418739318848,-2.2848288021483363,1.6552699247943323,2.746929808253906,-2.2525280157672327,4.7825398445129395,-0.0880521833896637,0.0677359476685524,-0.06938763707876205,-0.14731374382972717,0.1550959050655365,-0.6287990808486938,-0.38800832629203796,0.6332680583000183,-0.9026320576667786,-0.06081100553274155,0.6134705543518066,-0.33899882435798645
1749033593.6749854,1.004313588142395,-2.284715791741842,1.6551221052752894,2.7466584879108886,-2.252193276082174,4.7812819480896,-0.09043610095977783,0.06716170907020569,-0.06876513361930847,-0.1470411866903305,0.15762761235237122,-0.6283354163169861,-0.3254406154155731,0.6438459753990173,-0.9013041853904724,-0.05037957429885864,0.574688196182251,-0.2947489023208618
1749033593.675052,1.0041838884353638,-2.284591337243551,1.6550100485431116,2.746342821712158,-2.251807514821188,4.780076503753662,-0.08638045191764832,0.06668917834758759,-0.06839204579591751,-0.14688193798065186,0.1586722880601883,-0.6272679567337036,-0.38139063119888306,0.6406071186065674,-0.9142505526542664,-0.059867992997169495,0.5729824900627136,-0.35544082522392273
1749033593.67511,1.0039427280426025,-2.28440584758901,1.6548431555377405,2.7460242944904785,-2.2514990011798304,4.77877950668335,-0.08954127132892609,0.06652934104204178,-0.06881236284971237,-0.14871740341186523,0.16064468026161194,-0.6256631016731262,-0.39167848229408264,0.6477236747741699,-0.9206107258796692,-0.0455942302942276,0.5278727412223816,-0.3287619948387146
1749033593.6751502,1.0038129091262817,-2.2842894993224085,1.654726807271139,2.745743914241455,-2.2511828581439417,4.777554035186768,-0.0865737795829773,0.06635963171720505,-0.06820250302553177,-0.15035730600357056,0.1552828848361969,-0.6234240531921387,-0.3661642074584961,0.6439184546470642,-0.9040511250495911,-0.04309318959712982,0.5396243929862976,-0.34122347831726074
1749033593.675188,1.003680944442749,-2.2841459713377894,1.6546037832843226,2.745475931758545,-2.2508519331561487,4.776349067687988,-0.08722956478595734,0.06528022140264511,-0.0685081034898758,-0.14915457367897034,0.15403936803340912,-0.62550950050354,-0.38930749893188477,0.658056914806366,-0.9122057557106018,-0.03245291858911514,0.5544074177742004,-0.3840934634208679
1749033593.6752255,1.003469705581665,-2.2840172253050746,1.6544912497149866,2.7451764780231933,-2.2505629698382776,4.775062084197998,-0.08873140811920166,0.06864316761493683,-0.06829646974802017,-0.14815407991409302,0.15360036492347717,-0.6271964311599731,-0.38662534952163696,0.6379965543746948,-0.9087790250778198,-0.032001350075006485,0.5295276045799255,-0.31238916516304016
1749033593.675263,1.003279685974121,-2.2838975391783656,1.654355827962057,2.7448856073566894,-2.250251595173971,4.7737579345703125,-0.08823076635599136,0.06462661176919937,-0.06750188767910004,-0.1484336405992508,0.15061086416244507,-0.6272596120834351,-0.36686205863952637,0.6979109048843384,-0.8913332223892212,-0.028592176735401154,0.5395921468734741,-0.33742737770080566
1749033593.6753004,1.0031276941299438,-2.28380884746694,1.6542118231402796,2.744582338924072,-2.249967400227682,4.772525310516357,-0.08967448770999908,0.06513626128435135,-0.06888696551322937,-0.1447397917509079,0.14841879904270172,-0.625389575958252,-0.3799738585948944,0.6829467415809631,-0.9021941423416138,-0.04143540561199188,0.5707142353057861,-0.3572275936603546
1749033593.6753376,1.0029361248016357,-2.2836767635741175,1.654072109852926,2.7442671495625,-2.249668900166647,4.7712507247924805,-0.08881000429391861,0.06891027837991714,-0.06978896260261536,-0.146566241979599,0.14468593895435333,-0.6266027092933655,-0.38152259588241577,0.6431087255477905,-0.8820974826812744,-0.05962800979614258,0.5948538184165955,-0.34780481457710266
1749033593.6753747,1.0027635097503662,-2.2835170231261195,1.653912369404928,2.7439796167561035,-2.2494199911700647,4.770036220550537,-0.08746527880430222,0.06649690866470337,-0.06905712187290192,-0.14771907031536102,0.14550766348838806,-0.625392496585846,-0.39944174885749817,0.6564733386039734,-0.899114191532135,-0.008769690990447998,0.5903754234313965,-0.3724561333656311
1749033593.6754122,1.002589464187622,-2.283370157281393,1.653780762349264,2.7436997133442382,-2.2491048018084925,4.768702507019043,-0.0913720577955246,0.06720106303691864,-0.06863727420568466,-0.14734295010566711,0.14718452095985413,-0.6253545880317688,-0.33475619554519653,0.6539772152900696,-0.884456217288971,-0.01460188627243042,0.6076577305793762,-0.3534415364265442
1749033593.6754572,1.0024007558822632,-2.2832380733885707,1.6536572615252894,2.74343125402417,-2.2488063017474573,4.767488479614258,-0.09003286063671112,0.06742354482412338,-0.06872370839118958,-0.14746227860450745,0.14954932034015656,-0.6265855431556702,-0.3767324388027191,0.6384796500205994,-0.8880922794342041,-0.03506430238485336,0.628394365310669,-0.3433399200439453
1749033593.675498,1.0022060871124268,-2.2831064663329066,1.653529469166891,2.7431246477314453,-2.2484825293170374,4.766209125518799,-0.09092849493026733,0.06853676587343216,-0.06670871376991272,-0.14710603654384613,0.15209545195102692,-0.6247863173484802,-0.35810115933418274,0.6180077195167542,-0.9071259498596191,-0.03717637062072754,0.6015499830245972,-0.3370724320411682
1749033593.675654,1.0020487308502197,-2.2829748592772425,1.6533892790423792,2.742844267482422,-2.2481711546527308,4.764950752258301,-0.09045695513486862,0.06587201356887817,-0.0663137286901474,-0.1476772278547287,0.1534556746482849,-0.6268265247344971,-0.35283347964286804,0.6567555665969849,-0.9096999764442444,-0.0187702476978302,0.6041295528411865,-0.33696043491363525
1749033593.677698,1.0018470287322998,-2.2828456364073695,1.6532538572894495,2.742537661189697,-2.24789268175234,4.763717174530029,-0.08992494642734528,0.06898167729377747,-0.06955979019403458,-0.1473749876022339,0.1537608951330185,-0.6253160238265991,-0.3303542733192444,0.6131243109703064,-0.8654016852378845,-0.03422096371650696,0.5762616991996765,-0.3151842951774597
1749033593.718502,1.0018470287322998,-2.2828456364073695,1.6532538572894495,2.742537661189697,-2.24789268175234,4.763717174530029,-0.08992494642734528,0.06898167729377747,-0.06955979019403458,-0.1473749876022339,0.1537608951330185,-0.6253160238265991,-0.3303542733192444,0.6131243109703064,-0.8654016852378845,-0.03422096371650696,0.5762616991996765,-0.3151842951774597
1749033593.7185786,1.0015034675598145,-2.282581945458883,1.6529858748065394,2.7419354158588867,-2.2472708860980433,4.761170387268066,-0.08855657279491425,0.06588760018348694,-0.0670858770608902,-0.1470309942960739,0.15380024909973145,-0.6275157928466797,-0.3527892827987671,0.6302048563957214,-0.9005213975906372,-0.039876002818346024,0.5553396940231323,-0.29883429408073425
1749033593.7186508,1.0013551712036133,-2.282457014123434,1.6528032461749476,2.7416392999836425,-2.2469518820392054,4.759945869445801,-0.08770442008972168,0.06916441023349762,-0.06793764978647232,-0.14896433055400848,0.15046629309654236,-0.6286103129386902,-0.3756270408630371,0.6239110231399536,-0.8842370510101318,-0.05388500168919563,0.5818449854850769,-0.3555372655391693
1749033593.718719,1.0011955499649048,-2.282321115533346,1.6527097860919397,2.741363688106201,-2.2466557661639612,4.758689880371094,-0.08856673538684845,0.06543409824371338,-0.06876982003450394,-0.15006336569786072,0.15297728776931763,-0.6259725689888,-0.40064677596092224,0.661691427230835,-0.8747491836547852,-0.02164161205291748,0.6029252409934998,-0.3457491397857666
1749033593.7187889,1.0010007619857788,-2.282178064385885,1.6525710264789026,2.7410713869282226,-2.2463634649859827,4.75744104385376,-0.08943641185760498,0.06634022295475006,-0.06855818629264832,-0.14857862889766693,0.15013684332370758,-0.627037525177002,-0.3818226754665375,0.6711326241493225,-0.8731943964958191,-0.030374854803085327,0.5925765037536621,-0.3368934392929077
1749033593.718857,1.0007935762405396,-2.282027383843893,1.6524432341205042,2.740746183986328,-2.246044937764303,4.756181716918945,-0.08971349895000458,0.0665908083319664,-0.06901755928993225,-0.14840343594551086,0.14967754483222961,-0.6259607076644897,-0.37058231234550476,0.6430765390396118,-0.8761628866195679,-0.002743050456047058,0.620670735836029,-0.36697104573249817
1749033593.718924,1.0006680488586426,-2.2818952999510707,1.652264420186178,2.740457697505615,-2.2457249800311487,4.754940986633301,-0.08928041160106659,0.06492278724908829,-0.069064661860466,-0.14743643999099731,0.15036024153232574,-0.6293959021568298,-0.3057622015476227,0.6037351489067078,-0.8564410209655762,-0.006832435727119446,0.6032425761222839,-0.24778276681900024
1749033593.7189908,1.0004583597183228,-2.281786104241842,1.652151886616842,2.7401506143757324,-2.245425526295797,4.753666877746582,-0.0872880220413208,0.06324873119592667,-0.06710974872112274,-0.14623789489269257,0.15131701529026031,-0.6255536079406738,-0.33780160546302795,0.6550965905189514,-0.8469205498695374,-0.00038169953040778637,0.5730342864990234,-0.2235199511051178
1749033593.7190573,1.0002756118774414,-2.2816153965392054,1.65200120607485,2.7398788171955566,-2.2451017538653772,4.75248908996582,-0.08689206093549728,0.0626097023487091,-0.06591065227985382,-0.14432846009731293,0.1510448008775711,-0.6147698163986206,-0.3898078501224518,0.6540473103523254,-0.8726614117622375,-0.000941745936870575,0.5970353484153748,-0.27449631690979004
1749033593.7191257,1.000114917755127,-2.2814752064146937,1.6518762747394007,2.739603205318115,-2.2448023001300257,4.75123405456543,-0.08720363676548004,0.062390562146902084,-0.06551804393529892,-0.14235858619213104,0.1517031192779541,-0.6093842387199402,-0.3425700068473816,0.6736862659454346,-0.8826899528503418,-0.020993344485759735,0.5678593516349792,-0.2975296378135681
1749033593.7191923,0.9999202489852905,-2.281386991540426,1.6517565886126917,2.739328070277832,-2.2444871107684534,4.750087261199951,-0.08642394840717316,0.06310619413852692,-0.06708917766809464,-0.14189468324184418,0.15632100403308868,-0.6039618849754333,-0.36347705125808716,0.6514278650283813,-0.8500439524650574,-0.025992393493652344,0.5113347768783569,-0.3017604947090149
1749033593.7192578,0.999786913394928,-2.2812358341612757,1.6516440550433558,2.7390448290058593,-2.2442496458636683,4.7489142417907715,-0.09008020162582397,0.06313316524028778,-0.0634780004620552,-0.141572043299675,0.15216447412967682,-0.6017204523086548,-0.31163978576660156,0.6654488444328308,-0.8837013840675354,-0.014239519834518433,0.5513908863067627,-0.40457555651664734
1749033593.7193265,0.9996001124382019,-2.281077047387594,1.651524845753805,2.7387491899677734,-2.24390679994692,4.74764347076416,-0.08625666797161102,0.06586809456348419,-0.06360064446926117,-0.14010939002037048,0.15027651190757751,-0.6063351035118103,-0.36662358045578003,0.6577414274215698,-0.8851054310798645,-0.02485399693250656,0.5313226580619812,-0.33922624588012695
1749033593.7193925,0.9994243383407593,-2.2810150585570277,1.651388947163717,2.738462133998535,-2.2436183134662073,4.746416091918945,-0.08702459186315536,0.06497514247894287,-0.06643255054950714,-0.1396065354347229,0.14965052902698517,-0.6078513860702515,-0.3568503260612488,0.6479713320732117,-0.8676799535751343,-0.02682957611978054,0.5459342002868652,-0.3247511386871338
1749033593.719461,0.999241054058075,-2.2808906040587367,1.6512535254107874,2.7381936746784667,-2.2432683149920862,4.745238304138184,-0.0868055671453476,0.06522238999605179,-0.06280846893787384,-0.13910312950611115,0.1459018588066101,-0.6047553420066833,-0.357700914144516,0.6317517757415771,-0.8797472715377808,-0.054312363266944885,0.5505855083465576,-0.3530886769294739
1749033593.719527,0.999098002910614,-2.2807117901244105,1.6511686483966272,2.7378904062458496,-2.242992703114645,4.74400520324707,-0.08636544644832611,0.06465564668178558,-0.0631861463189125,-0.1419897973537445,0.14540933072566986,-0.6063666939735413,-0.4228833317756653,0.6830474138259888,-0.9100343585014343,-0.036215223371982574,0.588697075843811,-0.4097816050052643
1749033593.7195942,0.998933732509613,-2.2805968723692835,1.6510141531573694,2.737618609065674,-2.2426889578448694,4.742780685424805,-0.08677328377962112,0.06733372807502747,-0.06520761549472809,-0.14154577255249023,0.14831417798995972,-0.6090573072433472,-0.3802013397216797,0.6754902601242065,-0.8955767750740051,-0.032679200172424316,0.5669550895690918,-0.45071345567703247
1749033593.71966,0.9987223148345947,-2.280433794061178,1.6509102026568812,2.737346811885498,-2.242420498524801,4.741532325744629,-0.08633583039045334,0.06808916479349136,-0.06482255458831787,-0.1431676149368286,0.14991818368434906,-0.6194962859153748,-0.3949245810508728,0.649192750453949,-0.891817033290863,-0.04115527123212814,0.5831800699234009,-0.44381919503211975
1749033593.7197273,0.9985711574554443,-2.280339857141012,1.6507661978351038,2.737039728755615,-2.242133442555563,4.740285396575928,-0.09015967696905136,0.06822264194488525,-0.06652431935071945,-0.1483563780784607,0.1502476930618286,-0.6278449296951294,-0.35069578886032104,0.6364854574203491,-0.8891698718070984,-0.00894174724817276,0.5843205451965332,-0.3609144389629364
1749033593.7197945,0.9983800649642944,-2.28018917659902,1.6506426970111292,2.736753149623535,-2.2418645063983362,4.739067554473877,-0.0872645229101181,0.06832468509674072,-0.06682971864938736,-0.1443956196308136,0.1503676474094391,-0.6278186440467834,-0.3908328115940094,0.6324328184127808,-0.8948447704315186,-0.038601916283369064,0.578397274017334,-0.3676094710826874
1749033593.7199526,0.9982191324234009,-2.2800609074034632,1.6504839102374476,2.7364794450947265,-2.2415650526629847,4.737760066986084,-0.08852104097604752,0.066663458943367,-0.06676214188337326,-0.14503340423107147,0.1509542614221573,-0.628404974937439,-0.36379238963127136,0.6383621096611023,-0.8935137391090393,-0.02167554199695587,0.580173134803772,-0.35879892110824585
1749033593.7216945,0.997990071773529,-2.2799326382079066,1.650332276021139,2.73615471898999,-2.2412222067462366,4.736505031585693,-0.08896128833293915,0.06890511512756348,-0.06652986258268356,-0.14480295777320862,0.15457239747047424,-0.6267565488815308,-0.3591214418411255,0.6069106459617615,-0.9029865264892578,-0.0352005660533905,0.5788915753364563,-0.30540549755096436
1749033593.7624986,0.997837483882904,-2.2798005543150843,1.6502512137042444,2.735905809993408,-2.240887467061178,4.735234260559082,-0.08861763030290604,0.06430207937955856,-0.06597138196229935,-0.1457737684249878,0.15555419027805328,-0.626029908657074,-0.3660372495651245,0.6675060987472534,-0.8986544013023376,-0.041620731353759766,0.5685288906097412,-0.4010010063648224
1749033593.762575,0.9976429343223572,-2.279675622979635,1.6501196066485804,2.735593004817627,-2.240598503743307,4.734032154083252,-0.08854326605796814,0.06443803757429123,-0.06651365756988525,-0.15274883806705475,0.1591847538948059,-0.6298173069953918,-0.37566226720809937,0.6659451723098755,-0.9051676988601685,-0.01358303427696228,0.5401986241340637,-0.36998072266578674
1749033593.7626467,0.9974974989891052,-2.2795406780638636,1.6499832312213343,2.735299749965332,-2.2402809301959437,4.732748031616211,-0.08932183682918549,0.06800144910812378,-0.06647065281867981,-0.14986161887645721,0.15522323548793793,-0.6317124962806702,-0.3566369116306305,0.6336137652397156,-0.8959688544273376,-0.009303264319896698,0.5521128177642822,-0.33221346139907837
1749033593.7627158,0.9973261952400208,-2.279349466363424,1.6498249212848108,2.734994097346924,-2.2399562040912073,4.731529712677002,-0.08953563868999481,0.06598325073719025,-0.0661577358841896,-0.14909057319164276,0.1543201059103012,-0.6303574442863464,-0.35772576928138733,0.6675751805305481,-0.9210642576217651,-0.019977569580078125,0.5536571741104126,-0.3766324818134308
1749033593.7627842,0.9971777200698853,-2.2792068920531214,1.6496971289264124,2.7346927362629394,-2.239648167287008,4.730169773101807,-0.0896725058555603,0.06676236540079117,-0.06843170523643494,-0.15223073959350586,0.15504935383796692,-0.6304171085357666,-0.34381574392318726,0.6369667053222656,-0.9130329489707947,-0.002475462853908539,0.5657801032066345,-0.3462959825992584
1749033593.7628539,0.9969515204429626,-2.279105325738424,1.649611775075094,2.734365149135254,-2.2392666975604456,4.728954792022705,-0.08983118832111359,0.06738688796758652,-0.06619997322559357,-0.14711500704288483,0.15291914343833923,-0.630445122718811,-0.3541076183319092,0.6090850830078125,-0.9060487747192383,-0.02870859205722809,0.5760862827301025,-0.3936993181705475
1749033593.7629218,0.9967842102050781,-2.278954645196432,1.6494610945331019,2.73405043661084,-2.239033047352926,4.727689743041992,-0.08878479152917862,0.06656084209680557,-0.06492186337709427,-0.14692765474319458,0.1547735631465912,-0.6339750289916992,-0.38669073581695557,0.6551187634468079,-0.9350420832633972,-0.029267653822898865,0.5739220976829529,-0.42760229110717773
1749033593.7629883,0.9965701699256897,-2.2788573704161585,1.6493409315692347,2.733769579524658,-2.238744084035055,4.726475238800049,-0.08984388411045074,0.0668938159942627,-0.06677772849798203,-0.14718128740787506,0.15620562434196472,-0.6416455507278442,-0.3514556288719177,0.6322025060653687,-0.942003071308136,-0.014367975294589996,0.5637848377227783,-0.31342101097106934
1749033593.763055,0.9964286684989929,-2.278710027734274,1.649205509816305,2.733485384578369,-2.2384217421161097,4.725111484527588,-0.0888298824429512,0.06562832742929459,-0.06761239469051361,-0.14815391600131989,0.15594208240509033,-0.6413750052452087,-0.38069579005241394,0.6520044207572937,-0.9108960628509521,-0.012501593679189682,0.563183605670929,-0.34212106466293335
1749033593.763122,0.996229887008667,-2.27854647258901,1.6490581671344202,2.733213110561035,-2.2381070295916956,4.723904132843018,-0.08800408244132996,0.06831862032413483,-0.06620597094297409,-0.14756165444850922,0.15746603906154633,-0.6392145156860352,-0.37872493267059326,0.6276455521583557,-0.9466792345046997,-0.02605953812599182,0.5409466624259949,-0.34669244289398193
1749033593.7631896,0.9960885643959045,-2.278426786462301,1.6489456335650843,2.7329374986835937,-2.237807099019186,4.722584247589111,-0.09294701367616653,0.06418165564537048,-0.06679452955722809,-0.14604857563972473,0.15599116683006287,-0.6394605040550232,-0.3534761071205139,0.665001630783081,-0.9350014925003052,-0.031814828515052795,0.5741907358169556,-0.3092319965362549
1749033593.7632573,0.9958890080451965,-2.278290411035055,1.6488021055804651,2.73262803136792,-2.2375577131854456,4.72128963470459,-0.08931224793195724,0.06521594524383545,-0.06858550757169724,-0.14609386026859283,0.1589466631412506,-0.6363641023635864,-0.38813328742980957,0.6707064509391785,-0.9279689192771912,-0.0452839732170105,0.5388834476470947,-0.41111963987350464
1749033593.763324,0.9957290291786194,-2.2781502209105433,1.64870530763735,2.7323590952106933,-2.237192455922262,4.720085620880127,-0.0916549563407898,0.06871743500232697,-0.06840664893388748,-0.146236851811409,0.1548657864332199,-0.6376391053199768,-0.3705456554889679,0.6300005316734314,-0.9251183271408081,-0.07012540102005005,0.5917011499404907,-0.3414583206176758
1749033593.7633908,0.9955230355262756,-2.2780262432494105,1.6485465208636683,2.7320753771015625,-2.2368605772601526,4.718780517578125,-0.08960138261318207,0.06610838323831558,-0.06837747246026993,-0.14774388074874878,0.1541324406862259,-0.6398646235466003,-0.3588501513004303,0.6149269938468933,-0.9215083122253418,-0.05446571111679077,0.5862913727760315,-0.31904757022857666
1749033593.7634563,0.995375394821167,-2.27783264736318,1.648391071950094,2.731769247645996,-2.236560646687643,4.717529773712158,-0.08935962617397308,0.06688693165779114,-0.06734807044267654,-0.14958147704601288,0.15685030817985535,-0.638636589050293,-0.3826467990875244,0.6359809637069702,-0.9482716917991638,-0.054498158395290375,0.5486081838607788,-0.35513773560523987
1749033593.7635221,0.9951866269111633,-2.277731557885641,1.6482790152179163,2.731473131770752,-2.2362287680255335,4.7162017822265625,-0.0899137333035469,0.06683490425348282,-0.06745711714029312,-0.14878687262535095,0.15693502128124237,-0.6363371014595032,-0.3451462388038635,0.6179075241088867,-0.920286238193512,-0.04328516498208046,0.5589790940284729,-0.3208865523338318
1749033593.7635887,0.9949727058410645,-2.277619024316305,1.6481192747699183,2.7311579424091796,-2.2359026114093226,4.715028762817383,-0.0887518972158432,0.06686539947986603,-0.06798259913921356,-0.1516336351633072,0.1576681286096573,-0.6367543935775757,-0.3557640016078949,0.6526349186897278,-0.9333937764167786,-0.06728137284517288,0.5754743218421936,-0.36137014627456665
1749033593.763655,0.9948156476020813,-2.277495046655172,1.6479528586017054,2.730865164394043,-2.235628906880514,4.713720798492432,-0.09294155985116959,0.0665772408246994,-0.06909506022930145,-0.15019375085830688,0.1583634316921234,-0.6382818222045898,-0.305948942899704,0.6130252480506897,-0.9359095096588135,-0.04722044616937637,0.5513536930084229,-0.3662682771682739
1749033593.763721,0.9946794509887695,-2.2773238621153773,1.6478479544269007,2.730548067683838,-2.235295120869772,4.7123823165893555,-0.0896068587899208,0.067233145236969,-0.0686255618929863,-0.14873449504375458,0.15708866715431213,-0.638949453830719,-0.361314058303833,0.6360601782798767,-0.9226014614105225,-0.04192438721656799,0.5509612560272217,-0.32377541065216064
1749033593.7637875,0.9944566488265991,-2.2771760425963343,1.647684399281637,2.7302324014851074,-2.2350338141070765,4.711147308349609,-0.09226013720035553,0.0692175105214119,-0.07126471400260925,-0.15092238783836365,0.1552879363298416,-0.6356213092803955,-0.32744714617729187,0.5869911313056946,-0.9007041454315186,-0.044720977544784546,0.5895243287086487,-0.34780365228652954
1749033593.7639465,0.9942309260368347,-2.2770878277220667,1.6475494543658655,2.729956789607666,-2.2346752325641077,4.709893703460693,-0.09028812497854233,0.06614668667316437,-0.06907995790243149,-0.14718055725097656,0.15623459219932556,-0.6352197527885437,-0.31135696172714233,0.633702278137207,-0.9072171449661255,-0.031030671671032906,0.5747776627540588,-0.3626165986061096
1749033593.7656624,0.9940518140792847,-2.2769390545287074,1.6474059263812464,2.7296458917805175,-2.2344191710101526,4.708558082580566,-0.09039037674665451,0.06734797358512878,-0.06847807765007019,-0.14683111011981964,0.15719296038150787,-0.634474515914917,-0.3668578863143921,0.636282742023468,-0.9214558005332947,-0.0433175191283226,0.5718857049942017,-0.36460813879966736
1749033593.806307,0.9938835501670837,-2.276839872399801,1.6472738424884241,2.729357882136963,-2.2340639273272913,4.707338333129883,-0.09068804234266281,0.06783229112625122,-0.0702066421508789,-0.14632879197597504,0.15900179743766785,-0.6365569233894348,-0.34142881631851196,0.6244184374809265,-0.9229870438575745,-0.07070772349834442,0.5695399641990662,-0.3768816292285919
1749033593.8063536,0.993770182132721,-2.2766763172545375,1.64711839357485,2.7290937143513183,-2.2337597052203577,4.7059760093688965,-0.08968217670917511,0.06795666366815567,-0.0710781067609787,-0.14653438329696655,0.16102713346481323,-0.6370511054992676,-0.35525229573249817,0.6267066597938538,-0.8879115581512451,-0.07725033164024353,0.5339562296867371,-0.3377566933631897
1749033593.8063946,0.993770182132721,-2.2766763172545375,1.64711839357485,2.7290937143513183,-2.2337597052203577,4.7059760093688965,-0.08968217670917511,0.06795666366815567,-0.0710781067609787,-0.14653438329696655,0.16102713346481323,-0.6370511054992676,-0.35525229573249817,0.6267066597938538,-0.8879115581512451,-0.07725033164024353,0.5339562296867371,-0.3377566933631897
1749033593.8064342,0.9933829307556152,-2.2764131031432093,1.6468427816974085,2.728475733394287,-2.233128372822897,4.703454494476318,-0.0896824300289154,0.06776171922683716,-0.07001927495002747,-0.15156245231628418,0.16154281795024872,-0.6344777345657349,-0.34582245349884033,0.6286701560020447,-0.8858458399772644,-0.05552937835454941,0.5327041149139404,-0.3539983928203583
1749033593.8064728,0.9932240843772888,-2.276303907433981,1.6467025915728968,2.7281877237507324,-2.232828442250387,4.7021636962890625,-0.08981172740459442,0.06797130405902863,-0.06945399194955826,-0.14925616979599,0.15592233836650848,-0.6364535093307495,-0.3272327780723572,0.6340276002883911,-0.8868687152862549,-0.06539581716060638,0.5407997369766235,-0.32317665219306946
1749033593.8065124,0.9930374026298523,-2.276156087914938,1.6465867201434534,2.727888270015381,-2.232504669819967,4.700902938842773,-0.09003656357526779,0.06730811297893524,-0.06920140236616135,-0.15039759874343872,0.155835822224617,-0.6352394223213196,-0.3412598967552185,0.6116042137145996,-0.8989824056625366,-0.06630720943212509,0.5425777435302734,-0.34679704904556274
1749033593.8065503,0.9928577542304993,-2.2760049305357875,1.6464393774615687,2.727576895351074,-2.2322004477130335,4.699660301208496,-0.09004704654216766,0.06702588498592377,-0.06889425218105316,-0.15318866074085236,0.15641683340072632,-0.6367390751838684,-0.37158071994781494,0.6642383933067322,-0.9021187424659729,-0.0386977419257164,0.5438262820243835,-0.37352123856544495
1749033593.8065884,0.9926350116729736,-2.2759043178954066,1.646311108266012,2.7272650438496093,-2.2319238821612757,4.6983184814453125,-0.0903811976313591,0.06871416419744492,-0.06907183676958084,-0.15071290731430054,0.15747372806072235,-0.6391321420669556,-0.35673511028289795,0.6136397123336792,-0.8873347640037537,-0.05072864890098572,0.5399712920188904,-0.2672780156135559
1749033593.8066258,0.9924696683883667,-2.27575745205068,1.6461518446551722,2.7269350725361328,-2.2314990202533167,4.697103023529053,-0.09008041024208069,0.0680534690618515,-0.06861212849617004,-0.15134978294372559,0.15503445267677307,-0.6337133049964905,-0.3362021744251251,0.5578955411911011,-0.8974697589874268,-0.04344618320465088,0.5440794229507446,-0.31362277269363403
1749033593.8066628,0.9922400116920471,-2.2756248913206996,1.6460121313678187,2.7266551691242675,-2.2312234083758753,4.695822238922119,-0.09035798162221909,0.06605204939842224,-0.06859149783849716,-0.14930413663387299,0.15289407968521118,-0.6321957111358643,-0.3338267207145691,0.6476460695266724,-0.9037270545959473,-0.005098499357700348,0.5521262288093567,-0.29282113909721375
1749033593.8067005,0.992051899433136,-2.2754742107787074,1.645888630543844,2.7263552385517578,-2.230943028126852,4.694608688354492,-0.08920764178037643,0.06733255088329315,-0.06853576749563217,-0.14858409762382507,0.15154780447483063,-0.6283689737319946,-0.36933454871177673,0.6289092302322388,-0.8802343010902405,-0.011914027854800224,0.5720824599266052,-0.32648640871047974
1749033593.806737,0.991912305355072,-2.2753807506956996,1.6457484404193323,2.726052446956299,-2.230635944996969,4.693337917327881,-0.09172973036766052,0.07031194865703583,-0.067593052983284,-0.1477474570274353,0.15537281334400177,-0.6301330924034119,-0.29201269149780273,0.5985398888587952,-0.8945471048355103,-0.03864295408129692,0.5674695372581482,-0.411968469619751
1749033593.8067737,0.9917240738868713,-2.2752019367613734,1.6456168333636683,2.725740595454834,-2.230347458516256,4.692034721374512,-0.08902338892221451,0.06556351482868195,-0.06956134736537933,-0.1460004597902298,0.15378625690937042,-0.6346122622489929,-0.3144403100013733,0.6656308174133301,-0.8977765440940857,-0.053045853972435,0.5554541945457458,-0.3237075209617615
1749033593.8068106,0.9915364384651184,-2.2751132450499476,1.6454814116107386,2.7254535394855957,-2.230078999196188,4.6907877922058105,-0.09175696969032288,0.06700217723846436,-0.07053527981042862,-0.1462075114250183,0.15305301547050476,-0.6342685222625732,-0.28582170605659485,0.6342915892601013,-0.8441033959388733,-0.03769715130329132,0.5742584466934204,-0.3208077549934387
1749033593.8068476,0.9913650155067444,-2.2749296627440394,1.6453254858600062,2.7251574236103515,-2.2296980063067835,4.68949556350708,-0.08645700663328171,0.06679428368806839,-0.06709691137075424,-0.145103320479393,0.15790581703186035,-0.6314144134521484,-0.3597812056541443,0.6389930844306946,-0.8824021220207214,-0.06470905244350433,0.5438242554664612,-0.34803926944732666
1749033593.806884,0.991170346736908,-2.2747980556883753,1.6451628843890589,2.7248546320148925,-2.2293861548053187,4.688235282897949,-0.08701789379119873,0.06783093512058258,-0.06699474900960922,-0.1456368863582611,0.155191570520401,-0.6288205981254578,-0.32731685042381287,0.6271342039108276,-0.9009094834327698,-0.06245793029665947,0.5480226874351501,-0.32373303174972534
1749033593.8069208,0.991049587726593,-2.2746383152403773,1.6450541655169886,2.724574251765869,-2.2291134039508265,4.687006950378418,-0.08680816739797592,0.06710051745176315,-0.06907596439123154,-0.1441110223531723,0.15604539215564728,-0.6270006895065308,-0.3588939905166626,0.6376960277557373,-0.8522344827651978,-0.05089335888624191,0.5534122586250305,-0.392983078956604
1749033593.8069575,0.9908387660980225,-2.2745539150633753,1.644891087208883,2.724251909846924,-2.228792969380514,4.685765743255615,-0.08729960769414902,0.06588421016931534,-0.06589330732822418,-0.1467190682888031,0.1554434895515442,-0.6325943470001221,-0.32321470975875854,0.6179102063179016,-0.9077895283699036,-0.055071018636226654,0.5498809218406677,-0.3564912676811218
1749033593.806994,0.990650475025177,-2.274393697778219,1.6447866598712366,2.7239715295979003,-2.2285059134112757,4.684471607208252,-0.08697979152202606,0.06785453855991364,-0.06611945480108261,-0.14462189376354218,0.1551811397075653,-0.6320156455039978,-0.36914029717445374,0.6433137655258179,-0.9139943718910217,-0.04657164216041565,0.5666545033454895,-0.32067984342575073
1749033593.8070304,0.9905179738998413,-2.2742392025389613,1.6446626822101038,2.7236687380024414,-2.228210751210348,4.683215141296387,-0.08702677488327026,0.06542576849460602,-0.06601779162883759,-0.14388208091259003,0.15503482520580292,-0.6290040612220764,-0.3172813057899475,0.6369752883911133,-0.900657057762146,-0.06653386354446411,0.5764815211296082,-0.3710632920265198
1749033593.8076901,0.9903081059455872,-2.274114271203512,1.6445272604571741,2.7233964639851074,-2.2278597990619105,4.681987762451172,-0.08645055443048477,0.06565460562705994,-0.0661112368106842,-0.1467209756374359,0.1549699455499649,-0.6292675733566284,-0.35559457540512085,0.6222772598266602,-0.9108119606971741,-0.05776480957865715,0.5691612958908081,-0.36113014817237854
1749033593.8096302,0.9901054501533508,-2.273991724053854,1.6443727652179163,2.723097487086914,-2.227609936391012,4.680711269378662,-0.09032302349805832,0.06809818744659424,-0.06563402712345123,-0.1454770267009735,0.15397262573242188,-0.6290808320045471,-0.3058110773563385,0.6160266995429993,-0.8980669975280762,-0.056289490312337875,0.5542136430740356,-0.36495041847229004
1749033593.8504918,0.9899297952651978,-2.2738400898375453,1.644240681325094,2.7228409486958007,-2.2272632757769983,4.679477214813232,-0.08602414280176163,0.06651181727647781,-0.0644235908985138,-0.14340701699256897,0.15347956120967865,-0.6310155391693115,-0.37117791175842285,0.6051216721534729,-0.9200201034545898,-0.054584573954343796,0.579599916934967,-0.4212809205055237
1749033593.8505661,0.9897854328155518,-2.2737394771971644,1.6441476980792444,2.7225815492817382,-2.226964298878805,4.678190231323242,-0.08757313340902328,0.06484182178974152,-0.06570078432559967,-0.14232636988162994,0.1554170548915863,-0.6351910829544067,-0.3503181040287018,0.6565471291542053,-0.9226168394088745,-0.08570609241724014,0.5518251061439514,-0.30243194103240967
1749033593.8506372,0.9895789623260498,-2.273618360558981,1.6440003553973597,2.722290201778076,-2.2266371885882776,4.676913738250732,-0.0883190780878067,0.06601947546005249,-0.06617963314056396,-0.14348682761192322,0.15205955505371094,-0.6321932077407837,-0.33904945850372314,0.6561554670333862,-0.9259279370307922,-0.10190054774284363,0.5842252373695374,-0.3463374972343445
1749033593.8507075,0.9894692301750183,-2.2734672031798304,1.6438525358783167,2.7219835954853515,-2.226365391408102,4.675642013549805,-0.08812257647514343,0.0660608559846878,-0.06554097682237625,-0.14485611021518707,0.15342570841312408,-0.6294972896575928,-0.3197494149208069,0.6339203715324402,-0.917599081993103,-0.10113053023815155,0.5830879211425781,-0.36059072613716125
1749033593.8507764,0.9892709255218506,-2.2733475170531214,1.6437175909625452,2.721703215236328,-2.226065460835592,4.67438268661499,-0.08790065348148346,0.06630274653434753,-0.06505817174911499,-0.14634808897972107,0.15459832549095154,-0.625892698764801,-0.35195276141166687,0.6196712255477905,-0.9203287363052368,-0.09497478604316711,0.5608494877815247,-0.32830530405044556
1749033593.8508446,0.9890790581703186,-2.273203512231344,1.6435897986041468,2.7213966089436035,-2.225748840962545,4.673137187957764,-0.08740530163049698,0.06645113229751587,-0.06742287427186966,-0.15306781232357025,0.15397246181964874,-0.6246427893638611,-0.32705217599868774,0.5983489155769348,-0.9135048389434814,-0.02992013469338417,0.5863916873931885,-0.36822012066841125
1749033593.8509123,0.9889118671417236,-2.2730943165221156,1.6434615294085901,2.721085234279297,-2.225434128438131,4.671855926513672,-0.0860675647854805,0.06636761873960495,-0.06551802158355713,-0.15071159601211548,0.1553288996219635,-0.62691330909729,-0.3605685532093048,0.629639208316803,-0.9002131223678589,-0.07098229229450226,0.5717477798461914,-0.3452221155166626
1749033593.850979,0.9887118339538574,-2.2729388676085414,1.6433265844928187,2.7207581239887695,-2.225111786519186,4.670645713806152,-0.08634467422962189,0.06660856306552887,-0.06404869258403778,-0.15083883702754974,0.15677760541439056,-0.6274747252464294,-0.3484801650047302,0.6222304701805115,-0.9483761787414551,-0.049683425575494766,0.5614809393882751,-0.3367635905742645
1749033593.851045,0.9885491132736206,-2.2727490864195765,1.6431739966021937,2.720438166255615,-2.224819008504049,4.669396877288818,-0.08595411479473114,0.06712914258241653,-0.06568445265293121,-0.15435704588890076,0.15585894882678986,-0.6247467994689941,-0.35648924112319946,0.6115184426307678,-0.9261816143989563,-0.002465575933456421,0.5781126022338867,-0.3606865108013153
1749033593.8511117,0.9883859753608704,-2.2726365528502406,1.6430581251727503,2.720123453731201,-2.224488083516256,4.6681599617004395,-0.08649536967277527,0.06670228391885757,-0.0656670331954956,-0.14877113699913025,0.15597663819789886,-0.624719500541687,-0.360845148563385,0.6167392730712891,-0.9112005233764648,-0.031812384724617004,0.5754050016403198,-0.36319881677627563
1749033593.851177,0.9882283806800842,-2.2724858723082484,1.6429155508624476,2.7198192316242675,-2.224172894154684,4.666906356811523,-0.08710039407014847,0.06681708246469498,-0.06374799460172653,-0.1480226367712021,0.1546235829591751,-0.6235257387161255,-0.367207795381546,0.6381109952926636,-0.9598116278648376,0.0012959390878677368,0.5758207440376282,-0.39605289697647095
1749033593.8512444,0.9880067110061646,-2.272360940972799,1.6427786985980433,2.7195159631916503,-2.223872486745016,4.665667533874512,-0.08609800040721893,0.0663960725069046,-0.06494380533695221,-0.14635717868804932,0.15872196853160858,-0.6258955597877502,-0.3291410505771637,0.6074090600013733,-0.9425914883613586,-0.00278569757938385,0.5521644353866577,-0.4122912585735321
1749033593.8513105,0.9878806471824646,-2.2722326717772425,1.6426432768451136,2.719263716334961,-2.2235878149615687,4.664429187774658,-0.0897686630487442,0.0657433420419693,-0.06374400854110718,-0.14380350708961487,0.15501098334789276,-0.6318265795707703,-0.3241967260837555,0.6232422590255737,-0.9518170356750488,-0.028408966958522797,0.5636205077171326,-0.34487485885620117
1749033593.8513777,0.9876748323440552,-2.2721320591368617,1.6425512472735804,2.7189370828815917,-2.2232921759234827,4.663148880004883,-0.08629415184259415,0.06474059820175171,-0.06556902825832367,-0.1422165334224701,0.15356585383415222,-0.6325820088386536,-0.3371053636074066,0.6321256160736084,-0.9621392488479614,-0.02076663076877594,0.583617627620697,-0.33653005957603455
1749033593.8514452,0.987514317035675,-2.2719999752440394,1.6424043814288538,2.7186738687702636,-2.2229531447040003,4.6618876457214355,-0.08767040818929672,0.06463246047496796,-0.06548827886581421,-0.1401042938232422,0.1570984572172165,-0.6318597793579102,-0.36040180921554565,0.6473720669746399,-0.9444913864135742,-0.0649333968758583,0.5598849058151245,-0.36165156960487366
1749033593.8515115,0.9873150587081909,-2.2718335590758265,1.6422718206988733,2.718402071590088,-2.2226064840899866,4.660651683807373,-0.08668564260005951,0.0636179968714714,-0.06610371172428131,-0.1403990238904953,0.15547220408916473,-0.6302496790885925,-0.32653868198394775,0.6108521819114685,-0.9429171681404114,-0.07706299424171448,0.5421345233917236,-0.3238595724105835
1749033593.851579,0.9871672987937927,-2.2717167339720667,1.6421168486224573,2.7181026178547363,-2.2223451773272913,4.659398555755615,-0.08702140301465988,0.0663737803697586,-0.06640614569187164,-0.142853781580925,0.1541493684053421,-0.6279412508010864,-0.35555171966552734,0.6126837730407715,-0.9427304863929749,-0.06598398834466934,0.5515642166137695,-0.36637774109840393
1749033593.8516457,0.9869886636734009,-2.2715612850584925,1.6419571081744593,2.717811270351074,-2.2219799200641077,4.658109664916992,-0.08838541060686111,0.06395777314901352,-0.06632744520902634,-0.1449708789587021,0.15347903966903687,-0.6298898458480835,-0.34648701548576355,0.6508806943893433,-0.9442481994628906,-0.060550909489393234,0.5767879486083984,-0.3562603294849396
1749033593.851712,0.9867963790893555,-2.271456857720846,1.641841236745016,2.7175156313129882,-2.2216981093036097,4.656840801239014,-0.08809477835893631,0.06440603733062744,-0.06726930290460587,-0.14656881988048553,0.1524633765220642,-0.6293143630027771,-0.3405460715293884,0.6535596251487732,-0.9198023080825806,-0.047906454652547836,0.5861285328865051,-0.3351869583129883
1749033593.8517792,0.9866296648979187,-2.2713095150389613,1.6416938940631312,2.717224283809326,-2.221391026173727,4.655609130859375,-0.08862493187189102,0.06650415807962418,-0.06727398186922073,-0.1491072177886963,0.15247593820095062,-0.6283804774284363,-0.32656681537628174,0.6178805232048035,-0.9293555021286011,-0.01671881228685379,0.5864688754081726,-0.3505529761314392
1749033593.8519373,0.9864097237586975,-2.2711812458434046,1.6415661017047327,2.716932459468506,-2.221114460621969,4.654364109039307,-0.08864342421293259,0.0673479288816452,-0.06661485135555267,-0.14498797059059143,0.1528618335723877,-0.6294752955436707,-0.3612833023071289,0.6009166240692139,-0.9353412389755249,-0.03395381569862366,0.5874474048614502,-0.32831186056137085
1749033593.8536742,0.9862233400344849,-2.2710453472533167,1.6414459387408655,2.7166692453571777,-2.220717255269186,4.653074264526367,-0.08742896467447281,0.06349493563175201,-0.06568960845470428,-0.14537645876407623,0.15402236580848694,-0.6274948716163635,-0.32976141571998596,0.6528295278549194,-0.9316151738166809,-0.054010018706321716,0.5667450428009033,-0.33468544483184814
1749033593.8945043,0.9860673546791077,-2.2709137401976527,1.6412985960589808,2.7163497644611816,-2.2204907576190394,4.651843070983887,-0.08480028808116913,0.06554297357797623,-0.06773819029331207,-0.14723306894302368,0.15322770178318024,-0.6282527446746826,-0.3697162866592407,0.6277751326560974,-0.9361729025840759,-0.01064351201057434,0.5626903176307678,-0.36750614643096924
1749033593.8945808,0.9858955144882202,-2.2707697353758753,1.6411827246295374,2.716109438533447,-2.2201293150531214,4.650603771209717,-0.08935175836086273,0.06544729322195053,-0.06691873073577881,-0.1450566202402115,0.1529238522052765,-0.6283851265907288,-0.31285154819488525,0.6263084411621094,-0.911037027835846,-0.05607462674379349,0.577989399433136,-0.30836158990859985
1749033593.8946621,0.9857398867607117,-2.270665784875387,1.6410234610186976,2.7157909113117675,-2.219879452382223,4.6492838859558105,-0.08499409258365631,0.06500855833292007,-0.06650403141975403,-0.14416323602199554,0.1507224440574646,-0.6276159286499023,-0.37566983699798584,0.6220162510871887,-0.9229657649993896,-0.05541684478521347,0.5497763752937317,-0.3138873875141144
1749033593.8947315,0.9855571985244751,-2.2705379925169886,1.6408918539630335,2.7154995638081054,-2.2195456663714808,4.648080825805664,-0.08676715940237045,0.06548070162534714,-0.06746546179056168,-0.14427420496940613,0.1480662077665329,-0.6244202256202698,-0.36276593804359436,0.6143342852592468,-0.9209195971488953,-0.06215137243270874,0.5553674101829529,-0.346011757850647
1749033593.8948019,0.9853616952896118,-2.2704059086241664,1.6407788435565394,2.7152158456989746,-2.2192252318011683,4.646841526031494,-0.08709748834371567,0.06604547798633575,-0.06937634199857712,-0.1450732946395874,0.15010972321033478,-0.6252068877220154,-0.34358370304107666,0.5957698225975037,-0.884897768497467,-0.05813401937484741,0.5803895592689514,-0.33935704827308655
1749033593.8948698,0.9852129220962524,-2.270262380639547,1.640662972127096,2.714881582851074,-2.218937698994772,4.6455817222595215,-0.0877559706568718,0.0657929927110672,-0.06609752029180527,-0.14756259322166443,0.14986266195774078,-0.6239120364189148,-0.3178809881210327,0.6306700110435486,-0.9120988249778748,-0.07170566916465759,0.561183750629425,-0.366842120885849
1749033593.8949378,0.9850372672080994,-2.270130296746725,1.6405084768878382,2.714632197017334,-2.218607250844137,4.6443095207214355,-0.08738549798727036,0.06860578060150146,-0.06659582257270813,-0.14861682057380676,0.14993718266487122,-0.6249693036079407,-0.35620641708374023,0.6243971586227417,-0.9261894226074219,-0.04439365863800049,0.5750339031219482,-0.37885981798171997
1749033593.8950038,0.9848694205284119,-2.2699438534178675,1.6403644720660608,2.714282675380371,-2.2183383146869105,4.6430230140686035,-0.08687534928321838,0.06613536179065704,-0.06710518896579742,-0.1539299041032791,0.1506488025188446,-0.6275355219841003,-0.3582022786140442,0.5863257050514221,-0.9162190556526184,-0.03062550164759159,0.5608019828796387,-0.3252499997615814
1749033593.8950715,0.984655499458313,-2.269846578637594,1.6402209440814417,2.7140261369892578,-2.2180145422564905,4.641761779785156,-0.08647388219833374,0.06567980349063873,-0.06753793358802795,-0.15092456340789795,0.14999264478683472,-0.6246470808982849,-0.35805490612983704,0.6149162650108337,-0.9083242416381836,-0.009309358894824982,0.5755939483642578,-0.3570291996002197
1749033593.8951385,0.9844793677330017,-2.2697235546507777,1.6400740782367151,2.713714762324951,-2.217688862477438,4.640542030334473,-0.08649204671382904,0.06859560310840607,-0.06793086230754852,-0.14906859397888184,0.14990611374378204,-0.6251955032348633,-0.38080528378486633,0.5875400900840759,-0.8981393575668335,-0.03154725581407547,0.5802690982818604,-0.31806468963623047
1749033593.8952043,0.9844793677330017,-2.2697235546507777,1.6400740782367151,2.713714762324951,-2.217688862477438,4.640542030334473,-0.08649204671382904,0.06859560310840607,-0.06793086230754852,-0.14906859397888184,0.14990611374378204,-0.6251955032348633,-0.38080528378486633,0.5875400900840759,-0.8981393575668335,-0.03154725581407547,0.5802690982818604,-0.31806468963623047
1749033593.8952758,0.9843119382858276,-2.2696339092650355,1.6399372259723108,2.7133962351032714,-2.217443291340963,4.639245510101318,-0.08763717114925385,0.06667208671569824,-0.0677071288228035,-0.15063650906085968,0.15139830112457275,-0.623600959777832,-0.3577521741390228,0.55655437707901,-0.9017738103866577,-0.008974984288215637,0.5759639739990234,-0.33762842416763306
1749033593.8953424,0.9839848279953003,-2.2693282566466273,1.6396773497210901,2.7128044801899414,-2.2167814413653772,4.636741638183594,-0.08765696734189987,0.06716473400592804,-0.06723161786794662,-0.1448042094707489,0.15341956913471222,-0.6259756088256836,-0.3503676652908325,0.5886796712875366,-0.8973735570907593,-0.030643247067928314,0.5641224384307861,-0.28353309631347656
1749033593.8954086,0.9838077425956726,-2.269215246240133,1.6395304838763636,2.712516947383545,-2.216532532368795,4.63552188873291,-0.08769667148590088,0.06648744642734528,-0.06614011526107788,-0.1458844691514969,0.15138807892799377,-0.6251965761184692,-0.36253201961517334,0.6012009382247925,-0.9035586714744568,-0.03220890462398529,0.5770348906517029,-0.3212146759033203
1749033593.8954756,0.9835782647132874,-2.269102235833639,1.6394017378436487,2.7122761446186523,-2.2162087599383753,4.63425874710083,-0.08547045290470123,0.06619159132242203,-0.06884849071502686,-0.1456780582666397,0.15537185966968536,-0.620849072933197,-0.34271740913391113,0.5881065726280212,-0.8665359616279602,-0.001394081860780716,0.5546263456344604,-0.3444576859474182
1749033593.8955417,0.9833910465240479,-2.268944402734274,1.6392892042743128,2.711965723628662,-2.215839211140768,4.633055686950684,-0.08426079154014587,0.06618115305900574,-0.06623556464910507,-0.14458148181438446,0.15298019349575043,-0.6227310299873352,-0.39983826875686646,0.6155571937561035,-0.8929428458213806,-0.034776873886585236,0.5649740099906921,-0.3696961998939514
1749033593.895608,0.9832668900489807,-2.268797060052389,1.6391385237323206,2.7116824823566894,-2.215555493031637,4.631752014160156,-0.0890159159898758,0.06583450734615326,-0.06621265411376953,-0.14378079771995544,0.15333512425422668,-0.6234419345855713,-0.3329089879989624,0.6199419498443604,-0.8889221549034119,-0.04560282826423645,0.5722736716270447,-0.3602464199066162
1749033593.8956745,0.9831415414810181,-2.268703599969381,1.6389754454242151,2.7114149767109375,-2.215306107197897,4.63057279586792,-0.08398637920618057,0.06538340449333191,-0.06868796795606613,-0.14618048071861267,0.15362957119941711,-0.6286453604698181,-0.413896381855011,0.6272497177124023,-0.8611647486686707,-0.048293545842170715,0.5678325295448303,-0.34386157989501953
1749033593.8957405,0.9829389452934265,-2.2685562572874964,1.6388476530658167,2.7111074167438964,-2.2149584929095667,4.629290580749512,-0.08595282584428787,0.06537708640098572,-0.06683950126171112,-0.14850205183029175,0.1525489091873169,-0.6314157247543335,-0.39984267950057983,0.6365199685096741,-0.8849802017211914,-0.040866460651159286,0.5614360570907593,-0.3205186724662781
1749033593.8958073,0.982775092124939,-2.2684627972044886,1.6387160460101526,2.710792227382324,-2.2146275679217737,4.627995491027832,-0.08788067102432251,0.06581059098243713,-0.06707165390253067,-0.14890475571155548,0.15267153084278107,-0.6294153332710266,-0.3788331151008606,0.6362913846969604,-0.89215487241745,-0.039042092859745026,0.5908437967300415,-0.34922394156455994
1749033593.8959737,0.9825798273086548,-2.268304487267965,1.638599697743551,2.7105085092731933,-2.2143271605121058,4.626811504364014,-0.08730551600456238,0.06623537093400955,-0.06717423349618912,-0.155010387301445,0.1538335531949997,-0.6297998428344727,-0.3804851770401001,0.6400207877159119,-0.8758155703544617,0.001052267849445343,0.5866513848304749,-0.3424210548400879
1749033593.8976748,0.9823967814445496,-2.2681881390013636,1.6384523550616663,2.7101899820515136,-2.214020077382223,4.625556468963623,-0.08733788877725601,0.06580277532339096,-0.06677110493183136,-0.15217001736164093,0.15400654077529907,-0.6280065178871155,-0.3703055679798126,0.6399185657501221,-0.8725589513778687,-0.004336625337600708,0.5748203992843628,-0.34197214245796204
1749033593.9385166,0.9821979999542236,-2.2680245838561,1.6383326689349573,2.70988575994458,-2.2137087027179163,4.624244213104248,-0.08607622981071472,0.06615147739648819,-0.06588747352361679,-0.15244771540164948,0.1553732305765152,-0.6288445591926575,-0.38543909788131714,0.6343145966529846,-0.8956854343414307,0.008686080574989319,0.570199728012085,-0.37892141938209534
1749033593.9385953,0.9820569157600403,-2.2678896389403285,1.6381924788104456,2.7095390993305664,-2.2133734861956995,4.623047828674316,-0.08945348113775253,0.06648928672075272,-0.06597121059894562,-0.15267322957515717,0.15504510700702667,-0.6326542496681213,-0.3436274528503418,0.6471168398857117,-0.900054395198822,0.04048539698123932,0.5459163188934326,-0.31419068574905396
1749033593.9386668,0.981869101524353,-2.2677489719786585,1.6380413214312952,2.709271116847656,-2.2130773703204554,4.621762752532959,-0.0866151675581932,0.06778525561094284,-0.06532377004623413,-0.14885814487934113,0.15396395325660706,-0.6319416761398315,-0.3728086054325104,0.5886887311935425,-0.8891307711601257,0.04014989361166954,0.5536043643951416,-0.327869176864624
1749033593.9387372,0.98167884349823,-2.2676521740355433,1.6379011313067835,2.708932562465332,-2.212780777608053,4.620548248291016,-0.09011434763669968,0.06885382533073425,-0.06565854698419571,-0.14635872840881348,0.15425258874893188,-0.6282427310943604,-0.34389540553092957,0.5869656205177307,-0.886994481086731,0.02849535271525383,0.5372325778007507,-0.35325905680656433
1749033593.9388094,0.981518030166626,-2.267485281030172,1.6377695242511194,2.7086760240742187,-2.212470356618063,4.619246006011963,-0.08678783476352692,0.06584998965263367,-0.06490819156169891,-0.14506645500659943,0.14866694808006287,-0.6246078610420227,-0.3548169732093811,0.6060516238212585,-0.9062687158584595,0.00582614541053772,0.5545764565467834,-0.32480141520500183
1749033593.9388785,0.9813199043273926,-2.267399927178854,1.6376379171954554,2.7084075647541503,-2.212162796651022,4.618008136749268,-0.08785674721002579,0.06594595313072205,-0.06496718525886536,-0.14319643378257751,0.148569256067276,-0.6237194538116455,-0.35060909390449524,0.6262012720108032,-0.8900554776191711,0.0005009621381759644,0.5695828795433044,-0.3928379416465759
1749033593.9389448,0.9811756610870361,-2.2672492466368617,1.637505833302633,2.708112879390381,-2.211862389241354,4.616778373718262,-0.0881858840584755,0.06934259086847305,-0.06529758125543594,-0.14467225968837738,0.14963501691818237,-0.6303467750549316,-0.3596285283565521,0.5852218270301819,-0.8879736661911011,-0.007131978869438171,0.5592328906059265,-0.37209951877593994
1749033593.9390104,0.9810265302658081,-2.2671057186522425,1.6373861471759241,2.707822008723877,-2.2115429083453577,4.615466594696045,-0.08730994164943695,0.06791859120130539,-0.0649782046675682,-0.14463196694850922,0.14849521219730377,-0.6307665109634399,-0.342083215713501,0.5646106004714966,-0.8939065337181091,0.001176483929157257,0.584861695766449,-0.3045031428337097
1749033593.9390767,0.9807963371276855,-2.266989370385641,1.6372430960284632,2.707543058986328,-2.2112277189837855,4.614196300506592,-0.08668235689401627,0.0663888230919838,-0.06468502432107925,-0.14426957070827484,0.1511956751346588,-0.6286646127700806,-0.39049702882766724,0.6199124455451965,-0.9158667922019958,-0.034935757517814636,0.5818079113960266,-0.36663326621055603
1749033593.939143,0.9806524515151978,-2.2668539486327113,1.6371234099017542,2.7072436052509765,-2.210944954548971,4.612980365753174,-0.08687540888786316,0.06813700497150421,-0.06420352309942245,-0.14695852994918823,0.154137521982193,-0.6273835301399231,-0.35449978709220886,0.5973711013793945,-0.9119943380355835,0.01000610925257206,0.5600626468658447,-0.330989271402359
1749033593.939208,0.9804851412773132,-2.266702791253561,1.6369946638690394,2.7069660860249023,-2.210628334675924,4.611686706542969,-0.08671247959136963,0.06727875024080276,-0.0671364814043045,-0.14349891245365143,0.15463051199913025,-0.6259960532188416,-0.3732930123806,0.6113186478614807,-0.9024880528450012,-0.004962272942066193,0.5609288811683655,-0.36524254083633423
1749033593.9392748,0.9803052544593811,-2.2665816746153773,1.6368630568133753,2.7066632944294433,-2.210325066243307,4.610397815704346,-0.08787398785352707,0.06749679893255234,-0.06355201452970505,-0.14694751799106598,0.15548202395439148,-0.626450777053833,-0.3798954486846924,0.616715133190155,-0.918656051158905,-0.005142480134963989,0.5655658841133118,-0.36803415417671204
1749033593.9393406,0.9801065921783447,-2.2664271793761195,1.636712376271383,2.706341429347656,-2.2100136915790003,4.609160900115967,-0.08865275979042053,0.06742680072784424,-0.06304220110177994,-0.14760394394397736,0.158014178276062,-0.629591703414917,-0.3936145007610321,0.6262880563735962,-0.9261425733566284,0.025402650237083435,0.529472291469574,-0.3067352771759033
1749033593.9394076,0.9799222946166992,-2.266283174554342,1.6365960280047815,2.706080122584961,-2.209721390401022,4.607905387878418,-0.08905406296253204,0.06641954183578491,-0.06665615737438202,-0.14430859684944153,0.15375375747680664,-0.6267994046211243,-0.3765906095504761,0.6069639921188354,-0.8945555686950684,-0.013315066695213318,0.5460419058799744,-0.32862716913223267
1749033593.939475,0.9797475337982178,-2.266170164147848,1.63646108308901,2.7057735162922363,-2.2093985716449183,4.606653213500977,-0.08763524144887924,0.06697584688663483,-0.06552165746688843,-0.1447267383337021,0.15520313382148743,-0.6254315376281738,-0.3736543655395508,0.605527400970459,-0.8948578238487244,-0.010544605553150177,0.5508847236633301,-0.3508128523826599
1749033593.939542,0.9795995354652405,-2.2660075626769007,1.6363208929644983,2.705512209529541,-2.209113423024313,4.6053948402404785,-0.09056796878576279,0.0667925626039505,-0.06512243300676346,-0.14234843850135803,0.15413358807563782,-0.6236199736595154,-0.3360144793987274,0.6299042105674744,-0.9125906229019165,-0.013564289547502995,0.5363363027572632,-0.31916290521621704
1749033593.9396095,0.979435920715332,-2.2658826313414515,1.6361854712115687,2.7051898676105957,-2.2088382879840296,4.604180812835693,-0.08728137612342834,0.06812084466218948,-0.06531578302383423,-0.14246626198291779,0.15095293521881104,-0.6230935454368591,-0.3929581940174103,0.5821912288665771,-0.9187109470367432,-0.029423117637634277,0.5660586357116699,-0.4191347062587738
1749033593.9396768,0.9792367815971375,-2.2657467327513636,1.6360848585711878,2.704902334804199,-2.2084863821612757,4.602909088134766,-0.09074031561613083,0.06552724540233612,-0.06542197614908218,-0.14246390759944916,0.15200671553611755,-0.6288023591041565,-0.36757364869117737,0.6156203150749207,-0.8921504020690918,-0.04669242352247238,0.5582578182220459,-0.36572766304016113
1749033593.9397428,0.9790768027305603,-2.265623708764547,1.6359570662127894,2.704627199763916,-2.2082141081439417,4.601683616638184,-0.08772362768650055,0.06646209955215454,-0.06532323360443115,-0.1444171518087387,0.15124189853668213,-0.6308703422546387,-0.3728584945201874,0.6381707191467285,-0.91889488697052,-0.021433264017105103,0.5630689859390259,-0.3420637249946594
1749033593.939809,0.978908896446228,-2.2654949627318324,1.6358054319964808,2.7043587404438476,-2.207895580922262,4.600379467010498,-0.08928221464157104,0.0688941553235054,-0.0649636834859848,-0.14575976133346558,0.1513253152370453,-0.6309913992881775,-0.357374370098114,0.564432680606842,-0.9300424456596375,-0.022953234612941742,0.584266185760498,-0.33891361951828003
1749033593.9399724,0.9786668419837952,-2.265374322930807,1.635674301777975,2.704075499171875,-2.2075722853290003,4.599142551422119,-0.08982933312654495,0.06456716358661652,-0.06453311443328857,-0.14749307930469513,0.153580904006958,-0.6312112212181091,-0.3591214418411255,0.6373092532157898,-0.934012770652771,-0.01841316744685173,0.553341805934906,-0.30578961968421936
1749033593.9416893,0.9785067439079285,-2.2652441463866175,1.6355422178851526,2.7037502962299804,-2.207263771687643,4.597885608673096,-0.08893211930990219,0.06603404134511948,-0.06460533291101456,-0.15086200833320618,0.15438207983970642,-0.6280361413955688,-0.34071558713912964,0.6207845211029053,-0.9234408140182495,-0.0026396922767162323,0.5551319718360901,-0.3403453230857849
1749033593.982515,0.9783360362052917,-2.2651154003539027,1.6354072729693812,2.703469915980957,-2.206933323537008,4.596638202667236,-0.08848807215690613,0.06734266132116318,-0.06454449892044067,-0.1474866420030594,0.15713343024253845,-0.6261789202690125,-0.3776715397834778,0.6146999001502991,-0.9225938320159912,-0.02542930096387863,0.5421925187110901,-0.3765619695186615
1749033593.9825962,0.9781476855278015,-2.2649675808348597,1.6353185812579554,2.7031704622456054,-2.206672016774313,4.595397472381592,-0.08825065195560455,0.06735151261091232,-0.06714051961898804,-0.14659345149993896,0.15770508348941803,-0.6288689970970154,-0.35609716176986694,0.6102474927902222,-0.9137090444564819,-0.02867964655160904,0.5099518895149231,-0.3504571318626404
1749033593.9826672,0.9780109524726868,-2.2648397884764613,1.63515550294985,2.702859087581299,-2.206341568623678,4.594125270843506,-0.08833777904510498,0.06762982159852982,-0.06564199924468994,-0.15025371313095093,0.1562143713235855,-0.6303598880767822,-0.3834705650806427,0.6191045045852661,-0.9102030396461487,0.010343030095100403,0.5327613353729248,-0.3659859299659729
1749033593.9827344,0.9778318405151367,-2.264719625512594,1.6350272337542933,2.702575369472168,-2.2060259024249476,4.592874050140381,-0.0883961170911789,0.06821165233850479,-0.06468847393989563,-0.14722897112369537,0.1562517136335373,-0.6289556622505188,-0.3565520942211151,0.5750572681427002,-0.9318413138389587,-0.01863064616918564,0.5367004871368408,-0.36609840393066406
1749033593.9828033,0.9776210188865662,-2.2645489178099574,1.6348798910724085,2.7022673326679687,-2.205768410359518,4.591665267944336,-0.0882398784160614,0.06763775646686554,-0.06715168803930283,-0.14813925325870514,0.15514372289180756,-0.6288195252418518,-0.3735857307910919,0.6063588857650757,-0.9258825182914734,-0.019809314981102943,0.5123513340950012,-0.31261634826660156
1749033593.9828722,0.9774378538131714,-2.264409204522604,1.6347678343402308,2.701983614558838,-2.2054579893695276,4.590365409851074,-0.09188761562108994,0.06802723556756973,-0.06681092083454132,-0.14802606403827667,0.15041056275367737,-0.6291959285736084,-0.3736687898635864,0.5698522329330444,-0.892757773399353,0.0019334256649017334,0.5502810478210449,-0.3810308277606964
1749033593.9829385,0.9774378538131714,-2.264409204522604,1.6347678343402308,2.701983614558838,-2.2054579893695276,4.590365409851074,-0.09188761562108994,0.06802723556756973,-0.06681092083454132,-0.14802606403827667,0.15041056275367737,-0.6291959285736084,-0.3736687898635864,0.5698522329330444,-0.892757773399353,0.0019334256649017334,0.5502810478210449,-0.3810308277606964
1749033593.983006,0.9770634174346924,-2.264153142968649,1.634488884602682,2.7014052110859375,-2.2048237959491175,4.587873935699463,-0.08871760219335556,0.06674040108919144,-0.06683657318353653,-0.1469602882862091,0.1507168710231781,-0.6312486529350281,-0.36702844500541687,0.5974947214126587,-0.90839022397995,-0.011386454105377197,0.5569004416465759,-0.3162517249584198
1749033593.9830728,0.9769385457038879,-2.264048238793844,1.634376351033346,2.7011172014423828,-2.204543415700094,4.5865888595581055,-0.08846358209848404,0.06705927848815918,-0.06714577972888947,-0.1461021900177002,0.15056391060352325,-0.628563404083252,-0.3683534860610962,0.6001608967781067,-0.8954991102218628,-0.025833964347839355,0.5818400979042053,-0.3483710289001465
1749033593.9831388,0.9767628312110901,-2.2639156780638636,1.6342528502093714,2.7008182245441894,-2.2041543165790003,4.585341453552246,-0.08810487389564514,0.06627041101455688,-0.06651927530765533,-0.14691150188446045,0.15238399803638458,-0.6293153762817383,-0.36579346656799316,0.6073193550109863,-0.9124500751495361,-0.009703181684017181,0.5782830119132996,-0.3369017541408539
1749033593.9832048,0.9766141772270203,-2.2637726269164027,1.6341126600848597,2.7005068498798828,-2.2038963476764124,4.584089279174805,-0.0887487605214119,0.06620031595230103,-0.06625660508871078,-0.15040376782417297,0.15630900859832764,-0.6289566159248352,-0.3797075152397156,0.633356511592865,-0.9210491180419922,0.016187181696295738,0.5439943671226501,-0.34316369891166687
1749033593.9832714,0.9764115214347839,-2.2636572323241175,1.633996311818258,2.70019976675,-2.2036050001727503,4.582804203033447,-0.08927037566900253,0.06570970267057419,-0.06598825007677078,-0.14849890768527985,0.15707328915596008,-0.6285973787307739,-0.36471521854400635,0.6361594796180725,-0.9152153730392456,0.001957174390554428,0.5427538156509399,-0.3647254705429077
1749033593.983336,0.9762049913406372,-2.2635208568968714,1.6338375250445765,2.6999246317097167,-2.203237835560934,4.581533432006836,-0.08900409191846848,0.0678638443350792,-0.06632837653160095,-0.14731545746326447,0.16026557981967926,-0.6256670951843262,-0.3272985816001892,0.5233234763145447,-0.895802915096283,0.017021283507347107,0.480106920003891,-0.23954367637634277
1749033593.983401,0.9760915637016296,-2.2634083233275355,1.633697811757223,2.699643774623535,-2.203017536793844,4.580272674560547,-0.08751441538333893,0.06204206496477127,-0.06593415886163712,-0.15108007192611694,0.15515874326229095,-0.619198203086853,-0.34970444440841675,0.6048958897590637,-0.8980617523193359,0.042746514081954956,0.4924246072769165,-0.28175655007362366
1749033593.9834673,0.9758973121643066,-2.2632538280882777,1.6335700193988245,2.6994001108356933,-2.2026475111590784,4.579092502593994,-0.08629990369081497,0.06239312142133713,-0.06585166603326797,-0.14352509379386902,0.15163978934288025,-0.61114102602005,-0.3479689657688141,0.6401890516281128,-0.8996871709823608,0.02752847969532013,0.5390270948410034,-0.3153272569179535
1749033593.9835324,0.9757329821586609,-2.263149400750631,1.6334312597857874,2.6991049486347656,-2.2024062315570276,4.577849864959717,-0.0853530764579773,0.06541679054498672,-0.06635232269763947,-0.1419651061296463,0.15006771683692932,-0.6096900105476379,-0.34364598989486694,0.6094905734062195,-0.8913930654525757,0.0009341463446617126,0.5137317776679993,-0.2951577305793762
1749033593.9835992,0.9755502343177795,-2.2630092106261195,1.6333377997027796,2.698805494899414,-2.2020867506610315,4.576661109924316,-0.08855845779180527,0.06339556723833084,-0.0666925460100174,-0.14018520712852478,0.14644022285938263,-0.6077396869659424,-0.3644251525402069,0.5956928730010986,-0.869431734085083,-0.019141733646392822,0.5469875335693359,-0.3375476002693176
1749033593.9836652,0.9753821492195129,-2.262877126733297,1.63318378130068,2.6985336977192382,-2.201791588460104,4.575425148010254,-0.0846390649676323,0.06402257084846497,-0.06657392531633377,-0.14079530537128448,0.1454845368862152,-0.6093641519546509,-0.38761821389198303,0.602812647819519,-0.8812269568443298,-0.021383125334978104,0.5496785640716553,-0.3393336534500122
1749033593.9837303,0.9752418398857117,-2.262725969354147,1.633071247731344,2.698254271144531,-2.2015007177936,4.5741987228393555,-0.08720440417528152,0.06543969362974167,-0.06538884341716766,-0.13989895582199097,0.1452368050813675,-0.6097626686096191,-0.37132662534713745,0.6023749709129333,-0.8811405897140503,-0.020437687635421753,0.5401092767715454,-0.28295689821243286
1749033593.9837956,0.9750620126724243,-2.2626010380186976,1.6329391638385218,2.6979476648518066,-2.201216522847311,4.5729827880859375,-0.08670058846473694,0.06534204632043839,-0.0642448216676712,-0.14218968152999878,0.14536389708518982,-0.606144368648529,-0.3539998531341553,0.5946983098983765,-0.9039985537528992,-0.029132500290870667,0.5595191717147827,-0.3231857717037201
1749033593.9839566,0.9748327732086182,-2.2624932728209437,1.632779900227682,2.697676344508789,-2.2009132544146937,4.571767330169678,-0.08710189163684845,0.0655810758471489,-0.06705018877983093,-0.1419237107038498,0.14646530151367188,-0.6024551391601562,-0.4006049633026123,0.6049050688743591,-0.8570720553398132,-0.01837121695280075,0.5587104558944702,-0.3257848024368286
1749033593.9857297,0.9746873378753662,-2.2623425922789515,1.632636849080221,2.6974007326313476,-2.2006099859820765,4.570613384246826,-0.08862404525279999,0.0649275854229927,-0.0632406547665596,-0.1428658366203308,0.14846909046173096,-0.6027397513389587,-0.3529021739959717,0.6004961729049683,-0.889837920665741,-0.04977904260158539,0.5642864108085632,-0.3425811529159546
1749033594.0263014,0.9745196104049683,-2.262191434899801,1.6325438658343714,2.6971480089375,-2.200275723134176,4.569372653961182,-0.08759883046150208,0.06439662724733353,-0.062231842428445816,-0.1415424793958664,0.14879736304283142,-0.6037444472312927,-0.39340221881866455,0.6513873934745789,-0.9197421073913574,-0.05035598203539848,0.5689799785614014,-0.4631780982017517
1749033594.0263476,0.9743626117706299,-2.2620626888670863,1.6324051062213343,2.696857138270996,-2.200026337300436,4.568160057067871,-0.08902910351753235,0.06665031611919403,-0.06525225937366486,-0.14675754308700562,0.1512511968612671,-0.6142423748970032,-0.4131976366043091,0.6240296959877014,-0.8971719741821289,-0.05783173441886902,0.5867012739181519,-0.39414873719215393
1749033594.0264006,0.9741259217262268,-2.2619506321349085,1.6322696844684046,2.6964947420307617,-2.199702564870016,4.566917419433594,-0.08995763212442398,0.06747059524059296,-0.06483049690723419,-0.14466536045074463,0.15286549925804138,-0.6212571859359741,-0.3747425377368927,0.6307921409606934,-0.8786411285400391,-0.03797931969165802,0.5636798143386841,-0.32910582423210144
1749033594.0264418,0.9739654064178467,-2.261799474755758,1.6321190039264124,2.6962267595478515,-2.199357811604635,4.565647125244141,-0.08997278660535812,0.06874237209558487,-0.06444521993398666,-0.14539466798305511,0.15402765572071075,-0.6246929168701172,-0.37523528933525085,0.6006205081939697,-0.9265612363815308,-0.046620793640613556,0.5602948665618896,-0.351185142993927
1749033594.02648,0.973820149898529,-2.261686941186422,1.6320064703570765,2.6959501939960937,-2.199076477681295,4.564350605010986,-0.09032995998859406,0.06803600490093231,-0.06611897051334381,-0.15111398696899414,0.15372778475284576,-0.6264963150024414,-0.37742525339126587,0.5806306004524231,-0.9072244763374329,0.008098021149635315,0.5925275683403015,-0.34570521116256714
1749033594.0265183,0.9736165404319763,-2.261562486688131,1.6318658033954065,2.6956240373798828,-2.1988070646869105,4.56312894821167,-0.08856455236673355,0.06713210046291351,-0.06703577190637589,-0.14680849015712738,0.15570366382598877,-0.6250112056732178,-0.3736416697502136,0.6281210780143738,-0.9040462374687195,-0.027744479477405548,0.5737767815589905,-0.38811177015304565
1749033594.0265617,0.9734731912612915,-2.261435171166891,1.6317346731769007,2.6953436571308593,-2.198484245930807,4.561856269836426,-0.08753200620412827,0.06775888800621033,-0.06806127727031708,-0.14818087220191956,0.15337100625038147,-0.629830002784729,-0.4193432927131653,0.6065087914466858,-0.8825998902320862,-0.025754297152161598,0.5816245079040527,-0.37973397970199585
1749033594.0266025,0.9732901453971863,-2.2612911663451136,1.6315868536578577,2.695032759303711,-2.198141876851217,4.560621738433838,-0.08989393711090088,0.0688275694847107,-0.06853015720844269,-0.14741043746471405,0.15553276240825653,-0.6339015960693359,-0.3618590533733368,0.5420701503753662,-0.8889157176017761,-0.03724084794521332,0.5891626477241516,-0.3236079514026642
1749033594.0266402,0.9730912446975708,-2.2611547909178675,1.6314433256732386,2.694729967708252,-2.197911087666647,4.559333324432373,-0.08641603589057922,0.06477148830890656,-0.06836774200201035,-0.14863966405391693,0.15553094446659088,-0.6319898962974548,-0.4153512418270111,0.6334151029586792,-0.8763830661773682,-0.024851232767105103,0.5531243085861206,-0.33556896448135376
1749033594.0266874,0.972989022731781,-2.2610188923277796,1.6313155333148401,2.694418116206787,-2.1975272337542933,4.5580925941467285,-0.08770715445280075,0.06689362227916718,-0.06812575459480286,-0.14811664819717407,0.15396228432655334,-0.6302063465118408,-0.419707328081131,0.6339231729507446,-0.8834545016288757,-0.024877026677131653,0.5951947569847107,-0.3805382549762726
1749033594.0267391,0.9727672934532166,-2.260864397088522,1.6311762968646448,2.69413868963208,-2.1972816626178187,4.556820392608643,-0.08982911705970764,0.06694132089614868,-0.06988608837127686,-0.14791713654994965,0.15608584880828857,-0.6317533850669861,-0.40649378299713135,0.6008894443511963,-0.8603432774543762,-0.020530670881271362,0.6087474822998047,-0.38565516471862793
1749033594.0268085,0.9725919365882874,-2.2607246838011683,1.6310713926898401,2.693831606502197,-2.196925942097799,4.555546283721924,-0.08943585306406021,0.06685777008533478,-0.06646569818258286,-0.15046578645706177,0.1597106158733368,-0.632422149181366,-0.4193837642669678,0.6080554127693176,-0.8592185378074646,-0.04240928590297699,0.5806645750999451,-0.3965129554271698
1749033594.026875,0.9724429249763489,-2.2606235943236292,1.6309393087970179,2.693563147182129,-2.1966422239886683,4.554275035858154,-0.09079250693321228,0.06575947254896164,-0.0646907240152359,-0.14951948821544647,0.1620466709136963,-0.6386781334877014,-0.372794508934021,0.6363559365272522,-0.9030753374099731,0.002635377459228039,0.5511667132377625,-0.3598651885986328
1749033594.0269327,0.9722429513931274,-2.260425706902975,1.6307886282550257,2.693251295680664,-2.196280304585592,4.55302619934082,-0.09004088491201401,0.06512924283742905,-0.06807401031255722,-0.1475033015012741,0.1629362404346466,-0.639503002166748,-0.3978932499885559,0.6392499208450317,-0.8822576999664307,-0.04608891159296036,0.5193971991539001,-0.3427082300186157
1749033594.0269725,0.9720678329467773,-2.2603517971434535,1.630648438130514,2.6929446893879394,-2.195987049733297,4.551729202270508,-0.08989414572715759,0.06572669744491577,-0.06622191518545151,-0.15007980167865753,0.1602504849433899,-0.6363813877105713,-0.40553799271583557,0.6257023215293884,-0.879131019115448,-0.030594080686569214,0.5378286838531494,-0.3641487956047058
1749033594.0270114,0.9718527793884277,-2.2601849041380824,1.630521599446432,2.692633791560791,-2.195686642323629,4.550447463989258,-0.08961638808250427,0.06538482755422592,-0.06603079289197922,-0.14811824262142181,0.16372276842594147,-0.6363604068756104,-0.40515685081481934,0.6268327832221985,-0.9224980473518372,-0.013440772891044617,0.5044481158256531,-0.3472955822944641
1749033594.0270505,0.9717279672622681,-2.260038038293356,1.6303933302508753,2.6923414903828125,-2.1953752676593226,4.549166679382324,-0.08856621384620667,0.06358388811349869,-0.0672963336110115,-0.14609815180301666,0.15688443183898926,-0.633984386920929,-0.39861243963241577,0.6499334573745728,-0.8972065448760986,-0.036779917776584625,0.5361027121543884,-0.376019686460495
1749033594.0271,0.9714896082878113,-2.259956499139303,1.6302650610553187,2.692025824184082,-2.1950600782977503,4.547874450683594,-0.09318175166845322,0.06624589115381241,-0.0673607587814331,-0.14738985896110535,0.15363579988479614,-0.6374231576919556,-0.37251704931259155,0.6299474239349365,-0.8982964158058167,-0.03949000686407089,0.5630307793617249,-0.38958078622817993
1749033594.0271664,0.971321702003479,-2.2597738705077113,1.630118195210592,2.6917545038410644,-2.1947601477252405,4.546619892120361,-0.08964616060256958,0.06678762286901474,-0.0677957609295845,-0.14757490158081055,0.15162907540798187,-0.64083331823349,-0.3993305563926697,0.6159956455230713,-0.8917912244796753,-0.030537940561771393,0.5836517214775085,-0.29541224241256714
1749033594.027227,0.9711425304412842,-2.259646078149313,1.6299899260150355,2.691444082851074,-2.1944602171527308,4.545334815979004,-0.09283144772052765,0.06685903668403625,-0.06755683571100235,-0.14717064797878265,0.15042749047279358,-0.6382527947425842,-0.3948291838169098,0.6131716966629028,-0.8882827162742615,-0.04203886538743973,0.593152642250061,-0.33932241797447205
1749033594.0276833,0.9709544777870178,-2.2595139942564906,1.6298497358905237,2.691157026881836,-2.194160763417379,4.544064521789551,-0.0883285328745842,0.06712991744279861,-0.06745684146881104,-0.1473688781261444,0.1521053910255432,-0.6360345482826233,-0.40470531582832336,0.6252530217170715,-0.8781571388244629,-0.028139367699623108,0.6083672642707825,-0.320511132478714
1749033594.0296795,0.9707664847373962,-2.2594100437560023,1.6296990553485315,2.690866156215332,-2.1938722769366663,4.5428266525268555,-0.0910029262304306,0.069819375872612,-0.06725580990314484,-0.1469547152519226,0.15591691434383392,-0.6353298425674438,-0.35625970363616943,0.5713300704956055,-0.8999868631362915,-0.04261389374732971,0.5906786918640137,-0.36214202642440796
1749033594.0705073,0.9705867171287537,-2.2592503033080042,1.6295669714557093,2.690589113826416,-2.1935418287860315,4.541565895080566,-0.09042664617300034,0.06633302569389343,-0.06691218167543411,-0.1491175889968872,0.1586088240146637,-0.634739875793457,-0.36492741107940674,0.627983808517456,-0.8958374261856079,-0.05526060611009598,0.5959218144416809,-0.4066181778907776
1749033594.0705845,0.9703648686408997,-2.259146352807516,1.6294353644000452,2.69029347478833,-2.1931827704059046,4.540252685546875,-0.08997209370136261,0.06698346883058548,-0.06623631715774536,-0.14966550469398499,0.16053156554698944,-0.6397804021835327,-0.3784202039241791,0.6179660558700562,-0.9065738320350647,-0.029273249208927155,0.5709822773933411,-0.3338078260421753
1749033594.0706546,0.9702202677726746,-2.2590095005431117,1.6293190161334437,2.6899782854267578,-2.192878548298971,4.538995265960693,-0.08835256844758987,0.07059963047504425,-0.0660502165555954,-0.14945626258850098,0.15994702279567719,-0.6414504051208496,-0.3962835371494293,0.5876460075378418,-0.8967974781990051,-0.07978139072656631,0.57205730676651,-0.357511043548584
1749033594.0707235,0.9700834155082703,-2.2588468990721644,1.6291754881488245,2.6896630960651855,-2.192582432423727,4.537708759307861,-0.08952844142913818,0.06686807423830032,-0.06531429290771484,-0.15210667252540588,0.15892861783504486,-0.6401923298835754,-0.3876100480556488,0.583723783493042,-0.9304571151733398,-0.026775076985359192,0.5583890676498413,-0.36441051959991455
1749033594.07079,0.9698836803436279,-2.2586990795531214,1.6290243307696741,2.6893674570270996,-2.192173782979147,4.536426067352295,-0.0897274762392044,0.06812235713005066,-0.06587103754281998,-0.1495504528284073,0.15894463658332825,-0.6392666697502136,-0.3845082223415375,0.6455637216567993,-0.9091508984565735,-0.026615984737873077,0.5676974654197693,-0.3278656601905823
1749033594.0708573,0.9697586894035339,-2.258547922173971,1.62889272371401,2.6890336710163574,-2.1919201056109827,4.535140514373779,-0.08913291245698929,0.06821534782648087,-0.06604370474815369,-0.15076285600662231,0.1575014889240265,-0.6385512948036194,-0.38115590810775757,0.5898709297180176,-0.924638032913208,-0.03953252732753754,0.5447296500205994,-0.3300444781780243
1749033594.0709243,0.9695172309875488,-2.25842346767568,1.6287801901446741,2.688741369838379,-2.1915529409991663,4.533859729766846,-0.09017826616764069,0.06727480888366699,-0.06579593569040298,-0.15026621520519257,0.15336525440216064,-0.6385238170623779,-0.3603212535381317,0.5891501903533936,-0.9180417656898499,0.015054695308208466,0.548434317111969,-0.3400653004646301
1749033594.0709906,0.9693385362625122,-2.258299013177389,1.6286214033709925,2.6884381014057617,-2.1913207213031214,4.5326313972473145,-0.08870998024940491,0.06736676394939423,-0.06688030809164047,-0.14768777787685394,0.1548120081424713,-0.6385652422904968,-0.39869803190231323,0.5800172090530396,-0.9097722768783569,-0.031616173684597015,0.5815157890319824,-0.2974533438682556
1749033594.0710585,0.9692360162734985,-2.2581597767271937,1.6285088698016565,2.688180609340332,-2.190981690083639,4.53131628036499,-0.09207232296466827,0.06686046719551086,-0.06751406192779541,-0.14615653455257416,0.1508786380290985,-0.6360692977905273,-0.38527390360832214,0.6082578301429749,-0.9008249640464783,-0.02215041220188141,0.5969616174697876,-0.34750473499298096
1749033594.0711243,0.9690364003181458,-2.2580348453917445,1.628397289906637,2.6878391939350585,-2.1906946341144007,4.530117988586426,-0.08891043066978455,0.06741221249103546,-0.06592891365289688,-0.14557427167892456,0.15112127363681793,-0.636157214641571,-0.38628000020980835,0.5860065817832947,-0.9223884344100952,-0.03928428888320923,0.6189698576927185,-0.32929864525794983
1749033594.0711918,0.968802273273468,-2.2579032383360804,1.6282652060138147,2.6875778871723632,-2.190432373677389,4.528829097747803,-0.09074815362691879,0.06723996251821518,-0.06697893887758255,-0.14578324556350708,0.15271349251270294,-0.6340893507003784,-0.3854854702949524,0.5883575081825256,-0.9204587936401367,-0.028584659099578857,0.6069971323013306,-0.3752061724662781
1749033594.0712576,0.9686307907104492,-2.2577597103514613,1.6281493345843714,2.687239809627197,-2.190075222645895,4.527558326721191,-0.0916166603565216,0.06702486425638199,-0.06794289499521255,-0.1451193392276764,0.15377460420131683,-0.6352959275245667,-0.373909592628479,0.5966090559959412,-0.9006436467170715,-0.01301012933254242,0.5978684425354004,-0.34884709119796753
1749033594.0713232,0.9684354662895203,-2.257573267022604,1.6280058065997522,2.6869680124470214,-2.1897557417498987,4.526299476623535,-0.09111820161342621,0.06563598662614822,-0.0650169849395752,-0.14879079163074493,0.1542222946882248,-0.6365020275115967,-0.36203017830848694,0.6392180323600769,-0.9375832676887512,-0.02759689837694168,0.5931214690208435,-0.31242865324020386
1749033594.0713887,0.9682748913764954,-2.25746550182485,1.62785512605776,2.6866723734089355,-2.1894410292254847,4.525003433227539,-0.0884183943271637,0.06910907477140427,-0.06503616273403168,-0.14781655371189117,0.16097912192344666,-0.6356853246688843,-0.3529549539089203,0.5556109547615051,-0.9496329426765442,-0.004697499796748161,0.5668728947639465,-0.33708757162094116
1749033594.0714543,0.9681038856506348,-2.2573687038817347,1.6277192274676722,2.6863881784626464,-2.1890981833087366,4.523772239685059,-0.08893462270498276,0.06442636251449585,-0.06569855660200119,-0.14570407569408417,0.15727975964546204,-0.6331974267959595,-0.3830409646034241,0.6108294129371643,-0.9303274750709534,-0.016931530088186264,0.5625995397567749,-0.348976731300354
1749033594.0715234,0.9679085612297058,-2.2572061024107875,1.6275795141803187,2.6860696512409667,-2.188775364552633,4.522490501403809,-0.0885920450091362,0.06381376087665558,-0.0659283772110939,-0.1484982818365097,0.1556536853313446,-0.6332353353500366,-0.384544312953949,0.6482636332511902,-0.9437980055809021,-0.013093091547489166,0.5688431859016418,-0.33929333090782166
1749033594.0715897,0.9677515625953674,-2.2571126423277796,1.6274908224688929,2.6858131128498535,-2.1884592215167444,4.521224021911621,-0.08763249963521957,0.06929974257946014,-0.06575942039489746,-0.14459136128425598,0.1568121463060379,-0.6314899325370789,-0.3947678208351135,0.5783932209014893,-0.9383397102355957,-0.020648807287216187,0.544472336769104,-0.3627045750617981
1749033594.0716565,0.9675801396369934,-2.2569924793639125,1.6273039023028772,2.6855026918598632,-2.188147846852438,4.519914627075195,-0.08656437695026398,0.06616214662790298,-0.06708308309316635,-0.14296837151050568,0.15330344438552856,-0.6320906281471252,-0.41493481397628784,0.5798465013504028,-0.928741991519928,-0.045430511236190796,0.5538243055343628,-0.35128873586654663
1749033594.0717242,0.9674180746078491,-2.2568022213377894,1.6271842161761683,2.6851999002644042,-2.1878836790667933,4.518668174743652,-0.08917388319969177,0.06754081696271896,-0.06799881160259247,-0.14402532577514648,0.15203286707401276,-0.6328305602073669,-0.37907499074935913,0.6103935241699219,-0.9136365056037903,-0.06360869854688644,0.5797209739685059,-0.3144788146018982
1749033594.0717912,0.9672018885612488,-2.2567135296263636,1.6270130316363733,2.684943361873291,-2.1875413099872034,4.517401695251465,-0.08766058832406998,0.06849252432584763,-0.07008545845746994,-0.1450144350528717,0.15073464810848236,-0.6295804381370544,-0.4124170243740082,0.5889506340026855,-0.8757908940315247,-0.048598092049360275,0.5693958401679993,-0.33219143748283386
1749033594.0719569,0.9670775532722473,-2.2565347156920375,1.6269038359271448,2.684671564693115,-2.187254254017965,4.516114234924316,-0.09162077307701111,0.06807701289653778,-0.067332424223423,-0.14663231372833252,0.15040233731269836,-0.6303030252456665,-0.36734530329704285,0.5770063996315002,-0.9034202694892883,-0.03370201960206032,0.5677047371864319,-0.30888280272483826
1749033594.0736785,0.9668349623680115,-2.256472726861471,1.6267531553851526,2.6843721109577636,-2.186934296284811,4.514837265014648,-0.0877772867679596,0.06703216582536697,-0.067891426384449,-0.1472611129283905,0.15056666731834412,-0.6285755634307861,-0.40869995951652527,0.5832630395889282,-0.9186477661132812,-0.019877120852470398,0.5727511644363403,-0.3344878554344177
1749033594.1145031,0.9668349623680115,-2.256472726861471,1.6267531553851526,2.6843721109577636,-2.186934296284811,4.514837265014648,-0.0877772867679596,0.06703216582536697,-0.067891426384449,-0.1472611129283905,0.15056666731834412,-0.6285755634307861,-0.40869995951652527,0.5832630395889282,-0.9186477661132812,-0.019877120852470398,0.5727511644363403,-0.3344878554344177
1749033594.11458,0.9666475057601929,-2.2563182316222132,1.6266096274005335,2.684032602901123,-2.1866191069232386,4.513594150543213,-0.08985211700201035,0.06759601831436157,-0.07041164487600327,-0.14769311249256134,0.15102094411849976,-0.6289604306221008,-0.36326155066490173,0.6126065850257874,-0.8706978559494019,-0.04616932570934296,0.551819384098053,-0.3411514163017273
1749033594.1146502,0.9663471579551697,-2.256035467187399,1.6263702551471155,2.683445616359375,-2.1860325972186487,4.5110554695129395,-0.08909182250499725,0.06611870974302292,-0.06847668439149857,-0.15067367255687714,0.15265226364135742,-0.6268237829208374,-0.39200347661972046,0.60568767786026,-0.8819786310195923,-0.03227975219488144,0.5714497566223145,-0.3103174567222595
1749033594.114719,0.9661356806755066,-2.255922933618063,1.6262381712542933,2.683149977321289,-2.1857455412494105,4.509777069091797,-0.08951776474714279,0.06650443375110626,-0.06853499263525009,-0.14965006709098816,0.15257628262043,-0.6212055683135986,-0.4070759415626526,0.6086438894271851,-0.8902367353439331,0.013278238475322723,0.5503363609313965,-0.3419782519340515
1749033594.1147902,0.9659446477890015,-2.2558099232115687,1.6261099020587366,2.682830973262451,-2.185434166585104,4.508573055267334,-0.08911888301372528,0.06709491461515427,-0.06859125941991806,-0.15132185816764832,0.1518460512161255,-0.6201817989349365,-0.4240737557411194,0.6046215891838074,-0.8785831928253174,-0.004807800054550171,0.5884158611297607,-0.3183720111846924
1749033594.1148584,0.9657802581787109,-2.2556711635985316,1.62596303621401,2.682534857387207,-2.1851075331317347,4.5073442459106445,-0.0895201712846756,0.06671633571386337,-0.06774269789457321,-0.14974331855773926,0.15222519636154175,-0.6200218200683594,-0.3987056314945221,0.6162092685699463,-0.890569269657135,0.014950282871723175,0.5696313977241516,-0.42940181493759155
1749033594.1149273,0.965605616569519,-2.255503316918844,1.6258114019977015,2.6822473245808105,-2.1848271528827112,4.506065368652344,-0.08745890110731125,0.066803939640522,-0.06774787604808807,-0.1469864398241043,0.15005359053611755,-0.628151535987854,-0.4053901433944702,0.5900349020957947,-0.8861004114151001,0.006147623062133789,0.5752635598182678,-0.31790095567703247
1749033594.1149945,0.9654293656349182,-2.255406518975729,1.625683609639303,2.681947870845459,-2.1845276991473597,4.504857063293457,-0.09083676338195801,0.06928019970655441,-0.06732925772666931,-0.14872585237026215,0.15090835094451904,-0.6290296912193298,-0.3640969693660736,0.5930994749069214,-0.8973607420921326,0.007574453949928284,0.5957070589065552,-0.2820640802383423
1749033594.1150608,0.9652502536773682,-2.255263944665426,1.6255434195147913,2.6816794115253906,-2.1842058340655726,4.503542900085449,-0.08620262145996094,0.06276564300060272,-0.06686783581972122,-0.14551638066768646,0.15098966658115387,-0.6240415573120117,-0.40073513984680176,0.6369513273239136,-0.8889184594154358,-0.0027940385043621063,0.5823317170143127,-0.3627757132053375
1749033594.1151273,0.9650823473930359,-2.255150934258932,1.6254432837115687,2.6813723283955078,-2.1838911215411585,4.502273082733154,-0.08893851190805435,0.06582467257976532,-0.06709600985050201,-0.14562295377254486,0.1501045823097229,-0.6232357025146484,-0.43161728978157043,0.6490616798400879,-0.8731338381767273,0.006163295358419418,0.6104746460914612,-0.349256306886673
1749033594.1151936,0.964921772480011,-2.2549883327879847,1.6252954641925257,2.681088610286377,-2.1835954825030726,4.501041412353516,-0.08920873701572418,0.06846699118614197,-0.06773123145103455,-0.14681647717952728,0.15255701541900635,-0.6214754581451416,-0.3648465573787689,0.6405498385429382,-0.8795046806335449,-0.012381985783576965,0.612342357635498,-0.38940557837486267
1749033594.1152592,0.9647310972213745,-2.2548405132689417,1.6251724402057093,2.6808010774799804,-2.183310333882467,4.499848365783691,-0.0896216630935669,0.06680719554424286,-0.06718020886182785,-0.14711391925811768,0.15568000078201294,-0.6242340207099915,-0.37004801630973816,0.5888540744781494,-0.8688234686851501,0.0037001371383666992,0.5772576332092285,-0.41477301716804504
1749033594.1153255,0.9645586013793945,-2.2547089062132777,1.6250250975238245,2.680520697230957,-2.1829798857318323,4.498586177825928,-0.09055571258068085,0.06506861001253128,-0.06793247908353806,-0.14674964547157288,0.1547641009092331,-0.628634512424469,-0.38590776920318604,0.6608956456184387,-0.8799012303352356,-0.004398271441459656,0.5764951705932617,-0.33901697397232056
1749033594.1153913,0.9643793106079102,-2.254604478875631,1.6249001661883753,2.680248900050781,-2.182641331349508,4.497316837310791,-0.09101822227239609,0.06704649329185486,-0.06804268807172775,-0.14733026921749115,0.1554945558309555,-0.6292524933815002,-0.39013752341270447,0.6336466073989868,-0.8753490447998047,-0.008865118026733398,0.5578736662864685,-0.3604615032672882
1749033594.1154575,0.9642031788825989,-2.2544809780516566,1.624749485646383,2.6799189287373046,-2.182305637990133,4.4960618019104,-0.09048837423324585,0.06783688068389893,-0.06775572896003723,-0.1463320553302765,0.16007131338119507,-0.6274728775024414,-0.3585122227668762,0.5950995087623596,-0.8740239143371582,-0.030803944915533066,0.5428339838981628,-0.3579089641571045
1749033594.1155229,0.9640353322029114,-2.254364629785055,1.624613110219137,2.6796504694172363,-2.181992832814352,4.494815349578857,-0.08962620794773102,0.06718839704990387,-0.06762617081403732,-0.14425517618656158,0.15652060508728027,-0.6258531808853149,-0.3878691792488098,0.6034524440765381,-0.865679919719696,-0.017976727336645126,0.5443678498268127,-0.33547404408454895
1749033594.1155882,0.9638555645942688,-2.254221101800436,1.6244657675372522,2.6793510156818847,-2.1816557089435022,4.493561267852783,-0.08979561924934387,0.06745099276304245,-0.06771200150251389,-0.14725516736507416,0.15622606873512268,-0.6257810592651367,-0.3777059018611908,0.6247276067733765,-0.877292275428772,-0.029260806739330292,0.5294827222824097,-0.407542884349823
1749033594.115655,0.9636679887771606,-2.254057546655172,1.6243651548968714,2.6790477472492675,-2.181356732045309,4.49227237701416,-0.09015856683254242,0.06823353469371796,-0.06892802566289902,-0.14715278148651123,0.1568581908941269,-0.6342504024505615,-0.3687273859977722,0.6240710616111755,-0.8454136848449707,-0.0052110254764556885,0.5142806172370911,-0.3766597509384155
1749033594.115721,0.9634690284729004,-2.2539340458311976,1.6242178122149866,2.6787563997456054,-2.1810763517962855,4.490989685058594,-0.08976978063583374,0.068382129073143,-0.06617294251918793,-0.14709749817848206,0.15452532470226288,-0.634993314743042,-0.34236907958984375,0.5816973447799683,-0.8720285296440125,-0.03051076829433441,0.5216612815856934,-0.30109381675720215
1749033594.1157868,0.9632472991943359,-2.2538258037962855,1.6240618864642542,2.6784488397785644,-2.1807220617877405,4.489770889282227,-0.09149176627397537,0.06791874766349792,-0.06589837372303009,-0.14732424914836884,0.15089453756809235,-0.632470965385437,-0.3624820411205292,0.5861721634864807,-0.8775839805603027,-0.0031699389219284058,0.5376194715499878,-0.32711443305015564
1749033594.1159477,0.9630550146102905,-2.2536617718138636,1.6239355246173304,2.6781303125568847,-2.180457894002096,4.488488674163818,-0.08768656849861145,0.06773997843265533,-0.06947673112154007,-0.14774851500988007,0.1493728756904602,-0.6299717426300049,-0.3421931266784668,0.6076983213424683,-0.8397647142410278,0.009383752942085266,0.5556902289390564,-0.32075750827789307
1749033594.1176472,0.9629302024841309,-2.2535463772215785,1.6237953344928187,2.6778337198444824,-2.180146042500631,4.487237453460693,-0.08770541101694107,0.06469625234603882,-0.06569568067789078,-0.14834614098072052,0.14856579899787903,-0.6281909942626953,-0.3873674273490906,0.6367731094360352,-0.8769675493240356,0.010141950100660324,0.5665974617004395,-0.35129958391189575
1749033594.1585078,0.9627587199211121,-2.2534061870970667,1.6237099806415003,2.6775447565266113,-2.1798322836505335,4.485979080200195,-0.08955781906843185,0.07028605043888092,-0.06663007289171219,-0.1483164280653,0.14928995072841644,-0.6274658441543579,-0.3276628255844116,0.5861033201217651,-0.8586893677711487,-0.0063992515206336975,0.5643680691719055,-0.37703895568847656
1749033594.1585846,0.9625898599624634,-2.2532745800414027,1.6235869566546839,2.6772538858601074,-2.179591957722799,4.484728813171387,-0.08646313846111298,0.06648772954940796,-0.06693632900714874,-0.1471221148967743,0.1513175368309021,-0.6297914385795593,-0.40058889985084534,0.5944033861160278,-0.8705381751060486,0.004520803689956665,0.5494038462638855,-0.3432120084762573
1749033594.158665,0.9624494314193726,-2.253157754937643,1.6234515349017542,2.676985426540039,-2.179241959248678,4.48346471786499,-0.08827739208936691,0.06615173071622849,-0.06639494001865387,-0.14804689586162567,0.15205910801887512,-0.6285600662231445,-0.3616691529750824,0.650719165802002,-0.8676688075065613,0.013589158654212952,0.5598469376564026,-0.3378017544746399
1749033594.1587343,0.9622043371200562,-2.253010412255758,1.6233237425433558,2.676675005550049,-2.178929630910055,4.482217311859131,-0.08801525086164474,0.06852539628744125,-0.0664825439453125,-0.14760775864124298,0.15350304543972015,-0.6273617148399353,-0.3931524157524109,0.6275976300239563,-0.8629693984985352,0.009310945868492126,0.5571391582489014,-0.3476656973361969
1749033594.1588035,0.962052047252655,-2.252867361108297,1.6232035795794886,2.676403208369873,-2.1786697546588343,4.480937957763672,-0.08793856203556061,0.06665439903736115,-0.06531355530023575,-0.1468130499124527,0.15314196050167084,-0.6245790123939514,-0.3719090521335602,0.624886155128479,-0.8821211457252502,0.007619771175086498,0.5537527799606323,-0.3277893662452698
1749033594.1588728,0.9618722796440125,-2.25274719814443,1.6230528990374964,2.6761085230061035,-2.1783202330218714,4.479750156402588,-0.08819767832756042,0.06596572697162628,-0.06782260537147522,-0.14440873265266418,0.15679562091827393,-0.6228151321411133,-0.3778530955314636,0.6475414037704468,-0.8681299686431885,-0.012056171894073486,0.5118935108184814,-0.3892718255519867
1749033594.1589398,0.9617117047309875,-2.2526151142516078,1.6229332129107874,2.6758591371723632,-2.1780322233783167,4.478494644165039,-0.08771606534719467,0.06693467497825623,-0.06487329304218292,-0.1444595456123352,0.15312039852142334,-0.6270591020584106,-0.39810711145401,0.652612566947937,-0.8840762972831726,-0.027141310274600983,0.5320985913276672,-0.3672214150428772
1749033594.1590073,0.9615253210067749,-2.2524830303587855,1.6227853933917444,2.6755334573933105,-2.1777051130877894,4.477266311645508,-0.08619488030672073,0.06718198955059052,-0.06458257138729095,-0.14370256662368774,0.15372300148010254,-0.6293531656265259,-0.3969835638999939,0.6282545328140259,-0.9077281951904297,-0.026185087859630585,0.5503111481666565,-0.3347336947917938
1749033594.159074,0.9613843560218811,-2.252342840234274,1.622657601033346,2.675234003657959,-2.1774142424212855,4.475977420806885,-0.09046728163957596,0.06770291179418564,-0.06727558374404907,-0.14237327873706818,0.15431712567806244,-0.6305903196334839,-0.35567817091941833,0.6268237233161926,-0.8874752521514893,-0.04967532306909561,0.5335766673088074,-0.38830453157424927
1749033594.15914,0.9611654281616211,-2.25223507503652,1.6225412527667444,2.674914999599121,-2.1771062056170862,4.474724769592285,-0.08699419349431992,0.06787539273500443,-0.06550069898366928,-0.14861249923706055,0.15087535977363586,-0.6328353881835938,-0.4023551940917969,0.6183843016624451,-0.882601261138916,-0.011517174541950226,0.5684211254119873,-0.346070259809494
1749033594.159207,0.9609894752502441,-2.2520910702147425,1.622406307850973,2.6746417719074707,-2.1768301169024866,4.4734697341918945,-0.08959465473890305,0.06815411150455475,-0.0651438906788826,-0.14832763373851776,0.15078406035900116,-0.6316668391227722,-0.3973957300186157,0.599459171295166,-0.9010801911354065,-0.009806275367736816,0.579781174659729,-0.34124094247817993
1749033594.1592736,0.9607911705970764,-2.251909395257467,1.6222699324237269,2.6743575769611816,-2.1765077749835413,4.472177505493164,-0.08955991268157959,0.06750711798667908,-0.06578794121742249,-0.14827638864517212,0.15142172574996948,-0.6302868723869324,-0.35460108518600464,0.6487762928009033,-0.9032002687454224,-0.009974561631679535,0.5872797966003418,-0.361155241727829
1749033594.1593401,0.960630476474762,-2.251777311364645,1.6221535841571253,2.6740423875996093,-2.176199738179342,4.470941066741943,-0.08856958150863647,0.06888941675424576,-0.06623446941375732,-0.14673005044460297,0.15216581523418427,-0.632418692111969,-0.37203842401504517,0.5908675789833069,-0.886130154132843,-0.023302316665649414,0.5868902206420898,-0.29915234446525574
1749033594.1594057,0.9604697227478027,-2.25164856533193,1.6219952742206019,2.673781080836914,-2.1758816877948206,4.46964693069458,-0.08906135708093643,0.06845929473638535,-0.0665268674492836,-0.14622631669044495,0.15484848618507385,-0.6303735971450806,-0.3523200750350952,0.5788142681121826,-0.9007994532585144,-0.009395331144332886,0.5738762021064758,-0.3343318700790405
1749033594.1594715,0.9602636098861694,-2.2515207729735316,1.6218794027911585,2.673466845149658,-2.175605122243063,4.468458652496338,-0.08830749988555908,0.06813818216323853,-0.06600568443536758,-0.14497502148151398,0.15389597415924072,-0.6271210312843323,-0.37729719281196594,0.6032252311706543,-0.8995994329452515,-0.05090776085853577,0.5728206634521484,-0.3583329916000366
1749033594.1595383,0.9601079225540161,-2.2513963184752406,1.6217439810382288,2.6731864649006347,-2.175286595021383,4.467169761657715,-0.08735673874616623,0.06740786880254745,-0.06612542271614075,-0.14860466122627258,0.15834729373455048,-0.6273886561393738,-0.4080221951007843,0.6134275794029236,-0.9049477577209473,-0.010284483432769775,0.5458378791809082,-0.3502088785171509
1749033594.159604,0.9599207043647766,-2.2512413463988246,1.6216195265399378,2.6728994089313964,-2.17499810854067,4.465938568115234,-0.08727483451366425,0.07143811881542206,-0.06646409630775452,-0.14541415870189667,0.1557299941778183,-0.6292628049850464,-0.3738430142402649,0.5605794191360474,-0.9122236967086792,-0.010390017181634903,0.5371924042701721,-0.3594475984573364
1749033594.1596682,0.9597284197807312,-2.251090189019674,1.62148362794985,2.672576590175293,-2.1746986548053187,4.464635372161865,-0.08693863451480865,0.06603968143463135,-0.06674820184707642,-0.14819838106632233,0.15564371645450592,-0.6303536295890808,-0.38747715950012207,0.6105020642280579,-0.898772656917572,-0.0024407505989074707,0.5518460273742676,-0.33061710000038147
1749033594.1597311,0.9595403671264648,-2.251009603539938,1.6213400999652308,2.6723105150410156,-2.1744068304644983,4.463409423828125,-0.08700084686279297,0.06521560996770859,-0.06705880165100098,-0.15053972601890564,0.15710370242595673,-0.6296347975730896,-0.3649149537086487,0.6369625926017761,-0.8964758515357971,0.017361067235469818,0.5118328332901001,-0.31094929575920105
1749033594.1597993,0.9594123959541321,-2.2508846722044886,1.6212123076068323,2.6720315653034667,-2.174072567616598,4.462152004241943,-0.08698402345180511,0.06855205446481705,-0.06700945645570755,-0.14813357591629028,0.15470942854881287,-0.6271681785583496,-0.36790400743484497,0.5975417494773865,-0.9028604030609131,0.002037450671195984,0.5433779954910278,-0.3494565486907959
1749033594.1599667,0.9594123959541321,-2.2508846722044886,1.6212123076068323,2.6720315653034667,-2.174072567616598,4.462152004241943,-0.08698402345180511,0.06855205446481705,-0.06700945645570755,-0.14813357591629028,0.15470942854881287,-0.6271681785583496,-0.36790400743484497,0.5975417494773865,-0.9028604030609131,0.002037450671195984,0.5433779954910278,-0.3494565486907959
1749033594.1616561,0.9590113759040833,-2.250566144982809,1.6209571997271937,2.6713897424885253,-2.17344314256777,4.459625720977783,-0.08907704055309296,0.06622857600450516,-0.06725073605775833,-0.14778849482536316,0.1560847908258438,-0.6271879076957703,-0.37518319487571716,0.6257527470588684,-0.8961513638496399,0.00028934329748153687,0.5421977043151855,-0.34030863642692566
1749033594.2025084,0.9588617086410522,-2.250423093835348,1.6208255926715296,2.671112223262451,-2.1731627623187464,4.4583516120910645,-0.08550260215997696,0.06465909630060196,-0.06702069193124771,-0.14662887156009674,0.15619798004627228,-0.6273884773254395,-0.40545743703842163,0.6141993999481201,-0.8965066075325012,-0.008862826973199844,0.5403475165367126,-0.37835174798965454
1749033594.202587,0.9586782455444336,-2.250298162499899,1.620709244404928,2.6707941728779296,-2.1728552023517054,4.457115173339844,-0.08702732622623444,0.0658268854022026,-0.06713756918907166,-0.14778032898902893,0.1556258648633957,-0.6274302005767822,-0.39908769726753235,0.6304041147232056,-0.9023588299751282,-0.013263970613479614,0.5645905137062073,-0.3157832622528076
1749033594.2026598,0.958476185798645,-2.2502013645567835,1.6205814520465296,2.6705095010944824,-2.1725404898272913,4.455871105194092,-0.08858935534954071,0.06596525758504868,-0.06667260080575943,-0.14685994386672974,0.15631183981895447,-0.6286340951919556,-0.37993669509887695,0.6614125967025757,-0.9218618869781494,-0.014746099710464478,0.5747590661048889,-0.42179369926452637
1749033594.2027302,0.9583274722099304,-2.250050207177633,1.6204183737384241,2.6702305513569335,-2.1721790472613733,4.4546003341674805,-0.08990811556577682,0.06637262552976608,-0.06662509590387344,-0.14759521186351776,0.1568903923034668,-0.6304014325141907,-0.37449410557746887,0.633734941482544,-0.9091601371765137,-0.006545647978782654,0.5557458996772766,-0.3852783441543579
1749033594.202799,0.9581860303878784,-2.249871870080465,1.6203020254718226,2.669973536128662,-2.171886746083395,4.453292369842529,-0.08965875953435898,0.06662203371524811,-0.06978728622198105,-0.1475062221288681,0.15706898272037506,-0.6349567174911499,-0.3475441038608551,0.651614785194397,-0.9021226763725281,-0.0007439404726028442,0.5435739755630493,-0.31796813011169434
1749033594.2028668,0.957964301109314,-2.249763151208395,1.620162312184469,2.669682665462158,-2.1715357939349573,4.452029228210449,-0.08884140849113464,0.06576474010944366,-0.0686381384730339,-0.14588704705238342,0.1589908003807068,-0.6352392435073853,-0.3589995801448822,0.6327123641967773,-0.8756458163261414,-0.012006141245365143,0.522820770740509,-0.3605787754058838
1749033594.2029345,0.9578233957290649,-2.2496587238707484,1.6200268904315394,2.669386549586914,-2.171243492756979,4.450753211975098,-0.08781030029058456,0.06617161631584167,-0.06754667311906815,-0.14533691108226776,0.15509335696697235,-0.6356050968170166,-0.39074140787124634,0.6425150632858276,-0.9079627394676208,-0.02919786423444748,0.5375279188156128,-0.3111411929130554
1749033594.2030025,0.9576197266578674,-2.2495037517943324,1.6198909918414515,2.669083757991455,-2.1709564367877405,4.449449062347412,-0.08703487366437912,0.06672041118144989,-0.06958983838558197,-0.14426545798778534,0.157808318734169,-0.6352482438087463,-0.37259626388549805,0.6053571105003357,-0.8831930160522461,-0.04252315312623978,0.5270755290985107,-0.2659364342689514
1749033594.203069,0.9574602246284485,-2.2493983707823695,1.6197598616229456,2.6687957483479003,-2.1706607977496546,4.448239326477051,-0.08562304824590683,0.0668117105960846,-0.0694500282406807,-0.14954546093940735,0.15498675405979156,-0.6278572082519531,-0.40647345781326294,0.635431170463562,-0.85888671875,0.0006300508975982666,0.5277191400527954,-0.3165998160839081
1749033594.2031355,0.9572576284408569,-2.2492505512633265,1.6196196714984339,2.668484850520752,-2.1703336874591272,4.446907043457031,-0.08808896690607071,0.06857433915138245,-0.06971271336078644,-0.14623083174228668,0.15565721690654755,-0.6269226670265198,-0.40566399693489075,0.5796970725059509,-0.8862550854682922,-0.04239441454410553,0.5387849807739258,-0.3296460807323456
1749033594.2032018,0.9570821523666382,-2.2490841350951136,1.6194646994220179,2.6682092386433105,-2.1700261274920862,4.44570255279541,-0.08654898405075073,0.06638271361589432,-0.06990712136030197,-0.14587360620498657,0.15524382889270782,-0.6242774724960327,-0.40928947925567627,0.6261630654335022,-0.8729456663131714,-0.029750078916549683,0.5341046452522278,-0.35198384523391724
1749033594.2032688,0.9569525718688965,-2.2489525280394496,1.6193092505084437,2.667890711421631,-2.169734779988424,4.444498062133789,-0.08777599781751633,0.06818530708551407,-0.0701964944601059,-0.1499229520559311,0.15535050630569458,-0.6277060508728027,-0.38915500044822693,0.6158366799354553,-0.8516532182693481,-0.01194974035024643,0.5266715288162231,-0.36080628633499146
1749033594.2033365,0.9567381739616394,-2.2488595447936,1.6192005316363733,2.667626066798828,-2.1694467703448694,4.443233966827393,-0.09001053869724274,0.07051041722297668,-0.0691477581858635,-0.14564526081085205,0.15407505631446838,-0.6306291818618774,-0.3173014521598816,0.5492517948150635,-0.8585660457611084,-0.04405832290649414,0.5560588836669922,-0.2818284034729004
1749033594.2034023,0.956508219242096,-2.2486683330931605,1.6190412680255335,2.6673309045979003,-2.169126335774557,4.441967010498047,-0.08762761950492859,0.06700939685106277,-0.07022801786661148,-0.14528051018714905,0.15248724818229675,-0.6284526586532593,-0.39844217896461487,0.6067617535591125,-0.863166093826294,-0.026662252843379974,0.5520978569984436,-0.3439050316810608
1749033594.203469,0.9563900232315063,-2.248599191705221,1.618936840687887,2.667062445277832,-2.168845001851217,4.440704345703125,-0.08757982403039932,0.06718038767576218,-0.06904972344636917,-0.14624091982841492,0.1528334617614746,-0.6256276369094849,-0.3973633646965027,0.6027512550354004,-0.8436448574066162,-0.05353608727455139,0.5528011322021484,-0.3541191518306732
1749033594.2035358,0.9561874270439148,-2.2484480343260707,1.6188023726092737,2.666755362147949,-2.1684706846820276,4.439437389373779,-0.08827198296785355,0.06715607643127441,-0.06716317683458328,-0.14621224999427795,0.15690913796424866,-0.6244633197784424,-0.35469818115234375,0.6041844487190247,-0.8656485676765442,-0.05361832678318024,0.5568534135818481,-0.3164646029472351
1749033594.2036028,0.9560195803642273,-2.248253961602682,1.6186588446246546,2.666456385249756,-2.1681717077838343,4.4382147789001465,-0.08735443651676178,0.06644967198371887,-0.06891359388828278,-0.14813177287578583,0.15554161369800568,-0.6240401864051819,-0.39914029836654663,0.628394603729248,-0.8828548192977905,-0.05695345997810364,0.5220937728881836,-0.39083826541900635
1749033594.2036688,0.9558326005935669,-2.2481495342650355,1.6185153166400355,2.6661526399799804,-2.1678832213031214,4.436925888061523,-0.08826714754104614,0.0663503110408783,-0.07006031274795532,-0.15157094597816467,0.15237385034561157,-0.6304607391357422,-0.37261465191841125,0.6294307112693787,-0.8301824927330017,-0.026900887489318848,0.5465855002403259,-0.35404008626937866
1749033594.2037342,0.9556460976600647,-2.248028417626852,1.6183984915362757,2.6658407884785156,-2.167549435292379,4.435654163360596,-0.08826548606157303,0.06652654707431793,-0.06745017319917679,-0.14939793944358826,0.15572980046272278,-0.6324207782745361,-0.3792981207370758,0.628105878829956,-0.8729267120361328,-0.031105928122997284,0.5449216961860657,-0.32620498538017273
1749033594.2038007,0.9554506540298462,-2.2478705845274867,1.6182859579669397,2.665541811580322,-2.167292896901266,4.434450626373291,-0.08797185122966766,0.06667476147413254,-0.06867381185293198,-0.15262697637081146,0.15221810340881348,-0.6296756267547607,-0.37645724415779114,0.5753413438796997,-0.842851996421814,-0.02591843158006668,0.5514911413192749,-0.3393782079219818
1749033594.2039642,0.9553254246711731,-2.247749467889303,1.6181195417987269,2.665238066310547,-2.167001549397604,4.433164119720459,-0.08722750842571259,0.06596838682889938,-0.06816937774419785,-0.15246529877185822,0.1527107208967209,-0.6280481815338135,-0.37362200021743774,0.6081866025924683,-0.8472940921783447,0.0004353076219558716,0.556149423122406,-0.3487042188644409
1749033594.2056918,0.9551258087158203,-2.2476335964598597,1.6179912726031702,2.6649700838276367,-2.1666744391070765,4.431931972503662,-0.08690974116325378,0.0656353160738945,-0.0683012306690216,-0.14874005317687988,0.15253013372421265,-0.6249034404754639,-0.3739144206047058,0.6128787398338318,-0.8594216108322144,-0.025994092226028442,0.559264063835144,-0.35829684138298035
1749033594.246298,0.9549731016159058,-2.2474857769408167,1.6178444067584437,2.664677782649658,-2.1663511435138147,4.43068790435791,-0.08541067689657211,0.06531574577093124,-0.06757315993309021,-0.1485142707824707,0.1543933004140854,-0.6254029273986816,-0.4058120846748352,0.6420358419418335,-0.8562467694282532,-0.03165483474731445,0.5587031245231628,-0.42515718936920166
1749033594.2463453,0.9547667503356934,-2.2473231754698695,1.6177471319781702,2.664339228267334,-2.166032616292135,4.429410934448242,-0.0884443074464798,0.06644165515899658,-0.06734862923622131,-0.14734697341918945,0.15438570082187653,-0.631674587726593,-0.37027937173843384,0.6276208162307739,-0.861386775970459,-0.03365060314536095,0.5447142124176025,-0.36012107133865356
1749033594.2463865,0.9545834064483643,-2.2472263775267542,1.6175897757159632,2.6640664774128417,-2.1657450834857386,4.428131580352783,-0.08524111658334732,0.06530506908893585,-0.06677640974521637,-0.14612694084644318,0.15424561500549316,-0.6316899061203003,-0.39754557609558105,0.6288923025131226,-0.8656861186027527,-0.02393379621207714,0.5651587843894958,-0.3529667556285858
1749033594.2464259,0.9544424414634705,-2.24711336712026,1.6174300352679651,2.6637441354938964,-2.1654375235186976,4.426860332489014,-0.08869606256484985,0.06699833273887634,-0.06645913422107697,-0.14710573852062225,0.1539689004421234,-0.6284860968589783,-0.41803404688835144,0.6251823306083679,-0.8710609674453735,-0.024840950965881348,0.5552762746810913,-0.3724271059036255
1749033594.2464643,0.954248309135437,-2.246958395043844,1.6173256079303187,2.663447542781494,-2.1651180426227015,4.425622940063477,-0.08728129416704178,0.06671846657991409,-0.06598358601331711,-0.14656396210193634,0.15326885879039764,-0.6276376843452454,-0.3759658634662628,0.6021350622177124,-0.8663138151168823,-0.027315564453601837,0.5619560480117798,-0.3198196291923523
1749033594.246502,0.9540835022926331,-2.2468306026854457,1.6171978155719202,2.6631719309040527,-2.164799515401022,4.424407958984375,-0.08705554902553558,0.06571830809116364,-0.0654531866312027,-0.1469728946685791,0.15799202024936676,-0.6262020468711853,-0.3820250630378723,0.62171870470047,-0.8850657939910889,-0.015041053295135498,0.5296570062637329,-0.39273422956466675
1749033594.246545,0.953915536403656,-2.246695180932516,1.617065731679098,2.6628729540058593,-2.1644652525531214,4.4230852127075195,-0.08787388354539871,0.06571714580059052,-0.06625277549028397,-0.1462259739637375,0.15472865104675293,-0.629788339138031,-0.39985060691833496,0.6150962710380554,-0.8609191179275513,-0.02789965271949768,0.5451849699020386,-0.34560009837150574
1749033594.2465827,0.9537357687950134,-2.2465511761107386,1.6169570128070276,2.6625730234333496,-2.1641815344439905,4.421840667724609,-0.08762342482805252,0.0670723170042038,-0.06634539365768433,-0.14514487981796265,0.15341976284980774,-0.629332959651947,-0.3808463215827942,0.5915947556495667,-0.8777174353599548,-0.045385170727968216,0.5574549436569214,-0.2955612540245056
1749033594.2466197,0.953579843044281,-2.2463914356627406,1.6167905966388147,2.6622659403034667,-2.163910214100973,4.420598983764648,-0.08753279596567154,0.06506934016942978,-0.06625828146934509,-0.142957866191864,0.15637460350990295,-0.6267184615135193,-0.3795582354068756,0.6432371735572815,-0.8830728530883789,-0.035467199981212616,0.5370736718177795,-0.35154440999031067
1749033594.2466567,0.9533647894859314,-2.2462717495360316,1.6166661421405237,2.6619855600544433,-2.1636059919940394,4.419361591339111,-0.08800650388002396,0.06691522151231766,-0.06640714406967163,-0.14684467017650604,0.1527969390153885,-0.6257520318031311,-0.38356807827949524,0.6232236623764038,-0.8911588191986084,-0.021646440029144287,0.5683110356330872,-0.3350594639778137
1749033594.2466934,0.9531897306442261,-2.2461277447142542,1.6165583769427698,2.661698027248047,-2.16327935854067,4.4181036949157715,-0.08721940964460373,0.06724341213703156,-0.06657861918210983,-0.14406251907348633,0.15275169909000397,-0.6248774528503418,-0.422063946723938,0.6060343384742737,-0.8839869499206543,-0.05171483755111694,0.56734299659729,-0.36646193265914917
1749033594.24673,0.9530400037765503,-2.246011873284811,1.6164076964007776,2.6613990503498535,-2.163004223500387,4.416866302490234,-0.08930351585149765,0.06729331612586975,-0.06659825146198273,-0.14434866607189178,0.1546916514635086,-0.6254351735115051,-0.35334300994873047,0.614073634147644,-0.8901945948600769,-0.04888448864221573,0.5998420715332031,-0.40358710289001465
1749033594.2467663,0.9528529047966003,-2.2458797893919886,1.6162636915790003,2.6610957819172363,-2.1627071539508265,4.4155802726745605,-0.08735887706279755,0.06752968579530716,-0.06607610732316971,-0.14828753471374512,0.15436679124832153,-0.6313737034797668,-0.37686726450920105,0.5891697406768799,-0.8934239149093628,-0.024465374648571014,0.5694336295127869,-0.3498085141181946
1749033594.246803,0.95264732837677,-2.2457601032652796,1.6161392370807093,2.660811586970947,-2.1623852888690394,4.414289474487305,-0.0908338874578476,0.06769504398107529,-0.06865080446004868,-0.1445680558681488,0.15422587096691132,-0.6324092149734497,-0.3238457143306732,0.5727410316467285,-0.8711956739425659,-0.03952298313379288,0.5605369210243225,-0.32017311453819275
1749033594.2468388,0.9524590969085693,-2.2455889187254847,1.6159880797015589,2.6605002123066406,-2.1620548407184046,4.4130659103393555,-0.0858747661113739,0.06585634499788284,-0.066266730427742,-0.14317774772644043,0.1542733758687973,-0.6313484311103821,-0.40743738412857056,0.6002611517906189,-0.8805290460586548,-0.04781920090317726,0.5965911746025085,-0.3503836691379547
1749033594.246875,0.9522877931594849,-2.2454916439452113,1.6158445517169397,2.660188837642334,-2.161769692097799,4.41182804107666,-0.08700620383024216,0.06868603080511093,-0.06521706283092499,-0.1431713104248047,0.15813754498958588,-0.630097508430481,-0.39842158555984497,0.5921755433082581,-0.9099435806274414,-0.04624643921852112,0.5761684775352478,-0.3246583044528961
1749033594.246911,0.9520959854125977,-2.2453371487059535,1.6157353560077112,2.659928484553955,-2.16146690050234,4.41057825088501,-0.0879240334033966,0.06690456718206406,-0.06774188578128815,-0.14521074295043945,0.15655817091464996,-0.6279239654541016,-0.41092631220817566,0.5993338823318481,-0.8986274600028992,-0.05033083260059357,0.5599706768989563,-0.3676636517047882
1749033594.2469473,0.9519945383071899,-2.2451898060240687,1.615584675465719,2.6596452432819824,-2.161104981099264,4.409294128417969,-0.08644270151853561,0.06941452622413635,-0.0670468658208847,-0.14553508162498474,0.15409249067306519,-0.6302415728569031,-0.40413451194763184,0.570716142654419,-0.8896996378898621,-0.052079394459724426,0.5601166486740112,-0.33880192041397095
1749033594.2469842,0.9517918229103088,-2.245108266870016,1.6154492537127894,2.65940444051709,-2.1608203093158167,4.408001899719238,-0.08660899847745895,0.0649300217628479,-0.06517535448074341,-0.14775674045085907,0.15850496292114258,-0.6293860673904419,-0.4018144905567169,0.6042790412902832,-0.9098626375198364,-0.048277176916599274,0.5343577861785889,-0.3019487261772156
1749033594.2470212,0.9516246318817139,-2.2449332676329554,1.6153295675860804,2.659066839809082,-2.1605165640460413,4.4067559242248535,-0.08723810315132141,0.06467263400554657,-0.06583388149738312,-0.1498434841632843,0.15619774162769318,-0.6276214718818665,-0.3829141855239868,0.6027080416679382,-0.9058364629745483,-0.010923277586698532,0.5333923101425171,-0.3372981548309326
1749033594.247715,0.9514058232307434,-2.244809766808981,1.6151741186725062,2.658771200770996,-2.160166088734762,4.405489921569824,-0.08668196201324463,0.06696897000074387,-0.06550948321819305,-0.14691270887851715,0.1546735167503357,-0.6261250972747803,-0.4177052080631256,0.6039265990257263,-0.9076985716819763,-0.03975812345743179,0.5397650003433228,-0.3271965980529785
1749033594.2497132,0.9513272047042847,-2.2447005710997523,1.6150544325457972,2.6585027414509277,-2.1598432699786585,4.404272079467773,-0.08751951158046722,0.06609617173671722,-0.06475448608398438,-0.1488472819328308,0.15446825325489044,-0.6231376528739929,-0.40150144696235657,0.5896642208099365,-0.9173667430877686,-0.04529359191656113,0.5290426015853882,-0.34665554761886597
1749033594.290523,0.9511178135871887,-2.244565626183981,1.614953343068258,2.6581598955341796,-2.159539047871725,4.402998447418213,-0.08739033341407776,0.06515371799468994,-0.06639689207077026,-0.15021157264709473,0.15495213866233826,-0.6250454783439636,-0.42152106761932373,0.6213988065719604,-0.9289621114730835,-0.018025517463684082,0.5470743179321289,-0.41874030232429504
1749033594.290601,0.9509022235870361,-2.244417806664938,1.6147902647601526,2.6578637796589355,-2.1592324415790003,4.401764869689941,-0.08846677839756012,0.06664326786994934,-0.0652494803071022,-0.14776597917079926,0.15483497083187103,-0.627483606338501,-0.4104834794998169,0.6145302057266235,-0.9110189080238342,-0.02263893187046051,0.5273106694221497,-0.3209030032157898
1749033594.2906783,0.9507380723953247,-2.244286199609274,1.6146743933307093,2.657548113460205,-2.158905808125631,4.400502681732178,-0.08753056079149246,0.06651363521814346,-0.06411987543106079,-0.1468576341867447,0.15317554771900177,-0.6273485422134399,-0.3878280520439148,0.6011899709701538,-0.9449278712272644,-0.011734753847122192,0.5447989106178284,-0.3374943733215332
1749033594.2907505,0.950542688369751,-2.244162221948141,1.6145389715777796,2.657233400935791,-2.1586340109454554,4.399276256561279,-0.09177234023809433,0.06605026125907898,-0.06626806408166885,-0.14569556713104248,0.15030600130558014,-0.625474750995636,-0.3617183268070221,0.5733615159988403,-0.9433184862136841,-0.01566343382000923,0.5565850138664246,-0.3459703326225281
1749033594.2908196,0.9503669142723083,-2.24401917080068,1.6144145170794886,2.65694443761792,-2.1583460013019007,4.398001194000244,-0.08853468298912048,0.06597776710987091,-0.06858930736780167,-0.1450958102941513,0.14722676575183868,-0.6265334486961365,-0.37936922907829285,0.6025843024253845,-0.8901815414428711,-0.03251342475414276,0.5737041234970093,-0.3241504728794098
1749033594.2908883,0.9501711130142212,-2.2438680134215296,1.6142757574664515,2.6566530901142578,-2.1580031553851526,4.396774768829346,-0.08843192458152771,0.06560541689395905,-0.06581772118806839,-0.14455264806747437,0.14657258987426758,-0.6247475743293762,-0.3889147937297821,0.585407018661499,-0.9302611351013184,-0.0055603161454200745,0.593062698841095,-0.36944741010665894
1749033594.290956,0.9499913454055786,-2.243774553338522,1.6141474882708948,2.6563655573078613,-2.1577351729022425,4.395482063293457,-0.08749832212924957,0.06415082514286041,-0.06744943559169769,-0.1435585618019104,0.15021762251853943,-0.6244419813156128,-0.3533538281917572,0.6211327314376831,-0.909595251083374,-0.015050932765007019,0.5511842966079712,-0.35811805725097656
1749033594.2910233,0.9498043656349182,-2.2436353168883265,1.6139729658709925,2.6560937601276855,-2.157408062611715,4.394247531890869,-0.08671265095472336,0.06614626944065094,-0.06779176741838455,-0.14352142810821533,0.14843524992465973,-0.626003623008728,-0.3729361891746521,0.6004529595375061,-0.9094470739364624,-0.01538386195898056,0.5754356980323792,-0.3205650746822357
1749033594.2910898,0.949668824672699,-2.2434846363463343,1.6138408819781702,2.655817671413086,-2.1571129004107874,4.393010139465332,-0.0860138013958931,0.06632274389266968,-0.06727761775255203,-0.14427874982357025,0.14780031144618988,-0.6249111890792847,-0.3968755006790161,0.589141845703125,-0.9266501665115356,-0.03111688792705536,0.578157365322113,-0.3560163378715515
1749033594.291156,0.949511706829071,-2.243394990960592,1.613697353993551,2.655498667354248,-2.156755272542135,4.391698360443115,-0.08590913563966751,0.06566379219293594,-0.06803633272647858,-0.14438137412071228,0.15146362781524658,-0.6270338892936707,-0.3807538151741028,0.6092153191566467,-0.9101293087005615,-0.03083987906575203,0.5564911365509033,-0.3348883092403412
1749033594.291221,0.949511706829071,-2.243394990960592,1.613697353993551,2.655498667354248,-2.156755272542135,4.391698360443115,-0.08590913563966751,0.06566379219293594,-0.06803633272647858,-0.14438137412071228,0.15146362781524658,-0.6270338892936707,-0.3807538151741028,0.6092153191566467,-0.9101293087005615,-0.03083987906575203,0.5564911365509033,-0.3348883092403412
1749033594.2912898,0.9493163824081421,-2.2432037792601527,1.6135533491717737,2.655219240779541,-2.156482998524801,4.39044189453125,-0.08634204417467117,0.06563268601894379,-0.06751380860805511,-0.14690622687339783,0.15036334097385406,-0.6262593269348145,-0.3941494822502136,0.5913424491882324,-0.9053360223770142,-0.015431951731443405,0.5700345039367676,-0.33117198944091797
1749033594.2913578,0.9489813446998596,-2.2429644070067347,1.6133211294757288,2.6546432214924316,-2.1558530966388147,4.3879241943359375,-0.0904826670885086,0.0644027590751648,-0.0673399344086647,-0.1438353955745697,0.15120165050029755,-0.6272623538970947,-0.32945141196250916,0.6068315505981445,-0.8984188437461853,-0.007513284683227539,0.5674019455909729,-0.2895359992980957
1749033594.2914252,0.9487904906272888,-2.242855211297506,1.613161865864889,2.6543285089680175,-2.1555641333209437,4.386707305908203,-0.0882687121629715,0.06786438077688217,-0.06685838848352432,-0.14641407132148743,0.15091896057128906,-0.6264562010765076,-0.4002254605293274,0.592171847820282,-0.9124765396118164,-0.021367639303207397,0.5713459253311157,-0.2947843074798584
1749033594.2914913,0.9486217498779297,-2.2427007160582484,1.6130107084857386,2.654052897090576,-2.155273739491598,4.385462760925293,-0.08844231069087982,0.0644284188747406,-0.06766348332166672,-0.14477020502090454,0.1509418785572052,-0.6217958927154541,-0.3929612636566162,0.6035006046295166,-0.9080232381820679,0.017005950212478638,0.5749140977859497,-0.34471744298934937
1749033594.2915568,0.9484418630599976,-2.2425738773741664,1.6129172484027308,2.6537491518208007,-2.1549628416644495,4.384212493896484,-0.08773068338632584,0.06372243911027908,-0.06757445633411407,-0.14327532052993774,0.15199518203735352,-0.6206009984016418,-0.3581659197807312,0.6588268280029297,-0.9035953879356384,-0.030529726296663284,0.5655980706214905,-0.362114280462265
1749033594.2916224,0.9482740163803101,-2.2424408398070277,1.612751309071676,2.6534930902668457,-2.154639546071188,4.382978439331055,-0.08895532786846161,0.06719747185707092,-0.06771750748157501,-0.14303117990493774,0.1551266610622406,-0.6216405630111694,-0.3775765299797058,0.628135085105896,-0.8985689878463745,-0.03444793075323105,0.5601072311401367,-0.3883694112300873
1749033594.291689,0.9480361938476562,-2.242305418054098,1.6126468817340296,2.6532136636921386,-2.1543400923358362,4.381740570068359,-0.08989270031452179,0.06638433784246445,-0.06782098114490509,-0.14338792860507965,0.15256446599960327,-0.6275268793106079,-0.3546368181705475,0.6036587953567505,-0.8932191133499146,-0.04858744144439697,0.5405760407447815,-0.3661796748638153
1749033594.2917535,0.9478648900985718,-2.2422081432738246,1.6125066916095179,2.6529294687458496,-2.154012982045309,4.38047456741333,-0.08956450968980789,0.06515839695930481,-0.06833530962467194,-0.14428870379924774,0.15517044067382812,-0.6316158175468445,-0.33577197790145874,0.6280325651168823,-0.8803303837776184,-0.03651884198188782,0.546406090259552,-0.295092910528183
1749033594.2918203,0.9477596879005432,-2.242045064965719,1.6123631636248987,2.652646704311035,-2.1537016073810022,4.379179954528809,-0.08833335340023041,0.06706205755472183,-0.06759849190711975,-0.14602117240428925,0.15439364314079285,-0.6278555989265442,-0.3761758804321289,0.5912768244743347,-0.9039177894592285,-0.03127764165401459,0.5252903699874878,-0.31941670179367065
1749033594.2919765,0.9475398659706116,-2.2419287166991175,1.6122196356402796,2.652351065272949,-2.153421227131979,4.377989292144775,-0.08816647529602051,0.06633348762989044,-0.06761708855628967,-0.14764437079429626,0.15235406160354614,-0.6269917488098145,-0.37331998348236084,0.6234742999076843,-0.8887679576873779,-0.04176609218120575,0.5519859790802002,-0.34723252058029175
1749033594.2937136,0.9473615288734436,-2.2417851887144984,1.6120718161212366,2.652019663447998,-2.1530759970294397,4.376735210418701,-0.08843344449996948,0.06679846346378326,-0.06670325994491577,-0.1518893986940384,0.1546257734298706,-0.6257479190826416,-0.36717766523361206,0.6227983236312866,-0.9028536677360535,-0.010925577953457832,0.5421785116195679,-0.37115782499313354
1749033594.3345058,0.9471890926361084,-2.241653104821676,1.61192495027651,2.6517206865498046,-2.1528037230121058,4.375508785247803,-0.08997674286365509,0.06770182400941849,-0.06813263893127441,-0.1506952941417694,0.1538388431072235,-0.6283947229385376,-0.3611118197441101,0.6011510491371155,-0.8759079575538635,-0.01504874974489212,0.5365168452262878,-0.4048888087272644
1749033594.3345842,0.9470638036727905,-2.2414938412108363,1.6118086020099085,2.6513969141193847,-2.1524842421161097,4.374208450317383,-0.08825673907995224,0.0677340030670166,-0.06560958176851273,-0.15261386334896088,0.1535111963748932,-0.6325606107711792,-0.3568246066570282,0.5858251452445984,-0.9022283554077148,0.014036223292350769,0.529467761516571,-0.3286392092704773
1749033594.3346546,0.946829617023468,-2.2413393459715785,1.61168080965151,2.651104612941406,-2.1522043387042444,4.37293004989624,-0.0879749059677124,0.06624932587146759,-0.06617581099271774,-0.15312907099723816,0.15343187749385834,-0.6318689584732056,-0.37289950251579285,0.6201801300048828,-0.8999285101890564,0.0523228645324707,0.541140079498291,-0.32429757714271545
1749033594.334724,0.9466626644134521,-2.2411676845946253,1.6115296522723597,2.650765581721924,-2.1519015471087855,4.371744155883789,-0.08832711726427078,0.06653560698032379,-0.06936109066009521,-0.14922946691513062,0.1513959914445877,-0.6281888484954834,-0.3847310543060303,0.6035692691802979,-0.8850402235984802,0.03014358878135681,0.5484672784805298,-0.39180129766464233
1749033594.3347914,0.9464512467384338,-2.241086622277731,1.6113861242877405,2.650458498592041,-2.1515396277057093,4.37044620513916,-0.08878397196531296,0.06934601068496704,-0.06693360954523087,-0.14777450263500214,0.15162275731563568,-0.6273544430732727,-0.34316909313201904,0.5633063912391663,-0.8827682733535767,0.004987210035324097,0.5663683414459229,-0.3541669547557831
1749033594.3348598,0.9463224411010742,-2.240945955316061,1.611269776021139,2.6501900392719726,-2.151278797780172,4.369213581085205,-0.0923938974738121,0.06462910026311874,-0.067530557513237,-0.14747552573680878,0.15234100818634033,-0.6274083852767944,-0.30932292342185974,0.5874547958374023,-0.8888437747955322,0.017282281070947647,0.5356395840644836,-0.4283565878868103
1749033594.3349276,0.9460834264755249,-2.240838666955465,1.6111019293414515,2.6499063211628417,-2.150924030934469,4.367974281311035,-0.08828248083591461,0.06459034234285355,-0.06815368682146072,-0.14698189496994019,0.1496560275554657,-0.6345798969268799,-0.34865403175354004,0.6218634843826294,-0.8733275532722473,0.026898030191659927,0.5733542442321777,-0.3684275150299072
1749033594.334994,0.9459561705589294,-2.2406870327391566,1.6109784285174769,2.6496144968220214,-2.1506169478045862,4.3666510581970215,-0.08979368954896927,0.0672798827290535,-0.06786923110485077,-0.14545321464538574,0.15350636839866638,-0.6345991492271423,-0.3853554427623749,0.6004087924957275,-0.8676886558532715,0.002783544361591339,0.5540221929550171,-0.31460773944854736
1749033594.335062,0.945787250995636,-2.240547319451803,1.6108506361590784,2.649355097407959,-2.150308911000387,4.365428924560547,-0.08710372447967529,0.06526731699705124,-0.06787749379873276,-0.1440427452325821,0.15057428181171417,-0.6329280734062195,-0.35871416330337524,0.5981127619743347,-0.8645819425582886,-0.005148470401763916,0.546648383140564,-0.3349905014038086
1749033594.3351283,0.9456502795219421,-2.240415235558981,1.6106913725482386,2.6491104799458007,-2.1500218550311487,4.3641133308410645,-0.08753935247659683,0.06429959833621979,-0.06716060638427734,-0.14560723304748535,0.1496872454881668,-0.6306552886962891,-0.38296112418174744,0.6403147578239441,-0.8718705773353577,-0.012189045548439026,0.5583929419517517,-0.33750587701797485
1749033594.3351967,0.9454286098480225,-2.2402874432005824,1.6105826536761683,2.648772879237793,-2.1496761480914515,4.362881660461426,-0.08852184563875198,0.06630034744739532,-0.0689222514629364,-0.1463380753993988,0.15407156944274902,-0.6293469667434692,-0.35490235686302185,0.5927536487579346,-0.8529861569404602,-0.010384872555732727,0.5399726629257202,-0.3543331027030945
1749033594.335264,0.9452925324440002,-2.2401520214476527,1.6104467550860804,2.6485354143330078,-2.149430576954977,4.361612796783447,-0.08763407915830612,0.06550534814596176,-0.06481004506349564,-0.1472938060760498,0.1507156491279602,-0.6292349696159363,-0.38525035977363586,0.6262312531471252,-0.891353189945221,-0.02937728725373745,0.5363289713859558,-0.39647629857063293
1749033594.3353295,0.945100724697113,-2.2400080166258753,1.6102998892413538,2.6481820779987792,-2.1491244474994105,4.3603315353393555,-0.08809994161128998,0.06567538529634476,-0.06454905867576599,-0.1496032476425171,0.15116262435913086,-0.6324435472488403,-0.37908947467803955,0.5901246070861816,-0.9021738171577454,0.006464019417762756,0.552825927734375,-0.31744539737701416
1749033594.335397,0.9449054598808289,-2.2398673496642054,1.6101720968829554,2.647873564357422,-2.148797337208883,4.359036922454834,-0.09091399610042572,0.06566432863473892,-0.0671723484992981,-0.14819757640361786,0.1530137062072754,-0.630112886428833,-0.35340172052383423,0.5904945135116577,-0.869442343711853,-0.0001933276653289795,0.5310776829719543,-0.3235688805580139
1749033594.3354635,0.9447028636932373,-2.239716192285055,1.6100333372699183,2.6475702959248046,-2.148482147847311,4.3577961921691895,-0.08720334619283676,0.06539145857095718,-0.06439249962568283,-0.14971406757831573,0.15291230380535126,-0.6280542016029358,-0.39530426263809204,0.6033028364181519,-0.8935968279838562,0.0004224926233291626,0.5297718644142151,-0.3262365460395813
1749033594.3355289,0.9445924758911133,-2.2395812473692835,1.6099045912372034,2.6472622591206054,-2.1481431166278284,4.356534481048584,-0.08869382739067078,0.06529910862445831,-0.064497210085392,-0.14980372786521912,0.15224681794643402,-0.6244379281997681,-0.38185855746269226,0.5943167209625244,-0.9086006283760071,0.04718773066997528,0.5476255416870117,-0.3242664933204651
1749033594.3355968,0.9443713426589966,-2.239437242547506,1.609769646321432,2.64698235570874,-2.147863213215963,4.355313301086426,-0.0880524069070816,0.06513984501361847,-0.06520869582891464,-0.14807705581188202,0.15782210230827332,-0.622497022151947,-0.34991973638534546,0.5982363820075989,-0.8913604021072388,0.01296769455075264,0.5045808553695679,-0.38106539845466614
1749033594.335663,0.9442107081413269,-2.2393490276732386,1.6096685568438929,2.6466705042072753,-2.1475675741778772,4.354086875915527,-0.08759720623493195,0.06530151516199112,-0.06540218740701675,-0.1473582684993744,0.15259578824043274,-0.6260071396827698,-0.3734174370765686,0.6075694561004639,-0.9059199094772339,0.02949601411819458,0.5048306584358215,-0.35952359437942505
1749033594.335729,0.9440429210662842,-2.2392169437804164,1.6095059553729456,2.6463987070270996,-2.1472957769977015,4.352809906005859,-0.08877597749233246,0.06510525941848755,-0.06532425433397293,-0.14665578305721283,0.15065135061740875,-0.6268315315246582,-0.3615857660770416,0.630077064037323,-0.8980693221092224,0.019115246832370758,0.5392693877220154,-0.3070376515388489
1749033594.3357966,0.9438791871070862,-2.239061018029684,1.6093857924090784,2.6461025911518554,-2.146984879170553,4.351545333862305,-0.08955895900726318,0.06614462286233902,-0.0650750994682312,-0.14459414780139923,0.154635488986969,-0.6262579560279846,-0.3755185902118683,0.6129746437072754,-0.9051374197006226,0.03317083418369293,0.5329225063323975,-0.3649795651435852
1749033594.3359587,0.9436998963356018,-2.238988061944479,1.609277073537008,2.645826979274414,-2.146681610737936,4.350340366363525,-0.0900183767080307,0.06669338047504425,-0.06551723927259445,-0.14503921568393707,0.15052998065948486,-0.6283160448074341,-0.3589453399181366,0.5958995819091797,-0.9078441262245178,0.026223883032798767,0.5446114540100098,-0.3304366171360016
1749033594.33769,0.9435248970985413,-2.238852640191549,1.6091144720660608,2.6455280023762207,-2.1463006178485315,4.349016189575195,-0.09064667671918869,0.0665319636464119,-0.06547070294618607,-0.1446877419948578,0.1517062932252884,-0.6277140378952026,-0.36971205472946167,0.5979805588722229,-0.90392005443573,-0.005764685571193695,0.5552816390991211,-0.3460845947265625
1749033594.378295,0.9432967901229858,-2.2386862240233363,1.608967129384176,2.645256205196045,-2.146071259175436,4.3477959632873535,-0.08826421946287155,0.06616803258657455,-0.06571772694587708,-0.14584402740001678,0.1518436223268509,-0.6257430911064148,-0.37757647037506104,0.5785173773765564,-0.9058049321174622,0.01928795874118805,0.5436920523643494,-0.3875803053379059
1749033594.3783422,0.9431487321853638,-2.238588949243063,1.608854118977682,2.6449691492268066,-2.1457298437701624,4.346543788909912,-0.08815953880548477,0.06915590912103653,-0.06578072160482407,-0.14678749442100525,0.1515038162469864,-0.6277547478675842,-0.3593135178089142,0.5601806640625,-0.9025794267654419,0.02217276766896248,0.5521203279495239,-0.3137935698032379
1749033594.378394,0.9429658055305481,-2.2384497127928675,1.608703915272848,2.644669218654297,-2.1454604307757776,4.345271110534668,-0.0886506661772728,0.06544670462608337,-0.0649656280875206,-0.14434197545051575,0.15338940918445587,-0.6277338266372681,-0.3727743923664093,0.5775008797645569,-0.9183121919631958,-0.02261228859424591,0.549823522567749,-0.33924242854118347
1749033594.3784506,0.9428015947341919,-2.2382904491820277,1.6085756460772913,2.6443654733845214,-2.145129982625143,4.344054698944092,-0.08906240016222,0.06592366844415665,-0.06669174134731293,-0.14853684604167938,0.1529683768749237,-0.6257873177528381,-0.3619197905063629,0.597248911857605,-0.8942789435386658,0.004576876759529114,0.5457603931427002,-0.35275909304618835
1749033594.3784919,0.9426072835922241,-2.238189836541647,1.6084554831134241,2.644078417415283,-2.1448257605182093,4.342788219451904,-0.08963407576084137,0.06883881241083145,-0.06521400064229965,-0.14692167937755585,0.15419216454029083,-0.6247841715812683,-0.36276036500930786,0.5729402899742126,-0.9155569672584534,0.021150588989257812,0.5307480692863464,-0.3402674198150635
1749033594.378531,0.942419171333313,-2.2380110226073207,1.608311955128805,2.643782301540039,-2.1445544401751917,4.341521263122559,-0.08946280926465988,0.066006138920784,-0.06528102606534958,-0.14621473848819733,0.1565840244293213,-0.6259689331054688,-0.35195207595825195,0.5705415606498718,-0.8999947309494019,0.02632354199886322,0.5375937819480896,-0.3870057165622711
1749033594.3785694,0.9422434568405151,-2.2379337749876917,1.608187500630514,2.643479033107422,-2.1441848913775843,4.340280532836914,-0.08877101540565491,0.06590195745229721,-0.06565865129232407,-0.14810651540756226,0.15599648654460907,-0.6283009052276611,-0.376880407333374,0.5953124165534973,-0.8981103301048279,0.027277879416942596,0.5333949327468872,-0.3614257574081421
1749033594.3786075,0.9421103000640869,-2.2377716503539027,1.6080639998065394,2.643206759090088,-2.143857781087057,4.33900260925293,-0.08940238505601883,0.06646829843521118,-0.06540478020906448,-0.14571338891983032,0.1544191688299179,-0.6299818158149719,-0.3364394009113312,0.5913300514221191,-0.9143408536911011,0.005726521834731102,0.5390053391456604,-0.3030996322631836
1749033594.3786445,0.9419233202934265,-2.2376538715758265,1.607901398335592,2.6428958612629394,-2.1435697714435022,4.337800979614258,-0.08603882789611816,0.06603650003671646,-0.06568749248981476,-0.14568893611431122,0.1586342304944992,-0.6267561316490173,-0.4050837755203247,0.5972578525543213,-0.9046186804771423,0.03969861939549446,0.5062801241874695,-0.3476899266242981
1749033594.378682,0.9417626857757568,-2.2374993763365687,1.6077850500689905,2.6426164346882324,-2.143301788960592,4.336556434631348,-0.09007199108600616,0.06561774015426636,-0.06748928129673004,-0.1447167694568634,0.15357398986816406,-0.6272510290145874,-0.38411781191825867,0.6258069276809692,-0.8867517113685608,-0.0027303993701934814,0.523923397064209,-0.3348728120326996
1749033594.3787193,0.9415810704231262,-2.237352033654684,1.6076415220843714,2.642312689418457,-2.143013302479879,4.335237503051758,-0.08696500957012177,0.06411901116371155,-0.06544197350740433,-0.14562487602233887,0.1527308076620102,-0.6271167993545532,-0.41410180926322937,0.6182335019111633,-0.9182486534118652,0.008935771882534027,0.5343183875083923,-0.34435009956359863
1749033594.3787565,0.9414131045341492,-2.2372166119017542,1.6075008551227015,2.642012758845947,-2.142648522053854,4.334033966064453,-0.08862794935703278,0.06606747210025787,-0.06595432758331299,-0.14527347683906555,0.15521666407585144,-0.628776490688324,-0.3831884562969208,0.6027262210845947,-0.8956845998764038,0.009017981588840485,0.5127875804901123,-0.3635643720626831
1749033594.378798,0.9412023425102234,-2.2371159992613734,1.6073935667621058,2.6417481142231445,-2.142402950917379,4.332736492156982,-0.08979187160730362,0.06473833322525024,-0.06857412308454514,-0.14735771715641022,0.1518045961856842,-0.6284279227256775,-0.37603437900543213,0.6413055658340454,-0.8698904514312744,-0.0002038460224866867,0.547701358795166,-0.33887338638305664
1749033594.3788362,0.9410336017608643,-2.2369724712767542,1.6072309652911585,2.64144150793042,-2.1421154181109827,4.331485748291016,-0.08862604945898056,0.06818627566099167,-0.06526269018650055,-0.148281529545784,0.15308453142642975,-0.6289367079734802,-0.35623034834861755,0.6054286360740662,-0.8992182612419128,0.041793812066316605,0.5478082895278931,-0.3390497863292694
1749033594.3788736,0.9408953785896301,-2.2368513546385707,1.607133690510885,2.6411539751240234,-2.1417930761920374,4.330233573913574,-0.09091203659772873,0.06446244567632675,-0.0655611902475357,-0.14698754251003265,0.15605254471302032,-0.626255214214325,-0.37516501545906067,0.6249663233757019,-0.9080926775932312,0.007917150855064392,0.5402258634567261,-0.36897388100624084
1749033594.3789103,0.9406551122665405,-2.236739297906393,1.606994930897848,2.640866442317627,-2.141458813344137,4.328924179077148,-0.08964750170707703,0.06493441015481949,-0.06509829312562943,-0.1480216234922409,0.15610459446907043,-0.6293430924415588,-0.37325745820999146,0.6692090034484863,-0.9050446152687073,0.0015182793140411377,0.5492729544639587,-0.3621698021888733
1749033594.378947,0.940536379814148,-2.2365805111327113,1.606854263936178,2.6405669885822753,-2.1411708037005823,4.3276238441467285,-0.08933405578136444,0.0691847875714302,-0.0656927227973938,-0.14933034777641296,0.16095368564128876,-0.6320997476577759,-0.4033511281013489,0.6171102523803711,-0.9104380011558533,0.030035287141799927,0.5180919170379639,-0.35000672936439514
1749033594.3789835,0.9403219223022461,-2.2364217243590296,1.606722656880514,2.640267534846924,-2.140822712575094,4.326400279998779,-0.08956034481525421,0.06722813844680786,-0.06476899981498718,-0.14655821025371552,0.15765295922756195,-0.6351640820503235,-0.35036882758140564,0.5865873694419861,-0.9156312346458435,0.0060949549078941345,0.5272823572158813,-0.3385252356529236
1749033594.3790202,0.9401268362998962,-2.2363444767394007,1.6065948645221155,2.6399828630634765,-2.1405494848834437,4.325159072875977,-0.09008672088384628,0.06675293296575546,-0.06517716497182846,-0.14735552668571472,0.15420743823051453,-0.6364291310310364,-0.36444681882858276,0.6222671270370483,-0.9151820540428162,0.016384730115532875,0.551053524017334,-0.29433882236480713
1749033594.3790572,0.9399558305740356,-2.2361699543394984,1.6064437071429651,2.639659567470215,-2.140238110219137,4.323834419250488,-0.09093037992715836,0.06805139780044556,-0.06595542281866074,-0.1476486176252365,0.15640616416931152,-0.6315698623657227,-0.3409472107887268,0.5958990454673767,-0.9342395067214966,0.02366671711206436,0.522293210029602,-0.2884814441204071
1749033594.3796787,0.9397677183151245,-2.2360221348204554,1.60634690919985,2.639380617732666,-2.1399343649493616,4.3225932121276855,-0.0900600329041481,0.06686317175626755,-0.06699573248624802,-0.14892923831939697,0.15195004642009735,-0.6279670596122742,-0.3784675598144531,0.604286789894104,-0.8923826813697815,0.01854906976222992,0.5487220287322998,-0.31301769614219666
1749033594.3816946,0.9395654201507568,-2.2359053097166957,1.6061647574054163,2.639096422786377,-2.1396196524249476,4.32137393951416,-0.0895967185497284,0.06765241920948029,-0.06534049659967422,-0.14816348254680634,0.15365298092365265,-0.6241847276687622,-0.3793598711490631,0.5964652895927429,-0.9226160645484924,0.015159159898757935,0.547085702419281,-0.3468325734138489
1749033594.426299,0.9393975734710693,-2.2357846699156703,1.6060403029071253,2.638801260585449,-2.1393240133868616,4.3200578689575195,-0.08899762481451035,0.06729038059711456,-0.06591317802667618,-0.1482812464237213,0.1542370319366455,-0.6259579062461853,-0.3661295175552368,0.5628854632377625,-0.9353296160697937,0.004943743348121643,0.5540124177932739,-0.3773210346698761
1749033594.426345,0.9392563104629517,-2.235673566857809,1.605889145527975,2.6385208803364257,-2.1389744917498987,4.31885290145874,-0.08807243406772614,0.0677986890077591,-0.06947346776723862,-0.14637422561645508,0.15479063987731934,-0.6301730871200562,-0.38026759028434753,0.5902913212776184,-0.8824126720428467,-0.004588298499584198,0.5535399913787842,-0.3073691725730896
1749033594.426388,0.9390729069709778,-2.23549809078359,1.605776611958639,2.6382180887409667,-2.1387251059161585,4.317563533782959,-0.08765216171741486,0.06763707846403122,-0.0669504851102829,-0.15048956871032715,0.15444333851337433,-0.6295173764228821,-0.3783753514289856,0.5800971388816833,-0.89853835105896,0.016262155026197433,0.5346852540969849,-0.3307613730430603
1749033594.4264274,0.9389057159423828,-2.235359331170553,1.6056297461139124,2.6379024225422363,-2.1384032408343714,4.316326141357422,-0.08812060207128525,0.06705190986394882,-0.06754979491233826,-0.1474795937538147,0.15445081889629364,-0.6269985437393188,-0.38383474946022034,0.5999035239219666,-0.8952953815460205,-0.01870635151863098,0.5411903262138367,-0.3744806945323944
1749033594.4264665,0.9387098550796509,-2.2352191410460414,1.6055133978473108,2.6376258569904785,-2.1380441824542444,4.315093994140625,-0.0892677754163742,0.06774400174617767,-0.06743331253528595,-0.1479148268699646,0.15349459648132324,-0.6241052746772766,-0.37624064087867737,0.5913687944412231,-0.8921806216239929,-0.00579814612865448,0.5519682765007019,-0.3466833233833313
1749033594.4265053,0.9385538101196289,-2.235098978082174,1.605400864277975,2.637303515071533,-2.1378138701068323,4.3137969970703125,-0.08960236608982086,0.06842408329248428,-0.06801599264144897,-0.15248702466487885,0.1552564799785614,-0.6235777139663696,-0.343657910823822,0.5868649482727051,-0.8659449815750122,0.05674159526824951,0.5478613972663879,-0.40011662244796753
1749033594.426543,0.938357949256897,-2.234981676141256,1.6052067915545862,2.6370388704487304,-2.137441937123434,4.3125810623168945,-0.08975011855363846,0.06727614253759384,-0.06635461747646332,-0.14774303138256073,0.1565876603126526,-0.6291772723197937,-0.3514229953289032,0.5909297466278076,-0.9022324681282043,0.00850626826286316,0.5358838438987732,-0.39545586705207825
1749033594.426581,0.9382133483886719,-2.2348228893675746,1.6050909201251429,2.63674704610791,-2.1371119658099573,4.311304569244385,-0.08910059928894043,0.0673578530550003,-0.06646697223186493,-0.1481887698173523,0.1567322164773941,-0.6329206228256226,-0.35221606492996216,0.6014559268951416,-0.8975836634635925,0.007425613701343536,0.5208954811096191,-0.32314005494117737
1749033594.426618,0.9380119442939758,-2.234722753564352,1.6049593130694788,2.6364638048359375,-2.136798683797018,4.310043811798096,-0.09067884832620621,0.06729193031787872,-0.06664013117551804,-0.14646655321121216,0.15726672112941742,-0.6293026208877563,-0.34395670890808105,0.5934433341026306,-0.9022457599639893,0.014753664843738079,0.5295922756195068,-0.3331708610057831
1749033594.4266562,0.9378119111061096,-2.23458256343984,1.6047995726214808,2.636182947749756,-2.136514488850729,4.308825969696045,-0.0885792076587677,0.0661035105586052,-0.06683721393346786,-0.14620906114578247,0.15579253435134888,-0.628777027130127,-0.34037044644355774,0.6008014678955078,-0.8907944560050964,0.008032470941543579,0.5131619572639465,-0.3553345501422882
1749033594.4266934,0.9376636743545532,-2.23443140606069,1.6046798864947718,2.6358882623859863,-2.13619834581484,4.307534694671631,-0.08864469081163406,0.06750993430614471,-0.06672623753547668,-0.1451159566640854,0.15040074288845062,-0.6280433535575867,-0.37825819849967957,0.6064745783805847,-0.891840398311615,-0.01528601348400116,0.5581129789352417,-0.375347375869751
1749033594.426731,0.9374581575393677,-2.234276910821432,1.60453969637026,2.635631723994873,-2.1358960310565394,4.3063507080078125,-0.09119047969579697,0.06710579246282578,-0.06745529174804688,-0.14598232507705688,0.15335360169410706,-0.6290786266326904,-0.3292560875415802,0.5899950265884399,-0.8967061638832092,-0.011473074555397034,0.5632765889167786,-0.41780418157577515
1749033594.4267683,0.9373092651367188,-2.234187742272848,1.6043923536883753,2.6353251177021484,-2.1356032530414026,4.30502462387085,-0.08968989551067352,0.06598881632089615,-0.06693293154239655,-0.14608082175254822,0.15496085584163666,-0.6349784731864929,-0.34307432174682617,0.6286029815673828,-0.8790485858917236,-0.03538686782121658,0.5470868945121765,-0.3610720932483673
1749033594.4268055,0.9370981454849243,-2.2340480289854945,1.604276482258932,2.635002298946045,-2.1352971235858362,4.303743362426758,-0.08983936905860901,0.06737527996301651,-0.06712895631790161,-0.14671438932418823,0.15600262582302094,-0.6362926959991455,-0.33333414793014526,0.6008725762367249,-0.8969831466674805,-0.02112463116645813,0.5288926362991333,-0.32544833421707153
1749033594.4268422,0.9368983507156372,-2.233908315698141,1.604163948689596,2.634718580836914,-2.1349929014789026,4.302545070648193,-0.08770603686571121,0.06827425211668015,-0.06700456142425537,-0.1481981873512268,0.15675631165504456,-0.6325161457061768,-0.3620091676712036,0.5716184377670288,-0.8941738605499268,-0.01662558875977993,0.5543414950370789,-0.3540206551551819
1749033594.4268792,0.936734676361084,-2.2337991199889125,1.604028050099508,2.634422941798828,-2.1346867720233362,4.301252365112305,-0.09061962366104126,0.06641320139169693,-0.06841793656349182,-0.14811138808727264,0.15755146741867065,-0.6320859789848328,-0.3402940034866333,0.621634840965271,-0.8710082173347473,-0.019401364028453827,0.5577782392501831,-0.343220591545105
1749033594.4269161,0.9366012215614319,-2.2336675129332484,1.6038811842547815,2.634150667781494,-2.134371582661764,4.299994468688965,-0.08762351423501968,0.0689244344830513,-0.06688637286424637,-0.14621584117412567,0.15906468033790588,-0.6306470632553101,-0.36614468693733215,0.57466721534729,-0.8730036020278931,-0.04969118535518646,0.5417221784591675,-0.38949406147003174
1749033594.4269526,0.9363829493522644,-2.2335006199278773,1.6037219206439417,2.633843107814453,-2.1340482870685022,4.298726558685303,-0.09000874310731888,0.06814263015985489,-0.0674833282828331,-0.15158456563949585,0.15784494578838348,-0.6353629231452942,-0.3593783378601074,0.5631875991821289,-0.8922470808029175,-0.019962668418884277,0.5063955187797546,-0.3529801666736603
1749033594.426998,0.9362232089042664,-2.2333880863585414,1.6035898367511194,2.6335083681293945,-2.133761231099264,4.297451496124268,-0.08849427103996277,0.06794416159391403,-0.06659337878227234,-0.14833441376686096,0.1549645960330963,-0.6353213787078857,-0.32508179545402527,0.5623511672019958,-0.8740280866622925,-0.00591094046831131,0.5334052443504333,-0.30774733424186707
1749033594.427037,0.9360469579696655,-2.233248849908346,1.603450123463766,2.6332084375568847,-2.1333945433246058,4.2961344718933105,-0.08896992355585098,0.06883648782968521,-0.06508982181549072,-0.14783988893032074,0.15971072018146515,-0.6327586770057678,-0.3538109064102173,0.5639591217041016,-0.8887431025505066,0.0008720951154828072,0.5178232192993164,-0.35139334201812744
1749033594.4270742,0.9358708262443542,-2.233105321923727,1.6033337751971644,2.6329399782368164,-2.1331146399127405,4.294930934906006,-0.08925865590572357,0.06835243850946426,-0.06572970002889633,-0.14740246534347534,0.15540462732315063,-0.6329280138015747,-0.3472544252872467,0.5760681629180908,-0.899393618106842,-0.01695398986339569,0.5124900341033936,-0.32480382919311523
1749033594.427111,0.9357280731201172,-2.232976575891012,1.6032021681415003,2.632640524501465,-2.1327651182757776,4.293648719787598,-0.08883226662874222,0.06877408176660538,-0.06766481697559357,-0.14725209772586823,0.15436680614948273,-0.6302392482757568,-0.3408030867576599,0.5600548982620239,-0.8732051253318787,-0.008091792464256287,0.5094400644302368,-0.34067851305007935
1749033594.4276147,0.935540497303009,-2.232833047906393,1.603039566670553,2.6323529916950683,-2.132500473652975,4.292431831359863,-0.08820481598377228,0.06788303703069687,-0.06460307538509369,-0.1470426470041275,0.15332171320915222,-0.6281877160072327,-0.3607392907142639,0.5299218893051147,-0.8841265439987183,-0.03804337978363037,0.5413689613342285,-0.4017641246318817
1749033594.4296303,0.9353416562080383,-2.232678552667135,1.6029318014727991,2.6320382791706542,-2.132216278706686,4.291144371032715,-0.08881169557571411,0.06747526675462723,-0.06598122417926788,-0.14696581661701202,0.1525261551141739,-0.6322125792503357,-0.34804555773735046,0.6015520095825195,-0.8854796290397644,-0.041401028633117676,0.5417388081550598,-0.3320663571357727
1749033594.4702806,0.9351654052734375,-2.232565542260641,1.6027916113482874,2.631706877345703,-2.131921116505758,4.28989315032959,-0.08984247595071793,0.066627137362957,-0.06673276424407959,-0.14684124290943146,0.15183956921100616,-0.6326494812965393,-0.3422818183898926,0.6043771505355835,-0.8863027691841125,-0.0429488867521286,0.5503953695297241,-0.3457062542438507
1749033594.4703276,0.9349738359451294,-2.2324301205077113,1.6026824156390589,2.6314069467731933,-2.131617848073141,4.288626194000244,-0.09036710113286972,0.06792415678501129,-0.06637247651815414,-0.1507498323917389,0.1522318422794342,-0.6324673891067505,-0.3273908197879791,0.5318102836608887,-0.8770963549613953,-0.0027432218194007874,0.566841721534729,-0.3292298913002014
1749033594.4703689,0.9347789883613586,-2.2322899303831996,1.6025522390948694,2.6311074930378417,-2.1313379446612757,4.287349700927734,-0.09051403403282166,0.06394662708044052,-0.06639020144939423,-0.1473170816898346,0.15169723331928253,-0.6297979950904846,-0.3406693637371063,0.6040849685668945,-0.8621750473976135,-0.040017396211624146,0.5816112160682678,-0.32322245836257935
1749033594.4704092,0.9346181750297546,-2.232166429559225,1.6024206320392054,2.6308275896259765,-2.1310227552997034,4.286084175109863,-0.09039303660392761,0.06647805124521255,-0.06466858088970184,-0.1474161595106125,0.15313471853733063,-0.6284212470054626,-0.32109683752059937,0.6027894616127014,-0.8990229964256287,-0.020093679428100586,0.5949417352676392,-0.36028599739074707
1749033594.4704487,0.9344693422317505,-2.23201908687734,1.602288548146383,2.6304961878010253,-2.1307547728167933,4.284802436828613,-0.08982338011264801,0.06644958257675171,-0.06389153748750687,-0.15136893093585968,0.15461477637290955,-0.6317734718322754,-0.33540794253349304,0.5997952818870544,-0.9158784747123718,0.0193416029214859,0.5827580690383911,-0.34274032711982727
1749033594.4704883,0.9342752695083618,-2.2318488560118617,1.6021688620196741,2.6302129465290527,-2.130427662526266,4.283548355102539,-0.08851179480552673,0.06596522778272629,-0.06695854663848877,-0.14843754470348358,0.1551385223865509,-0.6312310099601746,-0.32236728072166443,0.5956618785858154,-0.877440333366394,-0.006532579660415649,0.5802713632583618,-0.2904747724533081
1749033594.4705262,0.9340639114379883,-2.2317515812315882,1.6020525137530726,2.6299444872089843,-2.1300771872149866,4.282285213470459,-0.08698534965515137,0.06528561562299728,-0.064761221408844,-0.14775685966014862,0.15340973436832428,-0.6282234787940979,-0.33829349279403687,0.594426691532135,-0.8971749544143677,-0.0009191781282424927,0.5691655874252319,-0.33157408237457275
1749033594.4705634,0.9339163303375244,-2.2316466770567835,1.601889435444967,2.629641218776367,-2.1297619978534144,4.281037330627441,-0.08718723058700562,0.06538787484169006,-0.06358849257230759,-0.1461518406867981,0.15536682307720184,-0.6276140213012695,-0.3882168233394623,0.6007083058357239,-0.9238868951797485,-0.0006271302700042725,0.5418990850448608,-0.3258703351020813
1749033594.470724,0.9337401390075684,-2.2315150700011195,1.6017616430865687,2.629338427180908,-2.129451100026266,4.279791355133057,-0.08685114234685898,0.06586434692144394,-0.06541343033313751,-0.14320266246795654,0.15371862053871155,-0.6246756315231323,-0.3268412947654724,0.6155956983566284,-0.9113237857818604,-0.013756636530160904,0.5741187334060669,-0.355532705783844
1749033594.4707634,0.9335439801216125,-2.231398721734518,1.6016419569598597,2.6290580469318847,-2.1291325728045862,4.278528690338135,-0.08670114725828171,0.0662992000579834,-0.06568324565887451,-0.14367829263210297,0.15752142667770386,-0.6269254088401794,-0.36690500378608704,0.5937923192977905,-0.8939231038093567,-0.019970446825027466,0.5509525537490845,-0.3579937815666199
1749033594.470801,0.9333884716033936,-2.2312356434264125,1.601494614277975,2.6287662225910644,-2.1288140455829065,4.277340888977051,-0.09057461470365524,0.06589236855506897,-0.06327232718467712,-0.1443876326084137,0.15553899109363556,-0.6262218952178955,-0.3159067928791046,0.6073059439659119,-0.9232119917869568,-0.025431469082832336,0.5427122116088867,-0.3387216329574585
1749033594.470839,0.9332284927368164,-2.231119295159811,1.6013630072223108,2.6284825044819335,-2.1285999456988733,4.276028156280518,-0.08636099100112915,0.06556928902864456,-0.06471509486436844,-0.1453634649515152,0.15385940670967102,-0.625339686870575,-0.37960749864578247,0.6080504655838013,-0.9282451868057251,-0.0068072304129600525,0.5827509164810181,-0.3459785580635071
1749033594.4708767,0.933033287525177,-2.2310029468932093,1.6012538115130823,2.6281911569782714,-2.1282456556903284,4.274813175201416,-0.08790052682161331,0.06585736572742462,-0.06562864035367966,-0.1461135745048523,0.15405787527561188,-0.6230810880661011,-0.36175769567489624,0.6111188530921936,-0.9127156734466553,-0.0042814165353775024,0.5832446217536926,-0.35178831219673157
1749033594.4709141,0.9329193234443665,-2.230832716027731,1.6011346022235315,2.6278998094746093,-2.1279223600970667,4.273555755615234,-0.08891632407903671,0.06636188179254532,-0.06688888370990753,-0.1429191380739212,0.1546935886144638,-0.6248626112937927,-0.33866530656814575,0.5946295261383057,-0.9242780804634094,-0.04519299417734146,0.5763989686965942,-0.31595250964164734
1749033594.4709513,0.9326545000076294,-2.2307120762267054,1.6010225454913538,2.6276509004780273,-2.127579991017477,4.272315502166748,-0.08830790966749191,0.06606657803058624,-0.06494978070259094,-0.14721594750881195,0.15555645525455475,-0.6232807636260986,-0.347891628742218,0.5770553946495056,-0.9278126358985901,-0.020626388490200043,0.5732782483100891,-0.35224074125289917
1749033594.470989,0.9325254559516907,-2.2305919132628382,1.6008790175067347,2.627340479488037,-2.1272571722613733,4.271069049835205,-0.08988204598426819,0.06615938246250153,-0.06507382541894913,-0.14545898139476776,0.16072557866573334,-0.6249419450759888,-0.2979277968406677,0.5810085535049438,-0.9176796078681946,-0.02619057148694992,0.5514847636222839,-0.36071330308914185
1749033594.4710262,0.9323383569717407,-2.2304445705809535,1.6007350126849573,2.6269823747822265,-2.126960579548971,4.269797325134277,-0.08811639994382858,0.06637904047966003,-0.06626175343990326,-0.14453773200511932,0.15561966598033905,-0.6266775727272034,-0.3442983329296112,0.6112794876098633,-0.9205886721611023,-0.026008471846580505,0.5323297381401062,-0.32534465193748474
1749033594.471063,0.9323383569717407,-2.2304445705809535,1.6007350126849573,2.6269823747822265,-2.126960579548971,4.269797325134277,-0.08811639994382858,0.06637904047966003,-0.06626175343990326,-0.14453773200511932,0.15561966598033905,-0.6266775727272034,-0.3442983329296112,0.6112794876098633,-0.9205886721611023,-0.026008471846580505,0.5323297381401062,-0.32534465193748474
1749033594.4710994,0.9321697354316711,-2.2303201160826625,1.6006158033954065,2.6266981798359375,-2.12661058107485,4.268566608428955,-0.09133509546518326,0.06618575006723404,-0.06622622907161713,-0.15025147795677185,0.15358909964561462,-0.6236856579780579,-0.3033396005630493,0.5939285159111023,-0.916495680809021,0.001958586275577545,0.5386627316474915,-0.35087060928344727
1749033594.4711366,0.9318187236785889,-2.2300335369505824,1.6003177801715296,2.6261302667805175,-2.126007382069723,4.266032695770264,-0.08796364068984985,0.06579193472862244,-0.06638232618570328,-0.1453368365764618,0.1511123925447464,-0.6251888275146484,-0.3450220227241516,0.6008015275001526,-0.9141151309013367,0.020011544227600098,0.5576485991477966,-0.33623290061950684
1749033594.4716725,0.9316077828407288,-2.229896684686178,1.6001814047442835,2.6258303362080078,-2.1257084051715296,4.264735221862793,-0.08806166052818298,0.06620706617832184,-0.06674492359161377,-0.14477208256721497,0.15036548674106598,-0.6267155408859253,-0.3503546714782715,0.5968809127807617,-0.903364896774292,-0.007481709122657776,0.5519631505012512,-0.36600691080093384
1749033594.4736354,0.9314711689949036,-2.229776998559469,1.6000612417804163,2.6255151468464355,-2.1253746191607874,4.263444900512695,-0.08757537603378296,0.0686141699552536,-0.06649702787399292,-0.1452421247959137,0.1489640325307846,-0.6271975040435791,-0.34579193592071533,0.577867865562439,-0.9028721451759338,0.008602261543273926,0.5492020845413208,-0.2898874878883362
1749033594.514327,0.931291401386261,-2.2296139202513636,1.5999487082110804,2.6252152162739257,-2.125140968953268,4.262228012084961,-0.0880700871348381,0.06553696095943451,-0.06590276956558228,-0.14523889124393463,0.14768706262111664,-0.625571072101593,-0.3625684380531311,0.5780029892921448,-0.9220361709594727,-0.00012768805027008057,0.5740742087364197,-0.3253042697906494
1749033594.514375,0.931061863899231,-2.229486127892965,1.5998013655291956,2.62491957723584,-2.124838177357809,4.260931491851807,-0.08855868130922318,0.06616033613681793,-0.06588074564933777,-0.1440144181251526,0.1488630324602127,-0.6203222870826721,-0.3151218593120575,0.5913991928100586,-0.9176604747772217,-0.008087828755378723,0.5587359070777893,-0.30276280641555786
1749033594.5144162,0.9309287071228027,-2.229354520837301,1.5996812025653284,2.6246043878742675,-2.124519650136129,4.259712219238281,-0.08822187036275864,0.06606720387935638,-0.06612356752157211,-0.14875651895999908,0.15027941763401031,-0.6190162301063538,-0.33906877040863037,0.5874901413917542,-0.9156752824783325,0.03860875964164734,0.572184145450592,-0.3267671465873718
1749033594.514456,0.9307607412338257,-2.2292148075499476,1.5995567480670374,2.624328775996826,-2.1242240110980433,4.258495807647705,-0.08868712186813354,0.06518556922674179,-0.06857604533433914,-0.14454057812690735,0.1513194590806961,-0.616163432598114,-0.3326416611671448,0.5824851989746094,-0.8864243626594543,-0.00021693343296647072,0.5738332867622375,-0.3728793263435364
1749033594.5144942,0.9305811524391174,-2.2290717564024867,1.5994027296649378,2.624044581050537,-2.1238768736468714,4.257246494293213,-0.08812764286994934,0.06522049009799957,-0.06462940573692322,-0.14278918504714966,0.15375816822052002,-0.6205082535743713,-0.3329899311065674,0.625787615776062,-0.9333163499832153,0.007326819002628326,0.5632604956626892,-0.34074679017066956
1749033594.514532,0.9304372072219849,-2.228927274743551,1.5992863813983362,2.6237570482441406,-2.1236022154437464,4.2559685707092285,-0.08795914053916931,0.06464307755231857,-0.06553216278553009,-0.1461942344903946,0.15439704060554504,-0.6243018507957458,-0.35189512372016907,0.6199654340744019,-0.9378328919410706,0.03247217833995819,0.5365431308746338,-0.3297003507614136
1749033594.514576,0.9302220344543457,-2.2288109264769496,1.5991395155536097,2.623488588924072,-2.1232550779925745,4.254734992980957,-0.08851796388626099,0.06599154323339462,-0.0688832625746727,-0.14232394099235535,0.15378209948539734,-0.6229969263076782,-0.34352391958236694,0.6146230101585388,-0.9054237604141235,-0.005678713321685791,0.5456905961036682,-0.3543585538864136
1749033594.5146134,0.9300650358200073,-2.2286983929076136,1.5990107695208948,2.6231939035603027,-2.122967545186178,4.2535505294799805,-0.08874702453613281,0.06509272009134293,-0.06698507070541382,-0.1423136293888092,0.15546098351478577,-0.6237363219261169,-0.3349384069442749,0.6013003587722778,-0.9062565565109253,-0.00756525993347168,0.522091805934906,-0.33630314469337463
1749033594.5146546,0.9298589825630188,-2.2285477123656214,1.5988486448871058,2.6229492860981445,-2.122664753590719,4.252289772033691,-0.08818943053483963,0.06423589587211609,-0.0676935464143753,-0.14282651245594025,0.14997929334640503,-0.6215327978134155,-0.3838767111301422,0.6315851211547852,-0.9008487462997437,-0.02651160955429077,0.5559185147285461,-0.3697465658187866
1749033594.514693,0.9296989440917969,-2.228443761865133,1.5987475554095667,2.6226302820393066,-2.1223881880389612,4.251007080078125,-0.09026844054460526,0.06603432446718216,-0.06856988370418549,-0.14326158165931702,0.14962883293628693,-0.6224508881568909,-0.3215385675430298,0.6076893210411072,-0.9045377969741821,-0.024495048448443413,0.6009453535079956,-0.42654287815093994
1749033594.5147352,0.929522693157196,-2.228279253045553,1.5986035505877894,2.6223394113728027,-2.122054402028219,4.249775409698486,-0.08804348856210709,0.06877284497022629,-0.06893572956323624,-0.14403590559959412,0.15116098523139954,-0.627407431602478,-0.34579312801361084,0.5691847205162048,-0.8791278600692749,-0.01853957772254944,0.5640739798545837,-0.3558924198150635
1749033594.5147736,0.9293553829193115,-2.2281557522215785,1.5984566847430628,2.6220480638691406,-2.1217668692218226,4.2485222816467285,-0.09183008968830109,0.06659925729036331,-0.06910780817270279,-0.1451391875743866,0.15054471790790558,-0.6298385858535767,-0.30991771817207336,0.5797826051712036,-0.8872745037078857,-0.026708468794822693,0.5851185917854309,-0.3354334235191345
1749033594.5148108,0.9291093349456787,-2.2280131779112757,1.5983169714557093,2.6217757898518066,-2.1214593092547815,4.247259140014648,-0.08717755228281021,0.06563590466976166,-0.0688551738858223,-0.1465689241886139,0.15142008662223816,-0.6274864077568054,-0.3644101023674011,0.5948424935340881,-0.8813567757606506,-0.03641730546951294,0.6078549027442932,-0.37515348196029663
1749033594.5148482,0.9289808869361877,-2.227892061273092,1.5981691519366663,2.621487780208252,-2.1211374441729944,4.246070384979248,-0.08769002556800842,0.06685779243707657,-0.06856639683246613,-0.1495642513036728,0.15361207723617554,-0.6273183822631836,-0.3447650969028473,0.592930257320404,-0.8662506341934204,-0.013050034642219543,0.5829877853393555,-0.38525545597076416
1749033594.5148916,0.9287886023521423,-2.227748533288473,1.5980256239520472,2.6211954790302734,-2.1208727995501917,4.244805335998535,-0.08792297542095184,0.06726076453924179,-0.06749541312456131,-0.151942640542984,0.15403953194618225,-0.627734899520874,-0.3661881685256958,0.5831805467605591,-0.8777679204940796,-0.004697475582361221,0.5794742703437805,-0.4258041977882385
1749033594.514929,0.9285739660263062,-2.227619787255758,1.5978906790362757,2.6208645540424804,-2.120518509541647,4.2435431480407715,-0.08783405274152756,0.06682518869638443,-0.06905167549848557,-0.15052515268325806,0.15610893070697784,-0.6350998282432556,-0.3501201868057251,0.5786527395248413,-0.87128746509552,0.010861871764063835,0.5657773613929749,-0.4088156223297119
1749033594.5149655,0.92840975522995,-2.2274915180602015,1.5977585951434534,2.6205336290546875,-2.120171372090475,4.24226188659668,-0.08759818971157074,0.06568748503923416,-0.06572320312261581,-0.15387310087680817,0.16045448184013367,-0.6372931599617004,-0.346663236618042,0.5800333023071289,-0.8933858871459961,0.03172106295824051,0.5415230989456177,-0.32728663086891174
1749033594.515002,0.9282622933387756,-2.227333208123678,1.5976579825030726,2.6202618318745117,-2.1198790709124964,4.240963935852051,-0.08690406382083893,0.06599801778793335,-0.06673093140125275,-0.15035532414913177,0.1560545116662979,-0.6347901821136475,-0.3106422424316406,0.5950419902801514,-0.8862057328224182,0.018288299441337585,0.5262742638587952,-0.35104089975357056
1749033594.5150428,0.9280787706375122,-2.227201124230856,1.5975177923785608,2.6199495035358886,-2.119568173085348,4.239701747894287,-0.08566583693027496,0.06590096652507782,-0.06723295152187347,-0.148657888174057,0.15512292087078094,-0.6328097581863403,-0.3513081669807434,0.5960092544555664,-0.8929928541183472,0.02835896611213684,0.5399414300918579,-0.32313111424446106
1749033594.5150805,0.9278445243835449,-2.227108140985006,1.5973981062518519,2.619626207942627,-2.1192057768451136,4.23851203918457,-0.08912140130996704,0.06583879142999649,-0.06574954092502594,-0.15279756486415863,0.15698596835136414,-0.6313939690589905,-0.32309389114379883,0.5874185562133789,-0.888496458530426,0.027677088975906372,0.4992666244506836,-0.3465147614479065
1749033594.5156782,0.9277155995368958,-2.22691073040151,1.5972231070147913,2.6193458276936035,-2.118964974080221,4.237238883972168,-0.08457589894533157,0.06519998610019684,-0.06612849235534668,-0.14770551025867462,0.1534472107887268,-0.6312232613563538,-0.3784385323524475,0.6031116247177124,-0.886197030544281,0.03756571561098099,0.5256497859954834,-0.38192686438560486
1749033594.5177014,0.9275668263435364,-2.226790567437643,1.5970876852618616,2.6190735536762695,-2.118688408528463,4.235975742340088,-0.08639102429151535,0.06573004275560379,-0.06798490881919861,-0.14676739275455475,0.1526850312948227,-0.6343771815299988,-0.3756332993507385,0.5933553576469421,-0.8772846460342407,0.03584560006856918,0.5187641978263855,-0.3153593838214874
1749033594.5583155,0.927364706993103,-2.22668518642568,1.5969565550433558,2.618739290828369,-2.1182997862445276,4.234654426574707,-0.08746003359556198,0.06583734601736069,-0.06838461756706238,-0.14559079706668854,0.15208980441093445,-0.6333914995193481,-0.3513020873069763,0.6007574796676636,-0.8700108528137207,0.04306221008300781,0.5177793502807617,-0.30733156204223633
1749033594.5583618,0.9272077679634094,-2.226542135278219,1.5968473593341272,2.61845509588208,-2.118051830922262,4.233417987823486,-0.08769859373569489,0.06561525911092758,-0.06777651607990265,-0.14535686373710632,0.1497408002614975,-0.631546676158905,-0.3445093631744385,0.5843724012374878,-0.852831244468689,0.015675947070121765,0.5336461067199707,-0.3468612730503082
1749033594.5584033,0.9270087480545044,-2.226445337335104,1.5967124144183558,2.618171377772949,-2.117791000996725,4.232153415679932,-0.08843584358692169,0.06609061360359192,-0.0674043819308281,-0.14358477294445038,0.14855113625526428,-0.6287670135498047,-0.3388899564743042,0.5914609432220459,-0.875247597694397,0.01554812490940094,0.5598317980766296,-0.3194736838340759
1749033594.558443,0.9268410205841064,-2.226325651208395,1.5965645948993128,2.6179115015217285,-2.1174257437335413,4.230923652648926,-0.0890180766582489,0.0659622997045517,-0.06669041514396667,-0.1470048576593399,0.14920297265052795,-0.6266501545906067,-0.3172692060470581,0.606613278388977,-0.885970413684845,0.0048990026116371155,0.5575563311576843,-0.40456369519233704
1749033594.5584812,0.9266108274459839,-2.2261625729002894,1.596405331288473,2.617623491878174,-2.1171229521380823,4.229655742645264,-0.08808047324419022,0.06545454263687134,-0.06548135727643967,-0.14460520446300507,0.15118290483951569,-0.6308140754699707,-0.33251914381980896,0.5966976881027222,-0.8775650858879089,0.020935025066137314,0.5547786951065063,-0.35174453258514404
1749033594.5585353,0.9265058636665344,-2.2260428867735804,1.596304718648092,2.6173130708881835,-2.1167686621295374,4.228396415710449,-0.08689840137958527,0.06615288555622101,-0.06538458168506622,-0.14350424706935883,0.15518724918365479,-0.6315271258354187,-0.3426245450973511,0.5996242761611938,-0.8848364353179932,0.0005340576171875,0.5204065442085266,-0.3094361126422882
1749033594.5585747,0.9263607263565063,-2.2258950672545375,1.596165959035055,2.6170598703571777,-2.1164796988116663,4.227176666259766,-0.08603207767009735,0.0679856538772583,-0.06566370278596878,-0.14829599857330322,0.1545920968055725,-0.629509687423706,-0.3542959988117218,0.5542553663253784,-0.8871907591819763,0.020066998898983,0.5283722281455994,-0.3373691439628601
1749033594.5586116,0.9261380434036255,-2.225779195825094,1.5960572401629847,2.616783781642578,-2.1162365118609827,4.225889682769775,-0.0861058384180069,0.06430381536483765,-0.0663733035326004,-0.14612308144569397,0.15716500580310822,-0.6302345395088196,-0.35699743032455444,0.6219986081123352,-0.8905484080314636,0.016563013195991516,0.4723796844482422,-0.33533069491386414
1749033594.5586483,0.9259861707687378,-2.22564758876943,1.5958979765521448,2.6164657312580566,-2.1158974806415003,4.224642276763916,-0.0864916518330574,0.06541229784488678,-0.06756896525621414,-0.14643548429012299,0.1528116762638092,-0.6294431090354919,-0.37745702266693115,0.6166956424713135,-0.8724053502082825,0.010733827948570251,0.5405105352401733,-0.3513490557670593
1749033594.5586853,0.9258028864860535,-2.2254840336241664,1.5957544485675257,2.6161534029194335,-2.115609947835104,4.223387718200684,-0.08597777783870697,0.0696965903043747,-0.06764712929725647,-0.14681603014469147,0.15182876586914062,-0.6294038891792297,-0.3795596659183502,0.5608155131340027,-0.8713752627372742,0.011048518121242523,0.5248086452484131,-0.3811768889427185
1749033594.558722,0.9256184101104736,-2.225387235681051,1.5956099669085901,2.6158625322529296,-2.115248505269186,4.222124099731445,-0.09029731899499893,0.06473921239376068,-0.06612438708543777,-0.14786776900291443,0.1544751524925232,-0.632314145565033,-0.3160962760448456,0.5774887800216675,-0.8840805888175964,0.03895509988069534,0.5017157196998596,-0.3155389130115509
1749033594.5587642,0.9254156947135925,-2.225243707696432,1.5954440275775355,2.615570231074951,-2.114964787160055,4.220846176147461,-0.08665156364440918,0.06630170345306396,-0.06892798840999603,-0.14857728779315948,0.15216773748397827,-0.6316677331924438,-0.34690114855766296,0.5772505402565002,-0.8541499972343445,0.03133079782128334,0.5459378957748413,-0.3197520971298218
1749033594.5588078,0.9252367615699768,-2.225124021569723,1.595346752797262,2.6152583795734863,-2.114676300679342,4.219577789306641,-0.08850366622209549,0.06689617037773132,-0.06557679176330566,-0.1477341651916504,0.15316471457481384,-0.6274350881576538,-0.3474145531654358,0.5904852151870728,-0.8755730986595154,0.026811368763446808,0.5339866280555725,-0.34094226360321045
1749033594.5588748,0.9250878691673279,-2.2249604664244593,1.5952027479754847,2.614961786861084,-2.1144045034991663,4.218326091766357,-0.08670302480459213,0.06609347462654114,-0.06502397358417511,-0.14722922444343567,0.1539345532655716,-0.6257668733596802,-0.3311467170715332,0.5694376826286316,-0.8781196475028992,0.027378834784030914,0.5382122993469238,-0.31810373067855835
1749033594.5589404,0.9249008297920227,-2.224851747552389,1.5950482527362269,2.614639921779297,-2.1140788237201136,4.217044353485107,-0.08733012527227402,0.06533681601285934,-0.06776443123817444,-0.1486150324344635,0.15374937653541565,-0.6257127523422241,-0.3481205105781555,0.6024318933486938,-0.8724014759063721,0.037848830223083496,0.5358167290687561,-0.36786285042762756
1749033594.5590086,0.9247128367424011,-2.2247125111021937,1.5949361960040491,2.6143433290668945,-2.11375600496401,4.215843200683594,-0.08877874165773392,0.06860105693340302,-0.0659278929233551,-0.14748069643974304,0.15463589131832123,-0.6280999183654785,-0.3329072892665863,0.5899052619934082,-0.8646160960197449,0.022753853350877762,0.542968213558197,-0.37735897302627563
1749033594.559149,0.9245336651802063,-2.224619527856344,1.5948007742511194,2.6140786844440917,-2.1134098211871546,4.214547634124756,-0.08852594345808029,0.06606904417276382,-0.06511775404214859,-0.14640574157238007,0.15349696576595306,-0.6290104985237122,-0.3385719358921051,0.5882675647735596,-0.8841100335121155,0.015700483694672585,0.5354220271110535,-0.32713356614112854
1749033594.5592194,0.9243782162666321,-2.2244683704771937,1.5947001616107386,2.6137863832661132,-2.1131370703326624,4.21327018737793,-0.0882856547832489,0.06540066003799438,-0.06501355767250061,-0.14523404836654663,0.15710397064685822,-0.6261147260665894,-0.33395498991012573,0.6123672127723694,-0.8991740345954895,0.04674181342124939,0.5199898481369019,-0.3552625775337219
1749033594.5592988,0.924174964427948,-2.2243181667723597,1.5945757071124476,2.6135141092487792,-2.112786118184225,4.2120466232299805,-0.08837850391864777,0.06739422678947449,-0.06464702636003494,-0.14722274243831635,0.15276901423931122,-0.6264199018478394,-0.33601513504981995,0.5979097485542297,-0.8860198259353638,0.021539762616157532,0.5331788659095764,-0.3453795611858368
1749033594.5593688,0.9240149259567261,-2.224189420739645,1.594452206288473,2.6132399278828125,-2.112556282673971,4.210822105407715,-0.0869312509894371,0.06667429953813553,-0.06435396522283554,-0.14455381035804749,0.1509447544813156,-0.6264901757240295,-0.3130660057067871,0.5772037506103516,-0.8839062452316284,0.044509246945381165,0.5312751531600952,-0.34371182322502136
1749033594.5597606,0.9240149259567261,-2.224189420739645,1.594452206288473,2.6132399278828125,-2.112556282673971,4.210822105407715,-0.0869312509894371,0.06667429953813553,-0.06435396522283554,-0.14455381035804749,0.1509447544813156,-0.6264901757240295,-0.3130660057067871,0.5772037506103516,-0.8839062452316284,0.044509246945381165,0.5312751531600952,-0.34371182322502136
1749033594.561711,0.9236869215965271,-2.2239257297911585,1.594154183064596,2.612635298366211,-2.1119239966021937,4.208266258239746,-0.08935624361038208,0.06663195788860321,-0.06486846506595612,-0.14753171801567078,0.15300095081329346,-0.6246985197067261,-0.3544432818889618,0.5864648818969727,-0.9090571403503418,0.027664728462696075,0.5179502367973328,-0.32141125202178955
1749033594.60631,0.923503577709198,-2.223821302453512,1.5940502325641077,2.612349196071289,-2.1115806738482874,4.207006931304932,-0.08515791594982147,0.06713134795427322,-0.0640331506729126,-0.143395334482193,0.15232762694358826,-0.6261263489723206,-0.40968090295791626,0.6059163808822632,-0.8990532159805298,0.014637351967394352,0.50377357006073,-0.3392636775970459
1749033594.6063733,0.9233120083808899,-2.22367062191152,1.5939372221576136,2.612030192012451,-2.1112974325763147,4.205817222595215,-0.08666346222162247,0.06675805151462555,-0.06438083201646805,-0.14541766047477722,0.1525319367647171,-0.6238716840744019,-0.3865971267223358,0.5757696628570557,-0.9148605465888977,0.00015329569578170776,0.538783609867096,-0.34751415252685547
1749033594.6064231,0.9231476187705994,-2.2235423527159632,1.5938018004046839,2.6117545801350097,-2.1109755674945276,4.2045135498046875,-0.08771854639053345,0.06708724796772003,-0.06546217203140259,-0.14571328461170197,0.15223413705825806,-0.6269443035125732,-0.3870759606361389,0.6412423253059387,-0.922674834728241,-0.01671557128429413,0.5637370347976685,-0.3963146507740021
1749033594.6064634,0.922976553440094,-2.223398347894186,1.5936597029315394,2.6114741998859863,-2.1106885115252894,4.203235149383545,-0.0901247039437294,0.0685754120349884,-0.06820882856845856,-0.14770741760730743,0.15283024311065674,-0.6317511796951294,-0.3207285702228546,0.575930655002594,-0.8888648152351379,0.017050638794898987,0.5345006585121155,-0.34588155150413513
1749033594.6065016,0.9228041172027588,-2.223278661767477,1.5935505072223108,2.6111480432697753,-2.1104238669024866,4.201931953430176,-0.08905692398548126,0.06800970435142517,-0.06501048803329468,-0.14935506880283356,0.1545591950416565,-0.6352609992027283,-0.3169976472854614,0.5754003524780273,-0.9183728098869324,0.013531476259231567,0.5406214594841003,-0.3236238360404968
1749033594.6065397,0.922601580619812,-2.2231246433653773,1.5934189001666468,2.6108762460895996,-2.110100571309225,4.20068359375,-0.0882168859243393,0.06753639876842499,-0.06574402004480362,-0.14929893612861633,0.15601646900177002,-0.6369501352310181,-0.3210159242153168,0.6068078279495239,-0.9227363467216492,0.059811800718307495,0.5346671938896179,-0.2865697741508484
1749033594.6065817,0.9224409461021423,-2.2230030498900355,1.5932868162738245,2.6105891901203613,-2.1097896734820765,4.199410438537598,-0.08823162317276001,0.06923039257526398,-0.0688171461224556,-0.14561334252357483,0.15576420724391937,-0.6309324502944946,-0.35341280698776245,0.5965774059295654,-0.8780702352523804,0.0044236499816179276,0.5229734778404236,-0.3121567368507385
1749033594.6066208,0.9222186803817749,-2.222856184045309,1.5931361357318323,2.6102801996418457,-2.1094821135150355,4.198135852813721,-0.08800896257162094,0.06733368337154388,-0.06558280438184738,-0.14863619208335876,0.16052554547786713,-0.6282920837402344,-0.34776103496551514,0.5726734399795532,-0.9099758863449097,0.0036781728267669678,0.5075743794441223,-0.29609736800193787
1749033594.6066642,0.9220126271247864,-2.222727438012594,1.5929802099811,2.6099898058125,-2.1091740767108362,4.196927547454834,-0.08802179992198944,0.06696637719869614,-0.06669674068689346,-0.14954106509685516,0.1564895212650299,-0.6239989399909973,-0.35047876834869385,0.5976478457450867,-0.9132378697395325,0.047379449009895325,0.5133188962936401,-0.35074394941329956
1749033594.6067014,0.9219140410423279,-2.22261967281484,1.5928486029254358,2.609698935145996,-2.1088560263263147,4.195675849914551,-0.08832743018865585,0.06706645339727402,-0.06698071956634521,-0.14830315113067627,0.15608316659927368,-0.6257157921791077,-0.3618506193161011,0.5921390056610107,-0.9091622233390808,0.018085122108459473,0.5208989381790161,-0.3849973976612091
1749033594.606738,0.9217031002044678,-2.2225033245482386,1.5927360693561,2.609414740199707,-2.108539883290426,4.194397449493408,-0.08783344179391861,0.06731191277503967,-0.06745940446853638,-0.14904482662677765,0.15715822577476501,-0.6295289993286133,-0.35083335638046265,0.5995842814445496,-0.9093993902206421,0.0363733172416687,0.5056609511375427,-0.341163694858551
1749033594.606775,0.9215120673179626,-2.2223593197264613,1.592616383229391,2.6091267305561523,-2.1081674734698694,4.193150520324707,-0.09091751277446747,0.06742528825998306,-0.06810926645994186,-0.14865855872631073,0.1545742005109787,-0.6299393177032471,-0.353093683719635,0.5968446731567383,-0.9084741473197937,0.025930576026439667,0.5387775897979736,-0.3385609984397888
1749033594.6068122,0.9214062690734863,-2.2222358189024867,1.5924885908709925,2.608781023616455,-2.1078994909869593,4.191853046417236,-0.08617918193340302,0.06680385768413544,-0.06790881603956223,-0.14689652621746063,0.15548986196517944,-0.6276281476020813,-0.35524746775627136,0.6253311038017273,-0.8942609429359436,0.026644611731171608,0.5204822421073914,-0.3430374264717102
1749033594.6068623,0.9211642742156982,-2.22208895305776,1.5923216978656214,2.608527346248291,-2.107580010090963,4.190670967102051,-0.08519317954778671,0.06688973307609558,-0.06810013204813004,-0.14609402418136597,0.1553921401500702,-0.623378336429596,-0.3871709406375885,0.5928332805633545,-0.8889426589012146,0.013362027704715729,0.533112108707428,-0.32652074098587036
1749033594.6069064,0.9209965467453003,-2.2219726047911585,1.59218675294985,2.6081787782856445,-2.107260529194967,4.189424991607666,-0.08767256140708923,0.06544917821884155,-0.06811761856079102,-0.14634603261947632,0.15464511513710022,-0.6218310594558716,-0.36143654584884644,0.6400384902954102,-0.8946700096130371,0.013170979917049408,0.5292568206787109,-0.44131481647491455
1749033594.6069434,0.9208329319953918,-2.221862932244772,1.5920894781695765,2.607912703151367,-2.1069229284869593,4.188165664672852,-0.08561220020055771,0.06954888254404068,-0.0686790868639946,-0.14736182987689972,0.15311817824840546,-0.6287865042686462,-0.3935239613056183,0.5859096646308899,-0.871898353099823,0.028938449919223785,0.5220332145690918,-0.38980168104171753
1749033594.60698,0.9206337928771973,-2.221715589562887,1.5919182936297815,2.60760943471875,-2.1066539923297327,4.1868696212768555,-0.08695133775472641,0.06556377559900284,-0.06894993782043457,-0.14886333048343658,0.15235568583011627,-0.6322985887527466,-0.34747615456581116,0.6221413612365723,-0.876768171787262,0.027258090674877167,0.525383710861206,-0.312869131565094
1749033594.6070166,0.9204696416854858,-2.2215496502318324,1.591794792805807,2.607346220607422,-2.1063664595233362,4.185599327087402,-0.08837979286909103,0.06522925198078156,-0.07020597904920578,-0.1485583633184433,0.1526118367910385,-0.6287336945533752,-0.34868860244750977,0.6515071392059326,-0.8666278123855591,0.04697420820593834,0.5425815582275391,-0.3731915354728699
1749033594.6070523,0.9203053116798401,-2.2214018307127894,1.5916598478900355,2.6070310312458496,-2.1060712973224085,4.184394836425781,-0.08726052194833755,0.06821225583553314,-0.06977855414152145,-0.14649195969104767,0.15576548874378204,-0.6293479800224304,-0.37102770805358887,0.6441367864608765,-0.8593505024909973,0.02237531915307045,0.5112698078155518,-0.358865886926651
1749033594.6070888,0.9201224446296692,-2.221297880212301,1.5915544668780726,2.6067587572285156,-2.105737034474508,4.183163642883301,-0.08751671761274338,0.06766174733638763,-0.06943583488464355,-0.1440173089504242,0.1525258868932724,-0.629687488079071,-0.3591466248035431,0.6028966307640076,-0.8595855236053467,-0.011956170201301575,0.513283371925354,-0.37130022048950195
1749033594.6071296,0.9199515581130981,-2.221142431298727,1.5914071241961878,2.6064864832111816,-2.1053898970233362,4.181931018829346,-0.08682230114936829,0.06653357297182083,-0.07010004669427872,-0.14628949761390686,0.15506526827812195,-0.6288691759109497,-0.3822552561759949,0.6211948990821838,-0.8252323865890503,0.0012088268995285034,0.5034811496734619,-0.3992741107940674
1749033594.607167,0.9198183417320251,-2.221013685266012,1.5912993589984339,2.6061603265949707,-2.1051061789142054,4.180649280548096,-0.08730407059192657,0.0673694908618927,-0.06745258718729019,-0.1427985280752182,0.1540444940328598,-0.6337204575538635,-0.371757447719574,0.6153329610824585,-0.8669703006744385,-0.02137356996536255,0.49879997968673706,-0.36512982845306396
1749033594.6076705,0.9195919036865234,-2.2208782635130824,1.5911434332477015,2.605879946345947,-2.1048224608050745,4.179381847381592,-0.0861876830458641,0.06956090778112411,-0.06746076792478561,-0.14413009583950043,0.1523529291152954,-0.635249674320221,-0.38860371708869934,0.591855525970459,-0.8794068694114685,-0.02597782015800476,0.5081532001495361,-0.3425520956516266
1749033594.6096828,0.919399619102478,-2.2207652531065882,1.590996567402975,2.605571909541748,-2.1045387426959437,4.178083419799805,-0.09162016212940216,0.06645356118679047,-0.0709766075015068,-0.1485457718372345,0.15302927792072296,-0.6322006583213806,-0.3423898220062256,0.591812252998352,-0.8183738589286804,0.016149446368217468,0.529262363910675,-0.35411518812179565
1749033594.6504927,0.9192794561386108,-2.2206179104247035,1.5908649603473108,2.605299635524414,-2.1042431036578577,4.176809787750244,-0.08766472339630127,0.06943127512931824,-0.06720395386219025,-0.14412209391593933,0.15360458195209503,-0.6305692791938782,-0.3924292325973511,0.599033534526825,-0.8542881608009338,0.0037939436733722687,0.5517301559448242,-0.333858847618103
1749033594.65057,0.9190529584884644,-2.220501562158102,1.5907447973834437,2.604996367091797,-2.1039283911334437,4.1755595207214355,-0.08888711035251617,0.06620653718709946,-0.0677652359008789,-0.14367398619651794,0.1534622311592102,-0.6291304230690002,-0.3569572865962982,0.5982512831687927,-0.8610084652900696,0.0011975020170211792,0.5355682969093323,-0.3738892078399658
1749033594.6506407,0.9188733100891113,-2.220369955102438,1.5906012693988245,2.6047212320515136,-2.103649441395895,4.174370765686035,-0.08846767246723175,0.06655044108629227,-0.06832754611968994,-0.14472222328186035,0.1524125039577484,-0.6331230401992798,-0.37594500184059143,0.6354463696479797,-0.8493347764015198,-0.033592090010643005,0.5410946607589722,-0.35352903604507446
1749033594.6507106,0.9186884760856628,-2.220234533349508,1.5904610792743128,2.604433222407959,-2.10329515138735,4.17305326461792,-0.08760533481836319,0.06954369693994522,-0.06860078126192093,-0.14386440813541412,0.15220102667808533,-0.6339007019996643,-0.35105428099632263,0.6164191961288452,-0.8504745364189148,-0.036590442061424255,0.5757910013198853,-0.3353232741355896
1749033594.6507804,0.9185645580291748,-2.220090528527731,1.5903294722186487,2.604137106532715,-2.1029837767230433,4.171738624572754,-0.08650817722082138,0.06755704432725906,-0.0677478089928627,-0.14656157791614532,0.15162482857704163,-0.6318268775939941,-0.3730817437171936,0.5526189804077148,-0.8489903211593628,-0.02983596920967102,0.5631624460220337,-0.32606884837150574
1749033594.6508477,0.9183583855628967,-2.219912191430563,1.5902131239520472,2.6038424211689453,-2.1026957670794886,4.17049503326416,-0.085561104118824,0.06633913516998291,-0.06764870136976242,-0.14917312562465668,0.15534549951553345,-0.6293812394142151,-0.3671252131462097,0.6179742813110352,-0.84914231300354,-0.017852671444416046,0.5469585061073303,-0.30928415060043335
1749033594.6509154,0.9181868433952332,-2.2197681866087855,1.590055290852682,2.603558226222656,-2.102396790181295,4.169270992279053,-0.08574613928794861,0.06704095751047134,-0.06789172440767288,-0.1465812474489212,0.15435472130775452,-0.6265954375267029,-0.3961401581764221,0.6091264486312866,-0.8612207174301147,-0.03247608244419098,0.5317631959915161,-0.31365668773651123
1749033594.6509833,0.9180334806442261,-2.219694753686422,1.5899532477008265,2.603243036861084,-2.102088753377096,4.16797399520874,-0.08632225543260574,0.06641218811273575,-0.06734540313482285,-0.14923235774040222,0.15352539718151093,-0.6236470937728882,-0.39131486415863037,0.6216027140617371,-0.8318021297454834,-0.020742222666740417,0.5377407073974609,-0.3844277858734131
1749033594.651051,0.9178663492202759,-2.2195588550963343,1.589794937764303,2.60294692098584,-2.101786438618795,4.166766166687012,-0.08712229132652283,0.06689061224460602,-0.06688620150089264,-0.14943639934062958,0.1579798012971878,-0.6263074278831482,-0.3854886591434479,0.6195235252380371,-0.8471196293830872,0.006195574998855591,0.5238474607467651,-0.32413503527641296
1749033594.6511188,0.9176792502403259,-2.2194229565062464,1.5896475950824183,2.6026555734821777,-2.101459805165426,4.165520668029785,-0.08780939877033234,0.06731227785348892,-0.06669269502162933,-0.1467345803976059,0.15422263741493225,-0.625470757484436,-0.37766483426094055,0.5937451720237732,-0.8735992908477783,-0.008369863033294678,0.528429388999939,-0.33388641476631165
1749033594.6511858,0.9174790978431702,-2.2192756138243617,1.589538876210348,2.602383776302002,-2.1011341253863733,4.164257526397705,-0.08680487424135208,0.06696963310241699,-0.06809482723474503,-0.1473657190799713,0.15369486808776855,-0.6241261959075928,-0.40182650089263916,0.6101225018501282,-0.8209953308105469,-0.008076339960098267,0.5387308597564697,-0.3484542965888977
1749033594.6512523,0.917319655418396,-2.2191478214659632,1.5893762747394007,2.602088137263916,-2.1009042898761194,4.162999153137207,-0.08954817056655884,0.06638976186513901,-0.06477406620979309,-0.14658357203006744,0.1534924954175949,-0.622828483581543,-0.3393611013889313,0.6138039827346802,-0.8755240440368652,-0.004005588591098785,0.5607454776763916,-0.3303473889827728
1749033594.6513176,0.9171250462532043,-2.2190119228758753,1.5892670790301722,2.6017958360859375,-2.100577179585592,4.161762237548828,-0.0867481529712677,0.06593040376901627,-0.0652141347527504,-0.14539183676242828,0.15351691842079163,-0.6220512986183167,-0.3868637979030609,0.6136714816093445,-0.8700602650642395,-0.010764030739665031,0.5437124967575073,-0.39649975299835205
1749033594.6513877,0.916941225528717,-2.218860765496725,1.5891316572772425,2.601496382350586,-2.1002467314349573,4.160514831542969,-0.09112796932458878,0.06762408465147018,-0.06818170845508575,-0.14561577141284943,0.15274010598659515,-0.6245848536491394,-0.35734185576438904,0.6164228916168213,-0.8550393581390381,-0.03977213799953461,0.5530382990837097,-0.3741135597229004
1749033594.6514547,0.9168362021446228,-2.2186862430968226,1.5890277067767542,2.6011931139179687,-2.099940601979391,4.159268379211426,-0.08763600140810013,0.0658549815416336,-0.06522328406572342,-0.1450658142566681,0.15372104942798615,-0.6272911429405212,-0.3933543562889099,0.6330178380012512,-0.8656725287437439,-0.0488537922501564,0.5926457643508911,-0.33909133076667786
1749033594.6515198,0.916648268699646,-2.218596120873922,1.588877026234762,2.6008893686481933,-2.0996292273150843,4.158005237579346,-0.08929739892482758,0.06637552380561829,-0.06648311764001846,-0.14666488766670227,0.1540510505437851,-0.6287335753440857,-0.36900919675827026,0.6051540374755859,-0.8636000752449036,-0.027425095438957214,0.5874426960945129,-0.3456571400165558
1749033594.6515875,0.9165031313896179,-2.2184177837767542,1.5887606779681605,2.6005937296101074,-2.0993221441852015,4.156743049621582,-0.08920220285654068,0.06615085899829865,-0.06677751988172531,-0.14769120514392853,0.1573612093925476,-0.6291710734367371,-0.37063443660736084,0.631036102771759,-0.8594366908073425,-0.01113179326057434,0.539912760257721,-0.32043561339378357
1749033594.6516547,0.9162973761558533,-2.2183133564391078,1.588616673146383,2.60030905782666,-2.099029843007223,4.15550422668457,-0.08868587017059326,0.06659471988677979,-0.06497930735349655,-0.14774467051029205,0.15430223941802979,-0.6267024874687195,-0.36263078451156616,0.5970176458358765,-0.8661091923713684,-0.02282516285777092,0.5754660367965698,-0.34757155179977417
1749033594.6517193,0.9161295294761658,-2.218173166314596,1.588477913533346,2.5999981599995117,-2.098715130482809,4.154233455657959,-0.0880865529179573,0.06580254435539246,-0.06716807931661606,-0.14435140788555145,0.15559269487857819,-0.6269243359565735,-0.3868064284324646,0.6015996932983398,-0.8561223149299622,-0.02233636938035488,0.5567780137062073,-0.3778034746646881
1749033594.651785,0.9158996343612671,-2.2180572948851527,1.5883691946612757,2.5996944147297363,-2.0983765761004847,4.153048515319824,-0.08856261521577835,0.06691332161426544,-0.06696763634681702,-0.1467791497707367,0.1561172753572464,-0.6274709701538086,-0.3990941047668457,0.602973461151123,-0.8580982685089111,-0.015809103846549988,0.5334795117378235,-0.3106917142868042
1749033594.6519444,0.9157772064208984,-2.217921873132223,1.5882061163531702,2.599391146297119,-2.0981081167804163,4.151794910430908,-0.08866705000400543,0.06683500856161118,-0.06666696071624756,-0.1433500051498413,0.15501448512077332,-0.6278561949729919,-0.393043577671051,0.5807825326919556,-0.860386848449707,-0.035437680780887604,0.5508444309234619,-0.3355196416378021
1749033594.6536798,0.9155834913253784,-2.2177707157530726,1.5880864302264612,2.5991265016743164,-2.097776714955465,4.150500297546387,-0.08757349848747253,0.06629527360200882,-0.06650269776582718,-0.14373190701007843,0.1539345234632492,-0.6257056593894958,-0.3590081036090851,0.6162081360816956,-0.875933051109314,-0.050328537821769714,0.5446258187294006,-0.3483997583389282
1749033594.6944978,0.9155834913253784,-2.2177707157530726,1.5880864302264612,2.5991265016743164,-2.097776714955465,4.150500297546387,-0.08757349848747253,0.06629527360200882,-0.06650269776582718,-0.14373190701007843,0.1539345234632492,-0.6257056593894958,-0.3590081036090851,0.6162081360816956,-0.875933051109314,-0.050328537821769714,0.5446258187294006,-0.3483997583389282
1749033594.6945755,0.9154108762741089,-2.2176457844176234,1.5879657904254358,2.598850889796875,-2.0974891821490687,4.1492815017700195,-0.08743749558925629,0.06896889209747314,-0.06631831079721451,-0.14798583090305328,0.15286658704280853,-0.6271106004714966,-0.3947363793849945,0.5695427060127258,-0.8701294660568237,-0.012442313134670258,0.5499686598777771,-0.3513627052307129
1749033594.6946514,0.9150251150131226,-2.217382093469137,1.5876982847796839,2.598263903255127,-2.096863094960348,4.146757125854492,-0.08824951946735382,0.06616656482219696,-0.06554920971393585,-0.1447809487581253,0.15388348698616028,-0.6277905106544495,-0.39614859223365784,0.6187607049942017,-0.8830671906471252,-0.040595319122076035,0.5605132579803467,-0.3452262878417969
1749033594.6947236,0.9148720502853394,-2.2172471485533656,1.5875752607928675,2.5979720789143066,-2.096536938344137,4.145491600036621,-0.08942611515522003,0.06865793466567993,-0.06508573889732361,-0.14394718408584595,0.15563218295574188,-0.6292868852615356,-0.3482849597930908,0.5728858709335327,-0.8906868100166321,-0.029375717043876648,0.5466917753219604,-0.32331204414367676
1749033594.6947944,0.9146970510482788,-2.2171102962889613,1.5874431769000452,2.5976568895527343,-2.096283737813131,4.144257068634033,-0.08960851281881332,0.06418845802545547,-0.06710945069789886,-0.14573393762111664,0.1544511467218399,-0.627034604549408,-0.3468923568725586,0.6156442165374756,-0.8765319585800171,-0.03946666419506073,0.5516078472137451,-0.36093318462371826
1749033594.694862,0.9145099520683289,-2.216959138909811,1.5872963110553187,2.5973731714436035,-2.095898453389303,4.142980575561523,-0.08932019025087357,0.06534863263368607,-0.06484352797269821,-0.14702509343624115,0.1519690454006195,-0.6297305226325989,-0.3652065694332123,0.618308961391449,-0.8941787481307983,-0.028250470757484436,0.5417467951774597,-0.3433647155761719
1749033594.6949277,0.9143373966217041,-2.216827531854147,1.5872109572040003,2.5970541673847656,-2.0955799261676233,4.141745567321777,-0.08975155651569366,0.06592771410942078,-0.06437265127897263,-0.15084700286388397,0.15417540073394775,-0.6290572285652161,-0.3703957498073578,0.6232482194900513,-0.8919211626052856,-0.014688260853290558,0.5388002991676331,-0.34618526697158813
1749033594.6949954,0.9141234159469604,-2.2167421780028285,1.5870755354510706,2.5967928606220703,-2.0952566305743616,4.140432357788086,-0.08996284008026123,0.06467469781637192,-0.06761099398136139,-0.1522071361541748,0.15041913092136383,-0.6305241584777832,-0.36844825744628906,0.643688976764679,-0.9028261303901672,0.003980744630098343,0.5386353731155396,-0.3586406409740448
1749033594.6950634,0.9139902591705322,-2.21657194713735,1.5869362990008753,2.59648243963208,-2.0949767271624964,4.139138698577881,-0.08926811814308167,0.06495903432369232,-0.0672936961054802,-0.14880909025669098,0.14957688748836517,-0.6301325559616089,-0.3705793619155884,0.6383364200592041,-0.8633925914764404,-0.008993931114673615,0.5506795644760132,-0.31034138798713684
1749033594.6951306,0.9138002991676331,-2.216419836083883,1.5867927710162562,2.596198244685791,-2.0946887175189417,4.137946128845215,-0.08906813710927963,0.06445658951997757,-0.06651202589273453,-0.15084946155548096,0.1529425084590912,-0.6300743818283081,-0.3699518144130707,0.6475180387496948,-0.9040319323539734,-0.01362733542919159,0.5314030051231384,-0.3050267994403839
1749033594.695198,0.913647472858429,-2.2162844143309535,1.5866645018206995,2.5958635050007324,-2.0943425337420862,4.136629581451416,-0.0886659175157547,0.06757817417383194,-0.06700744479894638,-0.14998285472393036,0.14959998428821564,-0.6251290440559387,-0.4039543867111206,0.5875263810157776,-0.8953453898429871,0.03178679943084717,0.5574402213096619,-0.3243944048881531
1749033594.6952639,0.9134719371795654,-2.2161957226195277,1.5865443388568323,2.595595045680664,-2.0940592924701136,4.135410308837891,-0.0876501277089119,0.06386827677488327,-0.06802988052368164,-0.14713642001152039,0.15084362030029297,-0.6224403977394104,-0.42045801877975464,0.6269475221633911,-0.86812824010849,0.001192539930343628,0.566521406173706,-0.32878562808036804
1749033594.6953301,0.9132775068283081,-2.2160331211485804,1.5863969961749476,2.5952955919453125,-2.093752686177389,4.1341681480407715,-0.09013102203607559,0.06468594074249268,-0.06786368787288666,-0.14658237993717194,0.14976666867733002,-0.6196340322494507,-0.3494667410850525,0.6106051802635193,-0.8758323192596436,-0.0025292634963989258,0.5653818249702454,-0.36927691102027893
1749033594.6953962,0.9131140112876892,-2.215923925439352,1.5862682501422327,2.594987078303955,-2.0935028235064905,4.132909297943115,-0.08714941889047623,0.06773224472999573,-0.06732965260744095,-0.14555713534355164,0.15075048804283142,-0.6242117285728455,-0.4151836335659027,0.605972409248352,-0.8989366292953491,-0.023422759026288986,0.5830146670341492,-0.37775760889053345
1749033594.6954634,0.9129530787467957,-2.2157536945738734,1.586132828389303,2.5946647363850097,-2.0931647459613245,4.131594657897949,-0.09122975170612335,0.06495285034179688,-0.0667063519358635,-0.14566563069820404,0.15124596655368805,-0.6273732781410217,-0.38662877678871155,0.6329534649848938,-0.8978945016860962,-0.012000776827335358,0.5659081935882568,-0.30722686648368835
1749033594.6955304,0.9127619862556458,-2.2156292400755824,1.5860322157489222,2.594412012691162,-2.0928242842303675,4.130443572998047,-0.08741414546966553,0.0658349022269249,-0.06674090027809143,-0.14537768065929413,0.15168161690235138,-0.6252724528312683,-0.4057846665382385,0.6244113445281982,-0.9064461588859558,-0.015600085258483887,0.5772492289543152,-0.3661615550518036
1749033594.6955972,0.9126012325286865,-2.21549715618276,1.5858996550189417,2.5941435533710937,-2.0925009886371058,4.12913179397583,-0.09116066247224808,0.06643688678741455,-0.0675787404179573,-0.14597241580486298,0.15719103813171387,-0.6261119842529297,-0.38473522663116455,0.6133405566215515,-0.8940073847770691,-0.0053097158670425415,0.544867992401123,-0.38041186332702637
1749033594.695664,0.9124142527580261,-2.215353628198141,1.5857089201556605,2.593789740199707,-2.0922191778766077,4.127911567687988,-0.09139987081289291,0.06663699448108673,-0.06834787130355835,-0.14697831869125366,0.15403959155082703,-0.6253950595855713,-0.37897491455078125,0.5990610718727112,-0.8931020498275757,-0.02102738618850708,0.5586580038070679,-0.35267966985702515
1749033594.6957302,0.9122124314308167,-2.215217729608053,1.5855920950519007,2.593536539668701,-2.091897789631979,4.126687526702881,-0.09003260731697083,0.06578926742076874,-0.067542664706707,-0.14801160991191864,0.1549779176712036,-0.6262313723564148,-0.37110382318496704,0.6244579553604126,-0.8830327987670898,-0.0057594627141952515,0.5564684867858887,-0.42753440141677856
1749033594.695797,0.9120205640792847,-2.215074201623434,1.585456673298971,2.5932366090961914,-2.0915587584124964,4.125378131866455,-0.08928456902503967,0.06590896099805832,-0.06960376352071762,-0.14650866389274597,0.15752063691616058,-0.6310267448425293,-0.41485029458999634,0.5985235571861267,-0.8743324875831604,-0.007683452218770981,0.5003313422203064,-0.33005255460739136
1749033594.695967,0.9118878245353699,-2.2149769268431605,1.585316006337301,2.592921419734619,-2.091254536305563,4.1241865158081055,-0.0887783095240593,0.06762678176164627,-0.06736035645008087,-0.14993207156658173,0.15336060523986816,-0.6320215463638306,-0.37661638855934143,0.6050769686698914,-0.8875973224639893,0.008550528436899185,0.5225488543510437,-0.32957345247268677
1749033594.6976666,0.9116768836975098,-2.2148224316039027,1.585172478352682,2.592625780696533,-2.0909746328936976,4.122907638549805,-0.0880468487739563,0.06504736840724945,-0.06763666123151779,-0.14791055023670197,0.15388235449790955,-0.6291795969009399,-0.3826272785663605,0.5929785966873169,-0.8923924565315247,0.017176732420921326,0.521926999092102,-0.3564762473106384
1749033594.738515,0.9115168452262878,-2.214728971520895,1.585024658833639,2.59229485570874,-2.0906217733966272,4.121662139892578,-0.09147198498249054,0.06532823294401169,-0.06963252276182175,-0.14684446156024933,0.15246328711509705,-0.6272333264350891,-0.36307308077812195,0.6237761378288269,-0.8915190696716309,0.0033337920904159546,0.5511114001274109,-0.35577306151390076
1749033594.7385926,0.9113249778747559,-2.2145778141417445,1.5848963896380823,2.5920416551777343,-2.0903590361224573,4.120433807373047,-0.08874060213565826,0.06610486656427383,-0.07041947543621063,-0.15097454190254211,0.1521712988615036,-0.6271092891693115,-0.3893648386001587,0.6267051100730896,-0.8613442182540894,0.01157543808221817,0.5313699245452881,-0.40411174297332764
1749033594.7386637,0.9111424088478088,-2.2144304714598597,1.5847638289081019,2.591719313258789,-2.090003315602438,4.11912727355957,-0.0916314423084259,0.06709805130958557,-0.06886592507362366,-0.14588777720928192,0.15389123558998108,-0.6343457102775574,-0.37377914786338806,0.5974451899528503,-0.868820071220398,0.02170785889029503,0.5511686205863953,-0.369873046875
1749033594.7387319,0.9109781384468079,-2.214259286920065,1.584604565297262,2.5914313036152343,-2.0897801558123987,4.117877006530762,-0.08882346004247665,0.06711848080158234,-0.06940891593694687,-0.14461278915405273,0.15354128181934357,-0.635178804397583,-0.3696010112762451,0.5880370140075684,-0.8565531373023987,0.010838601738214493,0.5345399975776672,-0.31117406487464905
1749033594.7387998,0.9108417630195618,-2.214205404321188,1.5844724814044397,2.5911714273640136,-2.089396301900045,4.116579532623291,-0.08809569478034973,0.06621702015399933,-0.0685921162366867,-0.1433069407939911,0.15295079350471497,-0.6326433420181274,-0.4079859256744385,0.5973226428031921,-0.8709949254989624,-0.0022177472710609436,0.5358338952064514,-0.3349807858467102
1749033594.7388687,0.9106117486953735,-2.21405090908193,1.584332291279928,2.590871973628662,-2.0891006628619593,4.1153435707092285,-0.08839128166437149,0.06649629771709442,-0.06774767488241196,-0.14339891076087952,0.15297763049602509,-0.6310880780220032,-0.3902095556259155,0.6061170101165771,-0.8792235255241394,-0.017627134919166565,0.5233199000358582,-0.33279895782470703
1749033594.7389374,0.9104713201522827,-2.2139188251891078,1.5842121283160608,2.5905963617512207,-2.0888240973102015,4.114084243774414,-0.08684343099594116,0.06655089557170868,-0.06715792417526245,-0.1450226902961731,0.15036223828792572,-0.6296293139457703,-0.4041784703731537,0.5929344296455383,-0.8828015327453613,-0.005688771605491638,0.5430849194526672,-0.36080944538116455
1749033594.7390049,0.9102800488471985,-2.21378292659902,1.5840404669391077,2.5903121668049316,-2.0884855429278772,4.112833499908447,-0.08933775126934052,0.0659836009144783,-0.06762591749429703,-0.14704051613807678,0.1523536592721939,-0.6293798685073853,-0.39343613386154175,0.6004372239112854,-0.8820182681083679,-0.019010156393051147,0.533363401889801,-0.3825742304325104
1749033594.739071,0.9101084470748901,-2.213658948937887,1.5839393774615687,2.5900165277668457,-2.0881670157061976,4.111542224884033,-0.08965029567480087,0.06544679403305054,-0.06778217107057571,-0.14923185110092163,0.15018948912620544,-0.632868766784668,-0.38182881474494934,0.6155942678451538,-0.8654589653015137,-0.0010919496417045593,0.5207744240760803,-0.339788019657135
1749033594.739139,0.9099451899528503,-2.2135349712767542,1.5837801138507288,2.5897366243549804,-2.087867561970846,4.110279560089111,-0.08984789252281189,0.06839054077863693,-0.06759370863437653,-0.1500646024942398,0.14760230481624603,-0.6318845152854919,-0.3781905472278595,0.573752224445343,-0.8710806965827942,0.012550998479127884,0.5372969508171082,-0.3336147964000702
1749033594.739206,0.9097737073898315,-2.213411947289938,1.5836671034442347,2.589414282436035,-2.0875447432147425,4.109004020690918,-0.08978662639856339,0.06573488563299179,-0.06760804355144501,-0.14903943240642548,0.15262499451637268,-0.6298977136611938,-0.3991204500198364,0.6221011877059937,-0.8585003018379211,0.011763788759708405,0.511768639087677,-0.32275429368019104
1749033594.7392726,0.9096053838729858,-2.213248392144674,1.5835121313678187,2.5891024309345703,-2.0872800985919397,4.107720375061035,-0.08909062296152115,0.06609019637107849,-0.06629493087530136,-0.15268860757350922,0.15134239196777344,-0.6261017918586731,-0.39071473479270935,0.6231286525726318,-0.8742289543151855,0.014255061745643616,0.525860071182251,-0.30149930715560913
1749033594.739335,0.9094219207763672,-2.2131205997862757,1.5833991209613245,2.588794394130371,-2.0869582335101526,4.106445789337158,-0.089605413377285,0.07015570998191833,-0.06779336929321289,-0.15037132799625397,0.15201732516288757,-0.6227468252182007,-0.4174576997756958,0.5718860626220703,-0.8732366561889648,0.038920894265174866,0.5405678153038025,-0.3525732457637787
1749033594.7394054,0.9091834425926208,-2.21300806621694,1.5832708517657679,2.588491125697754,-2.086646858845846,4.105241298675537,-0.09116759896278381,0.06568379700183868,-0.07001159340143204,-0.14777188003063202,0.1531623750925064,-0.625849723815918,-0.3553784191608429,0.6041381359100342,-0.8348209857940674,0.03354354202747345,0.5362168550491333,-0.37194323539733887
1749033594.739473,0.9090192317962646,-2.21287264446401,1.5831077734576624,2.5881988245197753,-2.0863593260394495,4.103981018066406,-0.08963152766227722,0.06686776131391525,-0.06651683151721954,-0.14839790761470795,0.15188585221767426,-0.6262644529342651,-0.39614543318748474,0.6399474143981934,-0.8719777464866638,0.028855763375759125,0.5440610647201538,-0.30965355038642883
1749033594.7395396,0.9088554978370667,-2.2127286396422328,1.582944695149557,2.5879108148762207,-2.086095158253805,4.102720737457275,-0.0936562791466713,0.06742603331804276,-0.06667351722717285,-0.14764030277729034,0.14909696578979492,-0.6242219805717468,-0.3418647050857544,0.5992559194564819,-0.8636773228645325,0.049650464206933975,0.5637643933296204,-0.3559819459915161
1749033594.739607,0.9087112545967102,-2.2126127682127894,1.5828197638141077,2.587611361140869,-2.0857885519610804,4.101459980010986,-0.09054003655910492,0.06741125881671906,-0.0689350962638855,-0.1474524587392807,0.15358556807041168,-0.6241424679756165,-0.3598066568374634,0.5888862609863281,-0.8501797914505005,0.05647192895412445,0.5778235793113708,-0.3250225782394409
1749033594.7396758,0.9084848761558533,-2.21242155651235,1.5826838652240198,2.587315245265625,-2.0854528586017054,4.1001787185668945,-0.09121439605951309,0.06647670269012451,-0.0657544657588005,-0.14549924433231354,0.15285184979438782,-0.6247037649154663,-0.36658740043640137,0.621784508228302,-0.8469833135604858,0.03763767331838608,0.5293976664543152,-0.3478236198425293
1749033594.7397423,0.9083366394042969,-2.2123333416380824,1.5825865904437464,2.587023897761963,-2.085118118916647,4.098987102508545,-0.09004497528076172,0.06616349518299103,-0.06601868569850922,-0.1460120528936386,0.15206843614578247,-0.6238901615142822,-0.3839726448059082,0.6225292682647705,-0.8837168216705322,0.01970347762107849,0.5542516708374023,-0.40634068846702576
1749033594.7398083,0.9081310033798218,-2.212216993371481,1.5824268499957483,2.5867325502583007,-2.08480674425234,4.097707748413086,-0.08956337720155716,0.06714324653148651,-0.0669153481721878,-0.14775055646896362,0.15899401903152466,-0.62799471616745,-0.37491700053215027,0.6138238906860352,-0.8697830438613892,0.0345856137573719,0.4912227988243103,-0.3358352780342102
1749033594.7399714,0.9079738259315491,-2.2120729885497035,1.5822795073138636,2.5864712434956054,-2.0844886938678187,4.096498966217041,-0.08903425186872482,0.06699765473604202,-0.06699686497449875,-0.14620284736156464,0.15571317076683044,-0.6287500858306885,-0.4132384657859802,0.6169571280479431,-0.8738728761672974,0.039268169552087784,0.5135173797607422,-0.3601672053337097
1749033594.7416635,0.9078013300895691,-2.211945196191305,1.5821555296527308,2.586169405574463,-2.0842159430133265,4.095204830169678,-0.08975601196289062,0.06534642726182938,-0.06704757362604141,-0.1497141271829605,0.15578603744506836,-0.6282407641410828,-0.399684339761734,0.6446430087089539,-0.8765226006507874,0.041068121790885925,0.5044886469841003,-0.34129419922828674
1749033594.7824616,0.9075904488563538,-2.2117935619749964,1.5820234457599085,2.585864706630371,-2.083857838307516,4.093968868255615,-0.0899895429611206,0.06511498242616653,-0.0660296306014061,-0.1476517915725708,0.15403147041797638,-0.6272227168083191,-0.35797420144081116,0.6347177028656006,-0.8520077466964722,0.046329885721206665,0.493965744972229,-0.3052096962928772
1749033594.78254,0.9074505567550659,-2.2116619549193324,1.5818761030780237,2.585585756892822,-2.0835898558246058,4.092690467834473,-0.0905323326587677,0.06820601224899292,-0.06698416918516159,-0.14680330455303192,0.15252785384655,-0.6275581121444702,-0.38547655940055847,0.5701698660850525,-0.8589207530021667,0.052567899227142334,0.5176661610603333,-0.35266047716140747
1749033594.782608,0.9072557091712952,-2.2115217647948207,1.5817440191852015,2.5852653223225097,-2.0832627455340784,4.091465950012207,-0.08834545314311981,0.06359174102544785,-0.06700420379638672,-0.15004809200763702,0.15253250300884247,-0.6288472414016724,-0.3590312600135803,0.6465678811073303,-0.8559703230857849,0.06038281321525574,0.513125479221344,-0.3557182550430298
1749033594.7826796,0.9070286154747009,-2.2113782368102015,1.5816310087787073,2.584965868587158,-2.082951370869772,4.090188980102539,-0.08865650743246078,0.06564929336309433,-0.06613469868898392,-0.1472073197364807,0.15212498605251312,-0.6305203437805176,-0.3963586390018463,0.6421499848365784,-0.8672980666160583,0.06340861320495605,0.5214945673942566,-0.32974037528038025
1749033594.7827494,0.9068775773048401,-2.2112862072386683,1.5815265814410608,2.584655447597168,-2.0826919714557093,4.088959217071533,-0.0918172150850296,0.06616362929344177,-0.06542088091373444,-0.14584881067276,0.15232253074645996,-0.628826916217804,-0.334347128868103,0.6455996036529541,-0.8754885196685791,0.05546809732913971,0.5249872803688049,-0.40033501386642456
1749033594.7828183,0.9067049622535706,-2.211142202416891,1.581379238759176,2.584390326137207,-2.082392994557516,4.08768892288208,-0.08990543335676193,0.06728868186473846,-0.06655921787023544,-0.14605684578418732,0.15413053333759308,-0.6315624117851257,-0.3580130934715271,0.5857122540473938,-0.8766616582870483,0.04445498436689377,0.494634747505188,-0.33887332677841187
1749033594.782886,0.9065059423446655,-2.2109791241087855,1.581278149281637,2.5841027933308105,-2.0820468107806605,4.086409568786621,-0.09012126922607422,0.06846504658460617,-0.06551019102334976,-0.14670786261558533,0.1537158340215683,-0.6306145787239075,-0.37640008330345154,0.5951382517814636,-0.8751553297042847,0.05177126079797745,0.525726318359375,-0.32061320543289185
1749033594.7829537,0.9063224792480469,-2.210850854913229,1.581111256276266,2.5837909418293457,-2.0817468802081507,4.085200786590576,-0.0896482840180397,0.06580772995948792,-0.06354784220457077,-0.14590205252170563,0.15139949321746826,-0.6302776336669922,-0.33599668741226196,0.6292147636413574,-0.9144011735916138,0.05432729423046112,0.5150554180145264,-0.3604234457015991
1749033594.7830198,0.9062097072601318,-2.210714956323141,1.5809829870807093,2.5834991174885253,-2.0814436117755335,4.083873271942139,-0.08933412283658981,0.06645528227090836,-0.06460987776517868,-0.14615006744861603,0.15478156507015228,-0.6294329166412354,-0.36809295415878296,0.6023716926574707,-0.9096226096153259,0.04241792857646942,0.5324850082397461,-0.34293055534362793
1749033594.7830873,0.9059950709342957,-2.210625310937399,1.5808752218829554,2.583211584682129,-2.081144158040182,4.082667350769043,-0.08773515373468399,0.06720618158578873,-0.0656818225979805,-0.14351296424865723,0.1516726315021515,-0.6300749778747559,-0.38935840129852295,0.6105271577835083,-0.8897501230239868,0.03406526520848274,0.515032172203064,-0.34989115595817566
1749033594.7831542,0.9058038592338562,-2.210451742211813,1.5807655493365687,2.5829436021992187,-2.080837074910299,4.0814056396484375,-0.08775416761636734,0.06670302897691727,-0.06351003795862198,-0.1470586359500885,0.14920945465564728,-0.6276218891143799,-0.3759792447090149,0.602109432220459,-0.9240734577178955,0.047829415649175644,0.5375121831893921,-0.36320197582244873
1749033594.7832215,0.9056479334831238,-2.210292001763815,1.5806110540973108,2.582648439998291,-2.080533806477682,4.080132484436035,-0.08744972199201584,0.06662094593048096,-0.06476211547851562,-0.14472158253192902,0.15468217432498932,-0.6299071907997131,-0.3903048634529114,0.6246433854103088,-0.9153404235839844,0.053294647485017776,0.5090222954750061,-0.3163621723651886
1749033594.7832875,0.9054956436157227,-2.2101947269835414,1.5804861227618616,2.5823518472858886,-2.080233875905172,4.078908443450928,-0.08680983632802963,0.06728227436542511,-0.06456277519464493,-0.1438327580690384,0.15135140717029572,-0.6310586929321289,-0.4012438654899597,0.5987576246261597,-0.8989872932434082,0.02817258983850479,0.5206524729728699,-0.34446391463279724
1749033594.783355,0.9053474068641663,-2.210047861138815,1.5803692976581019,2.5820719438740234,-2.0799463430987757,4.077582836151123,-0.08938799053430557,0.06761244684457779,-0.06576929241418839,-0.1491602212190628,0.15275290608406067,-0.6332827210426331,-0.37453868985176086,0.6072884202003479,-0.9312949776649475,0.05840905010700226,0.5226410627365112,-0.31180503964424133
1749033594.7834218,0.9050982594490051,-2.2098776302733363,1.5801833311664026,2.5817453104206542,-2.079627815877096,4.076279640197754,-0.08766888082027435,0.06675316393375397,-0.06688456982374191,-0.1440858691930771,0.15476784110069275,-0.6346391439437866,-0.3896394670009613,0.5886978507041931,-0.9069942831993103,0.057061657309532166,0.5293810367584229,-0.29366207122802734
1749033594.7834876,0.9049655795097351,-2.209795137444967,1.5800588766681116,2.581477327937744,-2.079336945210592,4.075061798095703,-0.08863595128059387,0.06728483736515045,-0.06734761595726013,-0.1442614495754242,0.1545981913805008,-0.6300926804542542,-0.4095233678817749,0.620306134223938,-0.8840908408164978,0.028307966887950897,0.5151852369308472,-0.30213913321495056
1749033594.7835538,0.9048012495040894,-2.2096435032286585,1.5799267927752894,2.581157847041748,-2.0790537039386194,4.073813438415527,-0.08983054012060165,0.06581102311611176,-0.06743818521499634,-0.14463458955287933,0.1553964912891388,-0.6283264756202698,-0.3677082657814026,0.6338043808937073,-0.8870506882667542,0.041373997926712036,0.551967203617096,-0.32110390067100525
1749033594.78362,0.9045946002006531,-2.209477563897604,1.5798018614398401,2.580889864558838,-2.078714672719137,4.072558403015137,-0.0900634154677391,0.06595690548419952,-0.06724809110164642,-0.14600925147533417,0.15598446130752563,-0.625493049621582,-0.39316993951797485,0.6270843744277954,-0.9053212404251099,0.03668295964598656,0.5238804221153259,-0.3129347562789917
1749033594.7836876,0.9044184684753418,-2.209404607812399,1.5796507040606897,2.5806023317524414,-2.078388039265768,4.071322917938232,-0.0897524431347847,0.0645420029759407,-0.0673813670873642,-0.14628280699253082,0.15499967336654663,-0.6263017654418945,-0.3971013128757477,0.6031481027603149,-0.8992248177528381,0.03638178110122681,0.5157851576805115,-0.37437868118286133
1749033594.7837546,0.9042356014251709,-2.2092329464354457,1.5795343557940882,2.580298586482666,-2.0780394713031214,4.0700364112854,-0.08918600529432297,0.06374265253543854,-0.06714130192995071,-0.14695681631565094,0.1568453013896942,-0.6287471055984497,-0.3735167384147644,0.6464440822601318,-0.8926799297332764,0.03996219485998154,0.503207802772522,-0.30752652883529663
1749033594.783925,0.9040800929069519,-2.209108968774313,1.5793865362750452,2.5800339418598632,-2.0777624289142054,4.06877326965332,-0.08912203460931778,0.06481360644102097,-0.06692097336053848,-0.14732584357261658,0.15432433784008026,-0.6284414529800415,-0.3951864540576935,0.666111409664154,-0.9094598889350891,0.05195276439189911,0.5082280039787292,-0.3297313451766968
1749033594.7856817,0.9039190411567688,-2.2089654407896937,1.579254452382223,2.579707308406494,-2.0774977842914026,4.0675225257873535,-0.08975932747125626,0.06861114501953125,-0.06634508073329926,-0.1464860886335373,0.1550762951374054,-0.6274797916412354,-0.3476179242134094,0.5820643901824951,-0.9003431797027588,0.03872146084904671,0.5157519578933716,-0.3569584786891937
1749033594.8262787,0.9036892056465149,-2.2088219128050746,1.579095188771383,2.5794550615498046,-2.0771520773517054,4.066275119781494,-0.08927305787801743,0.06391842663288116,-0.06762662529945374,-0.1491868942975998,0.15308018028736115,-0.624229371547699,-0.3909061551094055,0.6378186345100403,-0.9058071970939636,0.03203529492020607,0.5278832316398621,-0.3295806050300598
1749033594.8263261,0.9035139679908752,-2.208681722680563,1.5789855162249964,2.5791589456745605,-2.076876942311422,4.065059185028076,-0.08938976377248764,0.06692159920930862,-0.06740081310272217,-0.14700032770633698,0.15259809792041779,-0.6238008737564087,-0.3831941783428192,0.6333888173103333,-0.8860703110694885,0.033960819244384766,0.5590980648994446,-0.39764028787612915
1749033594.8263671,0.903353214263916,-2.208564897576803,1.5788534323321741,2.5788399416157226,-2.076568905507223,4.063791751861572,-0.08864296972751617,0.06793579459190369,-0.0663965716958046,-0.1463765650987625,0.1537558138370514,-0.6311485171318054,-0.4074550271034241,0.5739299654960632,-0.9038771390914917,0.03851646929979324,0.5321176052093506,-0.3697967529296875
1749033594.826407,0.9031428694725037,-2.2084228001036585,1.5787022749530237,2.578504725093506,-2.0762813727008265,4.062460422515869,-0.09073576331138611,0.06613001227378845,-0.06586340814828873,-0.1499389111995697,0.15518690645694733,-0.6350494027137756,-0.34472861886024475,0.6084566712379456,-0.9180091023445129,0.051386043429374695,0.532306969165802,-0.28472900390625
1749033594.8264453,0.9029785990715027,-2.208294530908102,1.5785425345050257,2.5782529550739746,-2.0759204069720667,4.061244964599609,-0.08677221834659576,0.06596534699201584,-0.06937520205974579,-0.14871889352798462,0.15504497289657593,-0.6301656365394592,-0.36903831362724304,0.6051784157752991,-0.8686088919639587,0.06150425970554352,0.5351675152778625,-0.33731305599212646
1749033594.8264837,0.9028069972991943,-2.2081943951048792,1.5784490744220179,2.577937288875244,-2.0756400267230433,4.059951305389404,-0.09115872532129288,0.06593412160873413,-0.06630591303110123,-0.14851197600364685,0.15506501495838165,-0.6278355121612549,-0.3775023818016052,0.6126659512519836,-0.9088175892829895,0.05458207055926323,0.5424006581306458,-0.35356712341308594
1749033594.8265224,0.9026668667793274,-2.2079879246153773,1.5782788435565394,2.5776445108601074,-2.0753448645221155,4.058729648590088,-0.08761906623840332,0.06581059098243713,-0.06737112253904343,-0.1485886573791504,0.15564121305942535,-0.6264553070068359,-0.4030839800834656,0.6040909886360168,-0.8994417190551758,0.07511945068836212,0.5277330279350281,-0.3464885950088501
1749033594.8265727,0.9025107026100159,-2.2079373798766078,1.578165356312887,2.57734124242749,-2.0750234762774866,4.057511329650879,-0.08990167826414108,0.0688268393278122,-0.06794369220733643,-0.14583034813404083,0.1557699292898178,-0.6255998611450195,-0.37126415967941284,0.5685163736343384,-0.8981876969337463,0.06450861692428589,0.5103864669799805,-0.40175437927246094
1749033594.8266346,0.9022922515869141,-2.207770963708395,1.57802659669985,2.5770723062702636,-2.0747016111956995,4.056275844573975,-0.08974750339984894,0.06632404029369354,-0.06804428994655609,-0.14521805942058563,0.15479645133018494,-0.630702793598175,-0.38145992159843445,0.5775856375694275,-0.8760682344436646,0.0453350692987442,0.5185463428497314,-0.36376285552978516
1749033594.826699,0.9021086692810059,-2.2076150379576625,1.5778892675982874,2.576754255885742,-2.0743988196002405,4.054973602294922,-0.08895090222358704,0.06656139343976974,-0.06862981617450714,-0.14387887716293335,0.15700462460517883,-0.6328266859054565,-0.386383056640625,0.5905836224555969,-0.8553344011306763,0.03284643590450287,0.5154932141304016,-0.35028353333473206
1749033594.8267672,0.9019067287445068,-2.2074791393675746,1.5777609984027308,2.57648150503125,-2.0740559736834925,4.053682327270508,-0.09014471620321274,0.06943337619304657,-0.0688842236995697,-0.14563487470149994,0.15169310569763184,-0.6315526962280273,-0.3647148609161377,0.6036097407341003,-0.8819111585617065,0.02451936900615692,0.5242284536361694,-0.38275837898254395
1749033594.8268359,0.9017106890678406,-2.2073284588255824,1.5776131788836878,2.576202555293701,-2.07369834581484,4.052443981170654,-0.09009064733982086,0.06810347735881805,-0.06858430802822113,-0.14591558277606964,0.1515454649925232,-0.6322333216667175,-0.3488808870315552,0.5462298393249512,-0.8585648536682129,0.029584258794784546,0.5345098376274109,-0.33673256635665894
1749033594.8269048,0.9015458822250366,-2.2072507343687953,1.577472988759176,2.5759031015583496,-2.073465172444479,4.051209926605225,-0.09015827625989914,0.06600936502218246,-0.06884536892175674,-0.14941343665122986,0.15518032014369965,-0.630426824092865,-0.3668626546859741,0.5922164916992188,-0.854343056678772,0.033621273934841156,0.5117419958114624,-0.36904072761535645
1749033594.8269727,0.9013869166374207,-2.2070957622923792,1.5773099104510706,2.5756427484699707,-2.0731313864337366,4.049930572509766,-0.0899132490158081,0.06757320463657379,-0.06748942285776138,-0.14565064013004303,0.15254130959510803,-0.633787989616394,-0.361975759267807,0.5625080466270447,-0.8710505962371826,0.033796295523643494,0.5366572141647339,-0.3721938729286194
1749033594.8270395,0.9011996388435364,-2.206967969933981,1.577181641255514,2.575308008784912,-2.0728820005999964,4.048643589019775,-0.08888192474842072,0.0673634260892868,-0.06985922902822495,-0.14661376178264618,0.15489612519741058,-0.6345512270927429,-0.3695922791957855,0.5972944498062134,-0.8351005911827087,0.006856486201286316,0.534770131111145,-0.3139271140098572
1749033594.8271098,0.9010121822357178,-2.206820627252096,1.5770495573626917,2.5750161844440917,-2.0725606123553675,4.047397136688232,-0.09177587181329727,0.06714417785406113,-0.06705974042415619,-0.14952170848846436,0.1572437286376953,-0.6327290534973145,-0.3196147382259369,0.568239688873291,-0.8619630336761475,0.07463939487934113,0.5322907567024231,-0.3455692529678345
1749033594.827179,0.9008486866950989,-2.2066694698729457,1.5769136587726038,2.5747315126606445,-2.072268311177389,4.046075820922852,-0.08732829988002777,0.06622954457998276,-0.06649301201105118,-0.14690262079238892,0.15598933398723602,-0.6316483616828918,-0.3624086081981659,0.5915417671203613,-0.8611719608306885,0.029022276401519775,0.5353457927703857,-0.31118065118789673
1749033594.8272479,0.9006651639938354,-2.2065726719298304,1.5768006483661097,2.574443979854248,-2.071918789540426,4.044844150543213,-0.08935122936964035,0.06592915952205658,-0.06860260665416718,-0.14815323054790497,0.1587561070919037,-0.6285369396209717,-0.3862595558166504,0.6025791764259338,-0.8497187495231628,0.039638638496398926,0.5216180682182312,-0.3381344676017761
1749033594.8273168,0.9005082249641418,-2.2064529858031214,1.57666522661318,2.5741254526325683,-2.071638886128561,4.04359769821167,-0.08492176234722137,0.06574506312608719,-0.0659889355301857,-0.1475566029548645,0.1542784422636032,-0.6257176399230957,-0.3802890479564667,0.5916851758956909,-0.8534479141235352,0.028958946466445923,0.5340129137039185,-0.3776404857635498
1749033594.8273828,0.9003444910049438,-2.2063213787474574,1.576529328023092,2.573852701778076,-2.071315590535299,4.042342662811279,-0.08766680210828781,0.06526058167219162,-0.0668194368481636,-0.14734463393688202,0.1546577662229538,-0.628384530544281,-0.3856249749660492,0.604538083076477,-0.8777720928192139,0.0536111481487751,0.5427530407905579,-0.3274664282798767
1749033594.8279405,0.9001574516296387,-2.20617737392568,1.5764005819903772,2.573584719295166,-2.070989433919088,4.04107666015625,-0.08859293162822723,0.06553042680025101,-0.06716441363096237,-0.14567333459854126,0.1560172587633133,-0.6277651786804199,-0.3557380735874176,0.6346980333328247,-0.8693190217018127,0.012830786406993866,0.5183870792388916,-0.3421482741832733
1749033594.829773,0.8999983668327332,-2.206022401849264,1.5762413183795374,2.573277159328125,-2.070735756550924,4.03981876373291,-0.0886266902089119,0.06594464927911758,-0.06777781993150711,-0.14476288855075836,0.15282240509986877,-0.6275174021720886,-0.35447800159454346,0.6270319819450378,-0.8506362438201904,0.010011665523052216,0.5533818602561951,-0.3650892376899719
1749033594.8702822,0.8998258709907532,-2.20590939144277,1.5761092344867151,2.572974367732666,-2.070451084767477,4.03855562210083,-0.08882158994674683,0.06654741615056992,-0.06767429411411285,-0.1441471427679062,0.15348879992961884,-0.6269269585609436,-0.3563739061355591,0.5992187857627869,-0.8541147112846375,-0.0005125999450683594,0.5425984859466553,-0.32083913683891296
1749033594.8703294,0.8996118307113647,-2.2057587109007777,1.5759967009173792,2.5727059084125976,-2.0700977484332483,4.0373406410217285,-0.0886148139834404,0.0663909986615181,-0.06708268821239471,-0.14364950358867645,0.15370702743530273,-0.624517023563385,-0.37590810656547546,0.6065216064453125,-0.8501164317131042,-0.019024480134248734,0.5404518842697144,-0.3538675606250763
1749033594.8703778,0.8994703888893127,-2.2056547604002894,1.5758488813983362,2.572430296535156,-2.069810215626852,4.0360941886901855,-0.08827491104602814,0.06577104330062866,-0.06652594357728958,-0.14673057198524475,0.1536778211593628,-0.6263470649719238,-0.39676687121391296,0.6275078058242798,-0.8525921702384949,-0.018640872091054916,0.5695916414260864,-0.36277180910110474
1749033594.870429,0.8992840051651001,-2.20552982906484,1.5757163206683558,2.572126551265381,-2.0695460478412073,4.034796237945557,-0.0886889174580574,0.06720632314682007,-0.06606592237949371,-0.14547105133533478,0.15448638796806335,-0.6274451017379761,-0.41110342741012573,0.5996555089950562,-0.856389582157135,-0.0022849813103675842,0.5652883052825928,-0.33420446515083313
1749033594.8704684,0.8990455865859985,-2.205367227593893,1.5755723158465784,2.5718270975300292,-2.0691846052752894,4.033601760864258,-0.09026474505662918,0.06832342594861984,-0.06528554111719131,-0.14411182701587677,0.1558942198753357,-0.6282973885536194,-0.3436987102031708,0.6095525622367859,-0.8721146583557129,-0.028627529740333557,0.5641787052154541,-0.36879491806030273
1749033594.8705065,0.8988900780677795,-2.205266614953512,1.5754249731646937,2.5715347963520507,-2.0688889662372034,4.032291412353516,-0.08806260675191879,0.0655132308602333,-0.06523789465427399,-0.14977417886257172,0.15691883862018585,-0.6293501257896423,-0.3935726284980774,0.5849059820175171,-0.8726320862770081,-0.0057547688484191895,0.5593813061714172,-0.3263515830039978
1749033594.8705447,0.8987175822257996,-2.2051426372923792,1.5753048102008265,2.5712243753620605,-2.0685814062701624,4.031048774719238,-0.09145376086235046,0.06509692221879959,-0.06540286540985107,-0.14689087867736816,0.15712924301624298,-0.6278491020202637,-0.34227752685546875,0.6405322551727295,-0.865712583065033,-0.000174008309841156,0.5700312852859497,-0.36730319261550903
1749033594.870586,0.8985887169837952,-2.2050024471678675,1.5751732031451624,2.5709244447895507,-2.06826621690859,4.029784202575684,-0.0879887044429779,0.06828443706035614,-0.06520570814609528,-0.14950846135616302,0.1566212922334671,-0.6299175024032593,-0.3604225814342499,0.6121013164520264,-0.8722114562988281,0.033154815435409546,0.5484386086463928,-0.3887408375740051
1749033594.8706238,0.8983119130134583,-2.204862733880514,1.575047794972555,2.570605917567871,-2.0679433981524866,4.028496265411377,-0.08710680156946182,0.06861591339111328,-0.0650474801659584,-0.15070606768131256,0.1539832055568695,-0.6317943930625916,-0.36581292748451233,0.5914785861968994,-0.8777856230735779,0.017925716936588287,0.5611281394958496,-0.31727102398872375
1749033594.8706608,0.8981978297233582,-2.2047392330565394,1.574928108845846,2.5703369814106445,-2.067636791859762,4.027271747589111,-0.08860240876674652,0.06604921817779541,-0.06514415144920349,-0.1505812406539917,0.1581914871931076,-0.6315755248069763,-0.36633554100990295,0.6221914887428284,-0.8863891363143921,0.022454440593719482,0.5446352362632751,-0.3181384801864624
1749033594.8706973,0.8979923725128174,-2.204611440698141,1.5747526327716272,2.570084257716797,-2.0672901312457483,4.026045799255371,-0.0867244154214859,0.06750565022230148,-0.06723945587873459,-0.14945904910564423,0.15289266407489777,-0.6290518641471863,-0.3586980700492859,0.6006909012794495,-0.8540014028549194,0.01860746741294861,0.5494884848594666,-0.3303810656070709
1749033594.8707376,0.8978003859519958,-2.204463621179098,1.5746362845050257,2.5697337824055175,-2.0669944922076624,4.0248026847839355,-0.08595006167888641,0.06735030561685562,-0.06426232308149338,-0.1479702740907669,0.150654137134552,-0.6293787360191345,-0.3944200575351715,0.6049482226371765,-0.8775595426559448,-0.006526559591293335,0.5884755849838257,-0.3169446885585785
1749033594.8707752,0.8976487517356873,-2.2043243847289027,1.5745042006122034,2.5694572168537597,-2.0667350927936,4.023493766784668,-0.08588039129972458,0.06737201660871506,-0.06396929919719696,-0.14788834750652313,0.15399926900863647,-0.6267899870872498,-0.38641971349716187,0.5761802792549133,-0.887274444103241,-0.003859385848045349,0.5651979446411133,-0.36943522095680237
1749033594.8708124,0.897476077079773,-2.2041684589781703,1.5743840376483362,2.569145365352295,-2.0664284865008753,4.022258281707764,-0.08665180206298828,0.0674334317445755,-0.06735765188932419,-0.1502859890460968,0.15150512754917145,-0.6261729001998901,-0.3844497501850128,0.5726460218429565,-0.8659769296646118,0.019906627014279366,0.571708083152771,-0.36931464076042175
1749033594.8708491,0.8973089456558228,-2.204071661035055,1.5742676893817347,2.568826838130615,-2.0660985151873987,4.020954132080078,-0.08691909164190292,0.06728620082139969,-0.06400347501039505,-0.14836485683918,0.15322044491767883,-0.628074049949646,-0.3984406888484955,0.5930627584457397,-0.8889411687850952,0.015134476125240326,0.5878867506980896,-0.3414539694786072
1749033594.870889,0.8971415758132935,-2.2039433918394984,1.5741165320025843,2.56852309286084,-2.0658462683307093,4.019776821136475,-0.08821147680282593,0.06784045696258545,-0.06382656842470169,-0.1485878825187683,0.15492312610149384,-0.6276450753211975,-0.35391825437545776,0.585098922252655,-0.8766710758209229,0.013570994138717651,0.5857075452804565,-0.3496612012386322
1749033594.8709266,0.8969307541847229,-2.203819891015524,1.5739849249469202,2.5682307916828613,-2.0655205885516565,4.018445014953613,-0.08758415281772614,0.06693767011165619,-0.06370416283607483,-0.1498194932937622,0.15561619400978088,-0.629223108291626,-0.3837432861328125,0.5930257439613342,-0.8990190625190735,0.039555713534355164,0.5679416656494141,-0.3397858440876007
1749033594.870963,0.8967580795288086,-2.2036692104735316,1.5738957563983362,2.567943258876465,-2.0651748816119593,4.017192363739014,-0.0885264202952385,0.06831076741218567,-0.06433767080307007,-0.14580769836902618,0.15789982676506042,-0.6280900835990906,-0.3350043296813965,0.5842986106872559,-0.8930922746658325,0.02803044021129608,0.5698072910308838,-0.3428499102592468
1749033594.8709998,0.8965944647789001,-2.203518053094381,1.5737207571612757,2.5676209169575195,-2.064863983784811,4.015949249267578,-0.0859951376914978,0.06471961736679077,-0.0637555867433548,-0.14610104262828827,0.15966194868087769,-0.6283571720123291,-0.3646329939365387,0.6358686089515686,-0.895199179649353,0.025851279497146606,0.5330044031143188,-0.35330742597579956
1749033594.8710403,0.8964196443557739,-2.20339359859609,1.573603932057516,2.567359610194824,-2.0645692984210413,4.014651775360107,-0.0896468237042427,0.06560364365577698,-0.06407490372657776,-0.14623887836933136,0.15560057759284973,-0.6290803551673889,-0.3590153455734253,0.6329721212387085,-0.8958792090415955,0.0477118194103241,0.5537317395210266,-0.286937415599823
1749033594.871702,0.896228015422821,-2.2032538853087367,1.5734766165362757,2.567044420833252,-2.064206902180807,4.013354778289795,-0.08648283034563065,0.06911102682352066,-0.06462609767913818,-0.14503264427185059,0.15459229052066803,-0.6274867057800293,-0.3655512034893036,0.5915318131446838,-0.9079908728599548,0.027130335569381714,0.5773733258247375,-0.3125283122062683
1749033594.873675,0.8961108326911926,-2.2031332455077113,1.5733588377581995,2.5667688089558105,-2.0638883749591272,4.012134552001953,-0.08733700960874557,0.06592882424592972,-0.06600423157215118,-0.14512553811073303,0.15293537080287933,-0.6221553683280945,-0.373680055141449,0.6005699038505554,-0.9143068194389343,0.02908828854560852,0.5591530203819275,-0.3269006013870239
1749033594.9183023,0.8958742618560791,-2.2029859028258265,1.5731924215899866,2.566487951869629,-2.063549820576803,4.010908603668213,-0.08800168335437775,0.06741517037153244,-0.0657193586230278,-0.1440465897321701,0.15300410985946655,-0.6209561824798584,-0.3690853714942932,0.5975594520568848,-0.8970848917961121,0.01809704303741455,0.562531590461731,-0.30275672674179077
1749033594.9183483,0.8957290649414062,-2.2028542957701625,1.5730484167682093,2.566197081203125,-2.0632551352130335,4.009707927703857,-0.08743448555469513,0.06845660507678986,-0.06883159279823303,-0.14356176555156708,0.15201695263385773,-0.6185639500617981,-0.38581350445747375,0.5907719731330872,-0.8739139437675476,-0.005311734974384308,0.553081750869751,-0.3723004162311554
1749033594.9183888,0.8955373764038086,-2.202726026574606,1.572916332875387,2.565897150630615,-2.062998119984762,4.008423805236816,-0.087172731757164,0.06792164593935013,-0.06660570949316025,-0.14399832487106323,0.15075409412384033,-0.6223452091217041,-0.3779652416706085,0.5757468342781067,-0.8723081350326538,0.008492819964885712,0.5551766753196716,-0.3424370288848877
1749033594.9184296,0.8953818082809448,-2.202590127984518,1.5727689901935022,2.565621538753174,-2.0626800696002405,4.007176399230957,-0.08683202415704727,0.06741123646497726,-0.06585738062858582,-0.14110571146011353,0.15048791468143463,-0.6249131560325623,-0.38602179288864136,0.586081326007843,-0.8827003240585327,0.01196114718914032,0.5653354525566101,-0.29614949226379395
1749033594.918468,0.895226001739502,-2.20247807125234,1.5726783911334437,2.565326376552246,-2.0623472372638147,4.005926609039307,-0.08569886535406113,0.06788519769906998,-0.0688978061079979,-0.1457209438085556,0.15037225186824799,-0.6213569045066833,-0.3834218382835388,0.5651944875717163,-0.8570207953453064,-0.005517393350601196,0.563244104385376,-0.32963502407073975
1749033594.9185054,0.895226001739502,-2.20247807125234,1.5726783911334437,2.565326376552246,-2.0623472372638147,4.005926609039307,-0.08569886535406113,0.06788519769906998,-0.0688978061079979,-0.1457209438085556,0.15037225186824799,-0.6213569045066833,-0.3834218382835388,0.5651944875717163,-0.8570207953453064,-0.005517393350601196,0.563244104385376,-0.32963502407073975
1749033594.9185436,0.8950313329696655,-2.2023264370360316,1.5724924246417444,2.5650393205830078,-2.0620601812945765,4.004696369171143,-0.08974666148424149,0.06781229376792908,-0.06709204614162445,-0.14383754134178162,0.1499306708574295,-0.6220414042472839,-0.374805212020874,0.5841068625450134,-0.8504346609115601,-0.00860721617937088,0.5791246891021729,-0.36706793308258057
1749033594.9185808,0.8946796655654907,-2.2020627460875453,1.5722439924823206,2.564466639156006,-2.0614197889911097,4.00223445892334,-0.09107141941785812,0.06853216141462326,-0.06598930805921555,-0.14966534078121185,0.15310971438884735,-0.6243600249290466,-0.39209818840026855,0.5523157715797424,-0.8638321757316589,0.0005011558532714844,0.5616554021835327,-0.4120981991291046
1749033594.918618,0.8945116996765137,-2.2019382915892542,1.5721357504474085,2.5641743379780273,-2.0611475149737757,4.0009565353393555,-0.08766771107912064,0.06772001832723618,-0.06554649025201797,-0.14733976125717163,0.15308070182800293,-0.6278507709503174,-0.37359216809272766,0.5713558197021484,-0.8812543749809265,0.018719080835580826,0.556580662727356,-0.3638748824596405
1749033594.9186552,0.8943132758140564,-2.201815267602438,1.5719950834857386,2.5638367372700195,-2.060824696217672,3.9997129440307617,-0.08827704936265945,0.06810802966356277,-0.06513970345258713,-0.14789564907550812,0.15734784305095673,-0.6295889616012573,-0.39416325092315674,0.5949404835700989,-0.893395185470581,0.001504385843873024,0.5403922200202942,-0.36944180727005005
1749033594.9186926,0.8940977454185486,-2.2017060718932093,1.5718749205218714,2.5635439592548828,-2.0604756514178675,3.9984543323516846,-0.08847862482070923,0.06863435357809067,-0.06566983461380005,-0.14922094345092773,0.15432487428188324,-0.6297685503959656,-0.36865144968032837,0.5822238326072693,-0.8851116895675659,0.02304927259683609,0.5347167253494263,-0.39033043384552
1749033594.9187346,0.8939231634140015,-2.201527257958883,1.571711842213766,2.5632211404987792,-2.0602310339557093,3.997265100479126,-0.08729840070009232,0.06785405427217484,-0.06649018824100494,-0.15000437200069427,0.15088987350463867,-0.6280184984207153,-0.31784313917160034,0.5225632786750793,-0.8660292625427246,0.05798058956861496,0.5241066217422485,-0.2471630871295929
1749033594.9187727,0.8937421441078186,-2.201388498345846,1.5715797583209437,2.5629135805317382,-2.059912983571188,3.9959728717803955,-0.08468499779701233,0.06516069173812866,-0.06663770228624344,-0.14845290780067444,0.1523793637752533,-0.6199069619178772,-0.3462061882019043,0.5757548809051514,-0.8620606064796448,0.04403050243854523,0.5072397589683533,-0.29525113105773926
1749033594.91881,0.893583357334137,-2.2012840710081996,1.571463410054342,2.56264512121167,-2.0596373716937464,3.9947659969329834,-0.08345678448677063,0.06530400365591049,-0.06612244993448257,-0.1441742479801178,0.14590078592300415,-0.6170510649681091,-0.36786437034606934,0.5631859302520752,-0.8747551441192627,0.03101567178964615,0.5621182918548584,-0.33048921823501587
1749033594.9188473,0.8933987617492676,-2.201140066186422,1.5713194052325647,2.5623065668293457,-2.0593746344195765,3.993557929992676,-0.08470681309700012,0.06298546493053436,-0.0666862353682518,-0.1471857875585556,0.14488540589809418,-0.6138714551925659,-0.3681623339653015,0.6131060719490051,-0.8710135817527771,0.05817355588078499,0.5857303738594055,-0.29977670311927795
1749033594.9188838,0.8932583928108215,-2.2010160885252894,1.571183983479635,2.562026186580322,-2.059056584035055,3.992344617843628,-0.08535811305046082,0.06390615552663803,-0.06676553189754486,-0.14058271050453186,0.14767147600650787,-0.609822690486908,-0.3387879729270935,0.5900685787200928,-0.8518131971359253,0.042826779186725616,0.5717159509658813,-0.3418840169906616
1749033594.918921,0.8930452466011047,-2.2008611164488734,1.5710786024676722,2.5617386537739257,-2.0587356726275843,3.991098165512085,-0.08439986407756805,0.06708002835512161,-0.0660242959856987,-0.13867305219173431,0.15137143433094025,-0.6080539226531982,-0.3599853813648224,0.5420452356338501,-0.8337175846099854,0.04553413391113281,0.5544834136962891,-0.34488123655319214
1749033594.9189575,0.8928846716880798,-2.2007481060423792,1.5709665457354944,2.5614701944538574,-2.0584595839129847,3.989854097366333,-0.08384323120117188,0.06364765018224716,-0.0652243047952652,-0.14064781367778778,0.15201793611049652,-0.6073171496391296,-0.3831750750541687,0.5849652290344238,-0.859890341758728,0.055249884724617004,0.5328699350357056,-0.35415855050086975
1749033594.918994,0.8927454352378845,-2.2006637058653773,1.5708273092852991,2.561213179225586,-2.058140579854147,3.988694190979004,-0.08317918330430984,0.06569456309080124,-0.06405474245548248,-0.13757407665252686,0.1544295847415924,-0.6090906858444214,-0.42367976903915405,0.6427775621414185,-0.8625721335411072,0.038101762533187866,0.5586852431297302,-0.4678432047367096
1749033594.9190307,0.8925621509552002,-2.20047726253652,1.570695702229635,2.5609499651142578,-2.057779614125387,3.987436294555664,-0.08806100487709045,0.06895890086889267,-0.06402461230754852,-0.1383054256439209,0.15706057846546173,-0.6184249520301819,-0.3952719271183014,0.5670056939125061,-0.884943962097168,0.01935163140296936,0.5124226808547974,-0.3948497474193573
1749033594.9190671,0.8924412727355957,-2.200352808038229,1.570594612752096,2.56065480291333,-2.0575040022479456,3.986168622970581,-0.08501651138067245,0.0684640035033226,-0.06665617227554321,-0.13934092223644257,0.154825359582901,-0.6250215768814087,-0.4222724139690399,0.5546805262565613,-0.8461308479309082,0.005692712962627411,0.5208208560943604,-0.35557496547698975
1749033594.9191034,0.8921992182731628,-2.2002130947508753,1.5704434553729456,2.560410185451172,-2.0571497122394007,3.9849319458007812,-0.0886053591966629,0.0674300268292427,-0.06392049044370651,-0.14007799327373505,0.15556558966636658,-0.6261266469955444,-0.40725141763687134,0.5804967880249023,-0.8723254799842834,0.019283508881926537,0.4955723285675049,-0.36488986015319824
1749033594.9196744,0.892108678817749,-2.2000700436034144,1.5702679792987269,2.560119314784668,-2.0568349997149866,3.983672618865967,-0.08574333041906357,0.06687566637992859,-0.0640808716416359,-0.14079685509204865,0.15176786482334137,-0.6269016861915588,-0.36590176820755005,0.6043261289596558,-0.8745654225349426,-0.005960498005151749,0.49725568294525146,-0.3098572790622711
1749033594.9215803,0.8918913006782532,-2.2000004253783167,1.570167366658346,2.5598084169575195,-2.0565717856036585,3.9823617935180664,-0.0866195484995842,0.06651031225919724,-0.06771839410066605,-0.14110171794891357,0.15070103108882904,-0.6247409582138062,-0.3797715902328491,0.590190052986145,-0.8499324321746826,-0.00011359155178070068,0.4990389943122864,-0.3526204824447632
1749033594.962278,0.8916952013969421,-2.1998096905150355,1.5699990431415003,2.5595404344746093,-2.0562852064715784,3.981149196624756,-0.08807045221328735,0.06639978289604187,-0.0667579397559166,-0.1417248547077179,0.1503474861383438,-0.625880241394043,-0.3746117949485779,0.5764524936676025,-0.850939154624939,-0.028953075408935547,0.5391190052032471,-0.37981855869293213
1749033594.9623244,0.891489565372467,-2.199693819085592,1.569866959248678,2.5592567163654785,-2.0559781233416956,3.9798903465270996,-0.08761900663375854,0.06579586118459702,-0.06751228868961334,-0.14476938545703888,0.1514405608177185,-0.6292975544929504,-0.37033408880233765,0.6126672029495239,-0.8482409715652466,-0.002732805907726288,0.514220118522644,-0.3148178160190582
1749033594.9623656,0.891379714012146,-2.199526926080221,1.5697501341449183,2.5589334207722167,-2.0556705633746546,3.978626251220703,-0.0877186730504036,0.06932053714990616,-0.06872561573982239,-0.14847898483276367,0.1512174904346466,-0.6272071599960327,-0.37247568368911743,0.5688172578811646,-0.8477160930633545,0.014319665729999542,0.5199300050735474,-0.33553022146224976
1749033594.962406,0.8911113142967224,-2.199430128137106,1.5696137587176722,2.5586578088947753,-2.055321995412008,3.977414846420288,-0.08885594457387924,0.06595470011234283,-0.06862594187259674,-0.1495010256767273,0.1522217094898224,-0.62647545337677,-0.3739743232727051,0.5797437429428101,-0.8221567869186401,0.02465597540140152,0.5451546907424927,-0.34292227029800415
1749033594.962444,0.8909268975257874,-2.199273725549215,1.5694902578936976,2.558342142696045,-2.0550697485553187,3.976142406463623,-0.08900172263383865,0.06677506864070892,-0.0682198628783226,-0.1525966376066208,0.15271206200122833,-0.6275151968002319,-0.3530605733394623,0.580322802066803,-0.8318377733230591,0.04942908138036728,0.5240764021873474,-0.34778475761413574
1749033594.9624822,0.8907676935195923,-2.1991545162596644,1.5693581740008753,2.5580665308186035,-2.054751698170797,3.9748756885528564,-0.08926557749509811,0.06881905347108841,-0.06750557571649551,-0.15176308155059814,0.15205273032188416,-0.6260077953338623,-0.321775883436203,0.5552409887313843,-0.8375235795974731,0.06978102773427963,0.534163236618042,-0.40023073554039
1749033594.9625201,0.8906417489051819,-2.1990066967406214,1.569226090108053,2.5577360826679687,-2.05442458788027,3.973621129989624,-0.08752131462097168,0.06725908815860748,-0.06656792759895325,-0.14964811503887177,0.15351445972919464,-0.629165530204773,-0.38115954399108887,0.5644275546073914,-0.849441409111023,0.058075785636901855,0.5323386192321777,-0.39056217670440674
1749033594.962558,0.8904697299003601,-2.198862691918844,1.5690906683551233,2.55744378148999,-2.0540836493121546,3.9723379611968994,-0.0907544270157814,0.066865473985672,-0.06530548632144928,-0.15324653685092926,0.15516692399978638,-0.6319648623466492,-0.337572306394577,0.5830944180488586,-0.8736221194267273,0.053267404437065125,0.5008879899978638,-0.3406100869178772
1749033594.962596,0.8902287483215332,-2.198714872399801,1.5689547697650355,2.5571371751972656,-2.0537803808795374,3.9711124897003174,-0.08594026416540146,0.06800166517496109,-0.06675112247467041,-0.150255486369133,0.15450364351272583,-0.6315947771072388,-0.42072147130966187,0.5641869306564331,-0.8548465967178345,0.05537407472729683,0.5074529647827148,-0.4097695052623749
1749033594.962634,0.890099823474884,-2.1985637150206507,1.5688417593585413,2.556844397182129,-2.0534666220294397,3.9698288440704346,-0.08679431676864624,0.0674201175570488,-0.06347420066595078,-0.1501501351594925,0.15140534937381744,-0.6330946087837219,-0.40791791677474976,0.5802907943725586,-0.8946625590324402,0.055614933371543884,0.5344202518463135,-0.3558795154094696
1749033594.9626715,0.889923632144928,-2.198470731774801,1.5687058607684534,2.5565292078205566,-2.0531867186175745,3.9685375690460205,-0.08846068382263184,0.06810976564884186,-0.06366847455501556,-0.1494801640510559,0.15333494544029236,-0.6350637674331665,-0.36400654911994934,0.5650715827941895,-0.8900785446166992,0.06196357309818268,0.5298263430595398,-0.3823317885398865
1749033594.9627094,0.8897451162338257,-2.198326726953024,1.5685742537127894,2.5562335687824707,-2.0528882185565394,3.967280864715576,-0.08732209354639053,0.06666526198387146,-0.06862134486436844,-0.1481630802154541,0.15143905580043793,-0.6378755569458008,-0.40386319160461426,0.5816051363945007,-0.8744054436683655,0.03756535053253174,0.5002347230911255,-0.3724261224269867
1749033594.9627469,0.8895490765571594,-2.198186536828512,1.5684235731707972,2.5559026437946777,-2.0526321570025843,3.9660251140594482,-0.08802265673875809,0.0663430392742157,-0.06643779575824738,-0.14617197215557098,0.15015392005443573,-0.6393975019454956,-0.37804916501045227,0.5902807712554932,-0.8597069382667542,0.030755147337913513,0.540785551071167,-0.32653123140335083
1749033594.9627843,0.8893765211105347,-2.198000570336813,1.568282429371969,2.5556112962910156,-2.0522759596454065,3.9647057056427,-0.08837339282035828,0.06638190895318985,-0.06665749847888947,-0.14809924364089966,0.1517670750617981,-0.6359943151473999,-0.3694760799407959,0.5935820937156677,-0.8676868677139282,0.01549556851387024,0.5558978915214539,-0.3231344521045685
1749033594.9628217,0.8891952037811279,-2.19791903118276,1.5681422392474573,2.5553504663654785,-2.0520041624652308,3.9634902477264404,-0.08842355757951736,0.06558716297149658,-0.06752293556928635,-0.14534957706928253,0.1537557691335678,-0.6357263326644897,-0.3817940950393677,0.6009974479675293,-0.8603588342666626,0.04952041804790497,0.5494077801704407,-0.36694860458374023
1749033594.9628584,0.8890464901924133,-2.197786947289938,1.5680096785174769,2.555043860072754,-2.0517242590533655,3.9621591567993164,-0.08910549432039261,0.0659627765417099,-0.0675591304898262,-0.1446664035320282,0.15547947585582733,-0.6367233395576477,-0.37202686071395874,0.5995066165924072,-0.8733749389648438,0.016285553574562073,0.5275015234947205,-0.3521357476711273
1749033594.962896,0.8888516426086426,-2.197655340234274,1.5678780714618128,2.554759665126465,-2.0513671080218714,3.960887908935547,-0.08850505203008652,0.06627029925584793,-0.06740599125623703,-0.14895491302013397,0.15678523480892181,-0.6372815370559692,-0.3902099132537842,0.576921820640564,-0.8616418838500977,0.04245112091302872,0.5434005260467529,-0.3822287619113922
1749033594.9629335,0.8886874318122864,-2.1974884472289027,1.567749325429098,2.5544563966938476,-2.051044289265768,3.9596097469329834,-0.08867301791906357,0.06653658300638199,-0.06754352152347565,-0.14689598977565765,0.15751387178897858,-0.6378260850906372,-0.39474040269851685,0.5841667652130127,-0.8662919402122498,0.031219199299812317,0.5569183826446533,-0.32885152101516724
1749033594.9629698,0.888504683971405,-2.1973706684508265,1.5675790945636194,2.554196520442627,-2.050764862691061,3.9583451747894287,-0.08732312172651291,0.0652451142668724,-0.06723770499229431,-0.14579415321350098,0.1590433418750763,-0.6365006566047668,-0.40340548753738403,0.5768815875053406,-0.8595796823501587,0.030322670936584473,0.4855714738368988,-0.3209726810455322
1749033594.963007,0.8883475065231323,-2.197240491906637,1.5674579779254358,2.553912802333496,-2.0504353682147425,3.957084894180298,-0.09175043553113937,0.0673879086971283,-0.06667130440473557,-0.1452416330575943,0.1565854400396347,-0.6340703964233398,-0.3468022346496582,0.5712729692459106,-0.8619459867477417,0.003291010856628418,0.516283392906189,-0.36175233125686646
1749033594.9636729,0.8881611227989197,-2.197080751458639,1.5673378149615687,2.5536057192036132,-2.0501282850848597,3.955845832824707,-0.08846332877874374,0.06531514972448349,-0.06697961688041687,-0.14627857506275177,0.15957802534103394,-0.6348928809165955,-0.3870939612388611,0.565773069858551,-0.8662073612213135,0.03900286555290222,0.5075476765632629,-0.302158385515213
1749033594.965642,0.8879931569099426,-2.196960588494772,1.5671780745135706,2.5533062654682617,-2.049793545399801,3.9545443058013916,-0.08917949348688126,0.06508396565914154,-0.06675095111131668,-0.14809107780456543,0.15732835233211517,-0.6342716217041016,-0.39918890595436096,0.6089639067649841,-0.8675897717475891,0.022663338109850883,0.49183201789855957,-0.3512327969074249
1749033595.01031,0.8877902626991272,-2.1968709431090296,1.5670774618731897,2.5529910761066894,-2.049479309712545,3.953277111053467,-0.08667740225791931,0.06602884083986282,-0.06620510667562485,-0.14845089614391327,0.15648894011974335,-0.635542631149292,-0.3965403735637665,0.5836847424507141,-0.8585207462310791,0.024911031126976013,0.5146217942237854,-0.33957985043525696
1749033595.010356,0.8876174688339233,-2.19671167949819,1.5669072310077112,2.5527073579975585,-2.049187485371725,3.9519574642181396,-0.08765838295221329,0.06804946064949036,-0.0657411590218544,-0.1483847051858902,0.15578825771808624,-0.6356970071792603,-0.4048753082752228,0.545097291469574,-0.8677974939346313,0.03011968731880188,0.5197054743766785,-0.286502480506897
1749033595.010403,0.8874687552452087,-2.1965605221190394,1.566794220601217,2.552414579982422,-2.0488556067096155,3.950676202774048,-0.0877377837896347,0.06562068313360214,-0.06644047051668167,-0.15052875876426697,0.15615838766098022,-0.6317901015281677,-0.40245142579078674,0.5862413644790649,-0.8717461824417114,0.04831212759017944,0.5304857492446899,-0.30726587772369385
1749033595.0104475,0.8874687552452087,-2.1965605221190394,1.566794220601217,2.552414579982422,-2.0488556067096155,3.950676202774048,-0.0877377837896347,0.06562068313360214,-0.06644047051668167,-0.15052875876426697,0.15615838766098022,-0.6317901015281677,-0.40245142579078674,0.5862413644790649,-0.8717461824417114,0.04831212759017944,0.5304857492446899,-0.30726587772369385
1749033595.0104873,0.8870905637741089,-2.196296831170553,1.566545311604635,2.551827593440674,-2.048267666493551,3.9481921195983887,-0.0883755087852478,0.06793544441461563,-0.06535671651363373,-0.14944982528686523,0.15533101558685303,-0.626225471496582,-0.4179137945175171,0.5663934946060181,-0.8718901872634888,0.03749378025531769,0.5175431966781616,-0.34371113777160645
1749033595.0105274,0.8869195580482483,-2.1961595020689906,1.5664098898517054,2.551511450404785,-2.0479539076434534,3.94693660736084,-0.08797745406627655,0.06755799800157547,-0.06659817695617676,-0.14819128811359406,0.15652702748775482,-0.6275383830070496,-0.4001685678958893,0.554775595664978,-0.8856006860733032,0.053336165845394135,0.5043829083442688,-0.3492410480976105
1749033595.0105655,0.8867242932319641,-2.1960278950133265,1.566277805958883,2.5512215334125976,-2.0476701895343226,3.9456264972686768,-0.08999386429786682,0.06653162837028503,-0.06508087366819382,-0.15053725242614746,0.15555140376091003,-0.6307225227355957,-0.3624880015850067,0.5766990184783936,-0.8828485608100891,0.06234879791736603,0.5270270705223083,-0.3389914631843567
1749033595.010603,0.8865604996681213,-2.1958543262877406,1.5662081877337855,2.550934000606201,-2.0472896734820765,3.9443273544311523,-0.08960586041212082,0.06651890277862549,-0.0642559677362442,-0.14842601120471954,0.15882208943367004,-0.632017195224762,-0.39245277643203735,0.5910376906394958,-0.9024863839149475,0.03306077420711517,0.5207071304321289,-0.3545663356781006
1749033595.0106406,0.8863853216171265,-2.195732732812399,1.5660136381732386,2.550631209010742,-2.0469983259784144,3.9430887699127197,-0.0914761945605278,0.06674385070800781,-0.06665731966495514,-0.14648966491222382,0.1569320410490036,-0.6319429874420166,-0.3714461028575897,0.5909669399261475,-0.8933795094490051,0.02331748604774475,0.4985255002975464,-0.3295559883117676
1749033595.0106788,0.8862099051475525,-2.195655962029928,1.5659011046039026,2.5503708559223632,-2.0466836134540003,3.9418928623199463,-0.08665342628955841,0.06527659296989441,-0.06742081046104431,-0.15112261474132538,0.15494215488433838,-0.6273537874221802,-0.367664098739624,0.5267231464385986,-0.8574312925338745,0.05355074629187584,0.4784212112426758,-0.21316762268543243
1749033595.0107195,0.8860491514205933,-2.195493360558981,1.5657685438739222,2.5500785547443847,-2.046372715626852,3.9406278133392334,-0.08670627325773239,0.06316925585269928,-0.06548384577035904,-0.14436501264572144,0.15679427981376648,-0.6198247075080872,-0.42089781165122986,0.5869878530502319,-0.8940383791923523,0.044233471155166626,0.4846994876861572,-0.38301539421081543
1749033595.0107565,0.8858544826507568,-2.195399423638815,1.5656092802630823,2.5497447687336425,-2.046058956776754,3.9394214153289795,-0.08819904178380966,0.06443951278924942,-0.06587633490562439,-0.14490845799446106,0.15270480513572693,-0.6222608685493469,-0.39880260825157166,0.6262637972831726,-0.8942716121673584,0.017100736498832703,0.5168250203132629,-0.3868468999862671
1749033595.0107934,0.8856672048568726,-2.195233007470602,1.565458122883932,2.5494796472736816,-2.0457595030414026,3.9381744861602783,-0.09011080861091614,0.0685700848698616,-0.06667855381965637,-0.14452490210533142,0.1543254405260086,-0.6279422044754028,-0.38889381289482117,0.5556216239929199,-0.8771979808807373,0.002439528703689575,0.5248332023620605,-0.36160922050476074
1749033595.010854,0.8854941725730896,-2.195066114465231,1.565345589314596,2.549138231868408,-2.0455082098590296,3.9368844032287598,-0.0904068723320961,0.065518319606781,-0.06634422391653061,-0.14587317407131195,0.15574495494365692,-0.6263387203216553,-0.36638668179512024,0.5751761794090271,-0.8748387694358826,0.009118810296058655,0.5155832767486572,-0.36666521430015564
1749033595.0109007,0.885315477848053,-2.1949922047057093,1.565197769795553,2.5488802629658203,-2.0452283064471644,3.9356627464294434,-0.08977394551038742,0.06613658368587494,-0.0654979720711708,-0.15044325590133667,0.15674595534801483,-0.6278291344642639,-0.3763268291950226,0.60221928358078,-0.8947601318359375,0.023324206471443176,0.528661847114563,-0.369937002658844
1749033595.010939,0.8851674199104309,-2.1948725185790003,1.5650690237628382,2.5485736566730957,-2.044840637837545,3.9344120025634766,-0.08937818557024002,0.07060500234365463,-0.06547795981168747,-0.1500503122806549,0.15639063715934753,-0.6300172209739685,-0.3837735950946808,0.5398781299591064,-0.8922779560089111,0.05765768513083458,0.5281420946121216,-0.362221896648407
1749033595.0109768,0.8849652409553528,-2.194732805291647,1.5649336020099085,2.54826466619458,-2.044586960469381,3.9331750869750977,-0.09062796086072922,0.06643147766590118,-0.06604914367198944,-0.14820140600204468,0.15566954016685486,-0.6312311291694641,-0.3807609975337982,0.5542994737625122,-0.8972859978675842,0.02197917550802231,0.5239177942276001,-0.42020538449287415
1749033595.0110178,0.884820282459259,-2.194574018517965,1.564801041279928,2.5479461389729003,-2.044246021901266,3.931877613067627,-0.08826154470443726,0.06827713549137115,-0.06744711846113205,-0.15106824040412903,0.15475229918956757,-0.6371087431907654,-0.372507780790329,0.5314877033233643,-0.8728035688400269,0.03277238458395004,0.5095047354698181,-0.32359930872917175
1749033595.0110548,0.8846372365951538,-2.194437643090719,1.5646660963641565,2.547653837794922,-2.0439356009112757,3.9306204319000244,-0.08762063086032867,0.06656195223331451,-0.06555387377738953,-0.148732990026474,0.15868665277957916,-0.6370053291320801,-0.4021238684654236,0.5864105224609375,-0.9029462933540344,0.05190238356590271,0.4989372491836548,-0.3319137394428253
1749033595.0110917,0.8844959139823914,-2.1942903004088343,1.5645373503314417,2.547381563777588,-2.043648068104879,3.9293859004974365,-0.08861841261386871,0.06672888249158859,-0.06722424924373627,-0.14801788330078125,0.15391132235527039,-0.6339448690414429,-0.3745248019695282,0.5646820068359375,-0.8984619379043579,0.03475147485733032,0.5132102966308594,-0.3784882426261902
1749033595.011128,0.8842507004737854,-2.1941782436766566,1.564409081135885,2.547097368831299,-2.043267552052633,3.928107738494873,-0.08919069170951843,0.06721470504999161,-0.07044348120689392,-0.14898107945919037,0.1527322679758072,-0.6354342699050903,-0.4017775058746338,0.5513666272163391,-0.842544674873352,0.04589448869228363,0.536811351776123,-0.3483007550239563
1749033595.0111642,0.8840828537940979,-2.1940180263915003,1.5642765204059046,2.54683701574292,-2.0430219809161585,3.9268367290496826,-0.09018538892269135,0.06747535616159439,-0.06772938370704651,-0.15013642609119415,0.1553167998790741,-0.6332165002822876,-0.35772478580474854,0.5633646845817566,-0.873134970664978,0.042223960161209106,0.4997340440750122,-0.3645803928375244
1749033595.0116565,0.8839227557182312,-2.193914075891012,1.5641048590289515,2.546515627498291,-2.042657200490133,3.9255900382995605,-0.08763355016708374,0.06588862091302872,-0.06925074011087418,-0.14798112213611603,0.1530415117740631,-0.6371302604675293,-0.4366341233253479,0.586168110370636,-0.8483430743217468,0.04382343217730522,0.5425505638122559,-0.37913942337036133
1749033595.0136495,0.8837393522262573,-2.193789621392721,1.5639732519732874,2.5462190347858886,-2.0423548857318323,3.924288272857666,-0.09214941412210464,0.06624884903430939,-0.06971199065446854,-0.14670518040657043,0.15406379103660583,-0.6386616230010986,-0.38065287470817566,0.5829041600227356,-0.8381529450416565,0.037805646657943726,0.5273733735084534,-0.314559668302536
1749033595.058349,0.8834160566329956,-2.193510194818014,1.5637009779559534,2.545616789455078,-2.041765038167135,3.9217312335968018,-0.08990029245615005,0.06677741557359695,-0.06919059157371521,-0.1445256918668747,0.15530811250209808,-0.6370866894721985,-0.3835560083389282,0.5569239258766174,-0.8296169638633728,0.012896537780761719,0.5247550010681152,-0.3126976490020752
1749033595.0584102,0.8834160566329956,-2.193510194818014,1.5637009779559534,2.545616789455078,-2.041765038167135,3.9217312335968018,-0.08990029245615005,0.06677741557359695,-0.06919059157371521,-0.1445256918668747,0.15530811250209808,-0.6370866894721985,-0.3835560083389282,0.5569239258766174,-0.8296169638633728,0.012896537780761719,0.5247550010681152,-0.3126976490020752
1749033595.0584671,0.8832213282585144,-2.1934057674803675,1.5635688940631312,2.5453173357197265,-2.0415127913104456,3.920410394668579,-0.08968197554349899,0.06557324528694153,-0.06883040815591812,-0.14662176370620728,0.15510104596614838,-0.6341909766197205,-0.3892021179199219,0.5870916247367859,-0.8374267220497131,0.026507064700126648,0.5157366394996643,-0.3523178696632385
1749033595.0585086,0.8830140829086304,-2.1932550869383753,1.5634015242206019,2.54502455770459,-2.04114801088442,3.9191815853118896,-0.08998741209506989,0.06520052254199982,-0.06783478707075119,-0.14931344985961914,0.15519843995571136,-0.6318287253379822,-0.3821168541908264,0.5994351506233215,-0.8383246064186096,0.02847587876021862,0.5217356085777283,-0.373241662979126
1749033595.058548,0.8828725814819336,-2.1931144199767054,1.5632956663714808,2.5447370248981933,-2.0408571402179163,3.9179084300994873,-0.08961517363786697,0.06873608380556107,-0.06698910146951675,-0.14898905158042908,0.15496329963207245,-0.6338916420936584,-0.3858116865158081,0.536818265914917,-0.8328565955162048,0.0364132821559906,0.5118001103401184,-0.3060790002346039
1749033595.0585907,0.8826741576194763,-2.192963262597555,1.5631607214557093,2.5444647508808593,-2.0405615011798304,3.9166741371154785,-0.09059129655361176,0.06181308999657631,-0.0668129175901413,-0.14877672493457794,0.15529364347457886,-0.6306464672088623,-0.3363460898399353,0.6097500920295715,-0.8505926728248596,0.052208930253982544,0.5108517408370972,-0.315796822309494
1749033595.0586286,0.8825254440307617,-2.192839284936422,1.5630367437945765,2.544170542354248,-2.040212933217184,3.9153575897216797,-0.08783028274774551,0.06478400528430939,-0.06685534864664078,-0.1480177789926529,0.15429992973804474,-0.6269800066947937,-0.37947148084640503,0.6344825625419617,-0.8476212024688721,0.05405062437057495,0.5152356028556824,-0.3237982392311096
1749033595.0586667,0.882304310798645,-2.192707677880758,1.5629199186908167,2.5438520151325683,-2.0399754683123987,3.914137601852417,-0.0916689783334732,0.06714386492967606,-0.06630130112171173,-0.1423770636320114,0.15285277366638184,-0.6241135001182556,-0.3720199465751648,0.5819695591926575,-0.8501073718070984,0.00793294608592987,0.5163655281066895,-0.323010116815567
1749033595.0587037,0.882140040397644,-2.1926075420775355,1.5627954641925257,2.5435687738605957,-2.039607350026266,3.912912130355835,-0.0868048444390297,0.06541958451271057,-0.06680808961391449,-0.14240410923957825,0.15562652051448822,-0.6219246983528137,-0.41614171862602234,0.5431824326515198,-0.8435755372047424,0.009267963469028473,0.5281357765197754,-0.36666139960289
1749033595.0587404,0.8819679617881775,-2.1924945316710414,1.5626557509051722,2.5432721811481933,-2.039327923451559,3.91165828704834,-0.08864428102970123,0.06504037976264954,-0.06665545701980591,-0.14445868134498596,0.15332545340061188,-0.6243178844451904,-0.3990827798843384,0.5845375657081604,-0.8465394973754883,0.002040628343820572,0.5276926159858704,-0.3663131892681122
1749033595.0587776,0.8818234801292419,-2.1923395595946253,1.562524143849508,2.5430280405231933,-2.039060417805807,3.9103903770446777,-0.08866766840219498,0.0664120465517044,-0.06688317656517029,-0.1425381898880005,0.15405628085136414,-0.6250311732292175,-0.41232186555862427,0.5937319993972778,-0.8272866606712341,0.0069807954132556915,0.5332438945770264,-0.3198885917663574
1749033595.058814,0.8816488981246948,-2.1921917400755824,1.5623882452594202,2.5427328783222656,-2.038741413746969,3.9091334342956543,-0.08891675621271133,0.06680726259946823,-0.06720755994319916,-0.1438329964876175,0.15444478392601013,-0.6245788931846619,-0.4116692841053009,0.5868823528289795,-0.843855082988739,-0.011519499123096466,0.5341055989265442,-0.38064467906951904
1749033595.0588503,0.8814220428466797,-2.1921073398985804,1.5622637907611292,2.542433424586914,-2.0384114424334925,3.9079174995422363,-0.08950427174568176,0.0670282244682312,-0.06747010350227356,-0.14581610262393951,0.15491726994514465,-0.626329779624939,-0.40411871671676636,0.5900923013687134,-0.8384518623352051,-0.004751086235046387,0.5374882221221924,-0.34934002161026
1749033595.058887,0.8812391757965088,-2.1919285259642542,1.562103573475973,2.542123003596924,-2.0380852858172815,3.906679153442383,-0.09005087614059448,0.06763981282711029,-0.06827223300933838,-0.14427101612091064,0.15464121103286743,-0.6254802942276001,-0.3877180218696594,0.555102527141571,-0.8068894147872925,-0.0161096453666687,0.5372442603111267,-0.35894685983657837
1749033595.058924,0.8810710310935974,-2.1918050251402796,1.561983887349264,2.5418550211140136,-2.0377710501300257,3.90537428855896,-0.08979003131389618,0.06719076633453369,-0.06605090945959091,-0.14711657166481018,0.1550089418888092,-0.6268131732940674,-0.39011791348457336,0.5760976672172546,-0.850462019443512,-0.01837751269340515,0.5287570953369141,-0.38982316851615906
1749033595.0589647,0.8808608651161194,-2.1916643581786097,1.5618398825274866,2.541539354915283,-2.0374844709979456,3.9040844440460205,-0.09007559716701508,0.06750157475471497,-0.06586398929357529,-0.1478797197341919,0.15415214002132416,-0.6281235814094543,-0.39044201374053955,0.5664055943489075,-0.8538734316825867,0.0007089190185070038,0.5442389845848083,-0.33565860986709595
1749033595.0590022,0.880743682384491,-2.191517015496725,1.56171161333193,2.541243715877197,-2.037177387868063,3.902888298034668,-0.09027836471796036,0.06754070520401001,-0.06875738501548767,-0.14688217639923096,0.1596560776233673,-0.6282743811607361,-0.40831369161605835,0.5854842066764832,-0.8093829154968262,-0.005326371639966965,0.5129039287567139,-0.35764557123184204
1749033595.0590386,0.8805877566337585,-2.1914202175536097,1.5615876356707972,2.54094044744458,-2.0368545691119593,3.901607036590576,-0.09096731245517731,0.06816820055246353,-0.06524792313575745,-0.15262942016124725,0.15710560977458954,-0.6274685859680176,-0.3793337345123291,0.5533865094184875,-0.8321447372436523,0.03059285879135132,0.5081295371055603,-0.3566681146621704
1749033595.0590866,0.8803965449333191,-2.19128479580068,1.5614240805255335,2.540656729335449,-2.0365479628192347,3.9003660678863525,-0.09029769152402878,0.06452441215515137,-0.06581786274909973,-0.1508730798959732,0.1567743569612503,-0.6291936635971069,-0.38436591625213623,0.6002199649810791,-0.8614504933357239,0.026654332876205444,0.5242818593978882,-0.36318397521972656
1749033595.0591266,0.8802122473716736,-2.1911527119078578,1.5613234678851526,2.540360613460205,-2.0362094084369105,3.89913010597229,-0.08980711549520493,0.07032556086778641,-0.06658852100372314,-0.14842338860034943,0.15874232351779938,-0.6283464431762695,-0.3932708501815796,0.5610673427581787,-0.8444328904151917,0.023021206259727478,0.4880602955818176,-0.3955477774143219
1749033595.0591636,0.8800137639045715,-2.1910277805724085,1.5611723105060022,2.5400616365620117,-2.0358951727496546,3.8978686332702637,-0.09237907826900482,0.0667961910367012,-0.06595951318740845,-0.14714199304580688,0.1568320095539093,-0.629893958568573,-0.3444451093673706,0.561441957950592,-0.8370059132575989,0.019582584500312805,0.4758743345737457,-0.35605907440185547
1749033595.059201,0.8798337578773499,-2.1909152470030726,1.5610821882831019,2.539773626918457,-2.035600010548727,3.896622657775879,-0.08713599294424057,0.06581340730190277,-0.06595248728990555,-0.14616036415100098,0.15409541130065918,-0.6314752101898193,-0.3958195745944977,0.5896601676940918,-0.8403998017311096,0.0019041039049625397,0.4988393783569336,-0.32450374960899353
1749033595.059649,0.8796277642250061,-2.1907254658141078,1.5609272162066858,2.5394598680683593,-2.0353172461139124,3.8953256607055664,-0.08799172192811966,0.06802089512348175,-0.06501790881156921,-0.14473991096019745,0.1525251716375351,-0.6280895471572876,-0.4155641496181488,0.5716714859008789,-0.8579842448234558,0.00043877866119146347,0.5017855167388916,-0.34058821201324463
1749033595.0617433,0.8794711828231812,-2.1906162701048792,1.560808006917135,2.5391952234455566,-2.0350030104266565,3.894132375717163,-0.08813122659921646,0.06657560914754868,-0.06745466589927673,-0.14561595022678375,0.15140961110591888,-0.6290131211280823,-0.3615821599960327,0.5549885034561157,-0.8315300345420837,-0.018108300864696503,0.5127564668655396,-0.33633726835250854
1749033595.1066084,0.8792918920516968,-2.190500398675436,1.5606754461871546,2.5389301019855957,-2.03467303911318,3.8928511142730713,-0.0872068852186203,0.06585987657308578,-0.06493241339921951,-0.14510191977024078,0.15113210678100586,-0.6277956962585449,-0.3961939811706543,0.6110897064208984,-0.8556906580924988,0.00438331812620163,0.5401602387428284,-0.3353949189186096
1749033595.1066873,0.8791624307632446,-2.1903912029662074,1.5605557600604456,2.538588209743164,-2.034417454396383,3.891610622406006,-0.08860263973474503,0.0668625608086586,-0.06456039100885391,-0.14598840475082397,0.15202032029628754,-0.6295883655548096,-0.3772527575492859,0.5711084008216858,-0.8681226968765259,-0.01474793255329132,0.5220246315002441,-0.3682238459587097
1749033595.1067586,0.8789725303649902,-2.1902438602843226,1.5604389349566858,2.5383164125629882,-2.0341208616839808,3.890296220779419,-0.08893059939146042,0.06700459122657776,-0.0667482390999794,-0.1463320106267929,0.15335890650749207,-0.630196750164032,-0.39458853006362915,0.5870472192764282,-0.8530337810516357,-0.019332103431224823,0.5200318098068237,-0.2893790006637573
1749033595.1068313,0.8787878751754761,-2.1900774441161097,1.560291592274801,2.538001223201416,-2.0337494055377405,3.8890187740325928,-0.08867524564266205,0.0669674426317215,-0.0648193284869194,-0.1474044770002365,0.15302501618862152,-0.6299910545349121,-0.41233858466148376,0.5876403450965881,-0.8361619710922241,-0.004956159740686417,0.4982568919658661,-0.3252866268157959
1749033595.1069033,0.8786098957061768,-2.189941545526022,1.5601518789874476,2.5377136903950195,-2.0334494749652308,3.88774037361145,-0.08906973153352737,0.06754513829946518,-0.06402114778757095,-0.14654241502285004,0.15676391124725342,-0.6248453855514526,-0.3851895332336426,0.5803915858268738,-0.8863875269889832,-0.016167394816875458,0.5073857307434082,-0.3590906858444214
1749033595.1069791,0.8784490823745728,-2.189836641351217,1.5600388685809534,2.537409468288086,-2.03312331834902,3.8864967823028564,-0.08775021880865097,0.06809768080711365,-0.06490668654441833,-0.15129812061786652,0.15344317257404327,-0.6253340244293213,-0.3996402323246002,0.5549910068511963,-0.893300473690033,0.03016093373298645,0.5032414197921753,-0.3398143947124481
1749033595.1070468,0.8782776594161987,-2.1896568737425746,1.5599067846881312,2.537090464229248,-2.0327962080584925,3.8853256702423096,-0.0920754224061966,0.06689697504043579,-0.06539362668991089,-0.1468115746974945,0.14954042434692383,-0.6235794425010681,-0.39699143171310425,0.5900346636772156,-0.8669632077217102,-0.009746789932250977,0.5165071487426758,-0.38078948855400085
1749033595.1071162,0.8780983686447144,-2.1895457706847132,1.5597870985614222,2.536782904262207,-2.0325258413897913,3.8840794563293457,-0.0884380117058754,0.06863939017057419,-0.06584075838327408,-0.1458059698343277,0.15198902785778046,-0.6286358833312988,-0.4006064534187317,0.5756303668022156,-0.8611590266227722,-0.00804322212934494,0.5205401182174683,-0.35206741094589233
1749033595.1071808,0.8779031038284302,-2.189420839349264,1.5596516768084925,2.536491556758545,-2.0322068373309534,3.882758378982544,-0.08982288837432861,0.06781598925590515,-0.06610990315675735,-0.14757615327835083,0.14863400161266327,-0.6303069591522217,-0.3868368864059448,0.5494794845581055,-0.8763864040374756,0.024763628840446472,0.515670120716095,-0.27731937170028687
1749033595.10722,0.8777518272399902,-2.1892734966673792,1.5595267454730433,2.5362111765095214,-2.031877342854635,3.8815207481384277,-0.08941900730133057,0.06769757717847824,-0.06648481637239456,-0.14418108761310577,0.14905831217765808,-0.6245003938674927,-0.35910648107528687,0.5504562854766846,-0.8750930428504944,0.009217146784067154,0.5370516777038574,-0.3253536522388458
1749033595.1072576,0.8775440454483032,-2.1891190014281214,1.5593908468829554,2.535924120540283,-2.0315750280963343,3.880258798599243,-0.08960283547639847,0.06658577919006348,-0.06737073510885239,-0.143069788813591,0.14796501398086548,-0.623085618019104,-0.38520199060440063,0.589840292930603,-0.8461501002311707,-0.00812896341085434,0.5479446053504944,-0.35199469327926636
1749033595.1072948,0.8773564100265503,-2.1889993153014125,1.5592506567584437,2.5356523233601074,-2.031322781239645,3.879023551940918,-0.08944441378116608,0.07001588493585587,-0.06770643591880798,-0.14345842599868774,0.1481652557849884,-0.6213681697845459,-0.37924715876579285,0.5368486046791077,-0.8624773025512695,-0.009594559669494629,0.5543949007987976,-0.34081003069877625
1749033595.1073318,0.8771730661392212,-2.188862463037008,1.5590952078448694,2.5353571611591796,-2.0309885183917444,3.8777780532836914,-0.08998782932758331,0.06628205627202988,-0.06837265193462372,-0.14460279047489166,0.15064410865306854,-0.6219863295555115,-0.39381957054138184,0.5791482925415039,-0.8539458513259888,-0.018748149275779724,0.5741608738899231,-0.4259140193462372
1749033595.107369,0.8769782781600952,-2.188718458215231,1.5589864889727991,2.535046263332031,-2.030724827443258,3.876476764678955,-0.08938103169202805,0.06594676524400711,-0.06808217614889145,-0.14487728476524353,0.153034046292305,-0.6264845728874207,-0.37569063901901245,0.5889822244644165,-0.8258309364318848,-0.012612611055374146,0.5399973392486572,-0.32331597805023193
1749033595.1074064,0.8769782781600952,-2.188718458215231,1.5589864889727991,2.535046263332031,-2.030724827443258,3.876476764678955,-0.08938103169202805,0.06594676524400711,-0.06808217614889145,-0.14487728476524353,0.153034046292305,-0.6264845728874207,-0.37569063901901245,0.5889822244644165,-0.8258309364318848,-0.012612611055374146,0.5399973392486572,-0.32331597805023193
1749033595.107443,0.8768140077590942,-2.1885673008360804,1.5588234106646937,2.534773989314697,-2.030371967946188,3.875288724899292,-0.0894739106297493,0.06909314543008804,-0.06786758452653885,-0.15062002837657928,0.15664178133010864,-0.6281041502952576,-0.40077173709869385,0.558387815952301,-0.8493322134017944,-0.011741578578948975,0.5032569169998169,-0.3510285019874573
1749033595.1074803,0.8764239549636841,-2.188345571557516,1.5585935751544397,2.5341712671467285,-2.029714886342184,3.872755527496338,-0.0890268012881279,0.06612880527973175,-0.06639731675386429,-0.15029554069042206,0.1518050879240036,-0.6252257823944092,-0.4001785218715668,0.5821936130523682,-0.8597288727760315,0.011768769472837448,0.5472400188446045,-0.32405468821525574
1749033595.1075208,0.8762829303741455,-2.188167711297506,1.558439079915182,2.533874674434326,-2.029447380696432,3.8715410232543945,-0.08892369270324707,0.06485757976770401,-0.06605824083089828,-0.15489867329597473,0.15486858785152435,-0.6231199502944946,-0.3648870587348938,0.585777997970581,-0.8718646168708801,0.03270044922828674,0.5049396753311157,-0.3871932029724121
1749033595.1075587,0.8761268854141235,-2.188058992425436,1.5583260695086878,2.533587618465088,-2.0291441122638147,3.8702714443206787,-0.08890949189662933,0.0657392367720604,-0.06549068540334702,-0.14979931712150574,0.15161387622356415,-0.6290208697319031,-0.3901520073413849,0.5918305516242981,-0.8625271320343018,0.051651328802108765,0.5080004930496216,-0.36867502331733704
1749033595.1075964,0.8759477138519287,-2.18797030071401,1.5581749121295374,2.533282919520996,-2.028848950062887,3.8690333366394043,-0.08715318888425827,0.06582856178283691,-0.0652233362197876,-0.14770913124084473,0.15325644612312317,-0.6307664513587952,-0.3978334665298462,0.5816304683685303,-0.8857823014259338,0.027580156922340393,0.501296877861023,-0.3286343216896057
1749033595.1076326,0.8757451176643372,-2.1878262958922328,1.5580547491656702,2.532972975368164,-2.028511349354879,3.8677635192871094,-0.08942848443984985,0.06542450189590454,-0.06765937060117722,-0.14635582268238068,0.15220198035240173,-0.6274170279502869,-0.31279969215393066,0.5348487496376038,-0.8574631810188293,0.044585831463336945,0.47165900468826294,-0.27289822697639465
1749033595.1076689,0.8756124377250671,-2.1876713238158167,1.5579264799701136,2.5326687532612304,-2.028231922780172,3.866548776626587,-0.08491234481334686,0.0636664628982544,-0.06654011458158493,-0.14455004036426544,0.14974458515644073,-0.6199563145637512,-0.39363372325897217,0.5999644994735718,-0.8424046635627747,0.0513044148683548,0.49045494198799133,-0.264117032289505
1749033595.1077805,0.8753978610038757,-2.187547346154684,1.557810131703512,2.5323893266865234,-2.0279529730426233,3.8653173446655273,-0.0885082557797432,0.062004685401916504,-0.0651988610625267,-0.1441243290901184,0.1483374536037445,-0.6137025952339172,-0.35210779309272766,0.5837368965148926,-0.8616394400596619,0.03720705211162567,0.4976740777492523,-0.2862437069416046
1749033595.1096218,0.8752453923225403,-2.187411447564596,1.557662312184469,2.532120867366455,-2.0277002493487757,3.8641104698181152,-0.08555464446544647,0.06323493272066116,-0.06663362681865692,-0.14250563085079193,0.14780254662036896,-0.6104632616043091,-0.3959921598434448,0.6315207481384277,-0.8738945126533508,0.02591879665851593,0.5389490723609924,-0.4467906653881073
1749033595.1503174,0.8750742673873901,-2.187267919579977,1.5575459639178675,2.531806154842041,-2.027313534413473,3.8628602027893066,-0.0887729823589325,0.06608477234840393,-0.06852357089519501,-0.14247086644172668,0.15068039298057556,-0.6183367371559143,-0.3692866563796997,0.6212191581726074,-0.8247159719467163,0.010705135762691498,0.528496265411377,-0.408028244972229
1749033595.150364,0.8748993873596191,-2.187162538568014,1.557394806538717,2.531526728267334,-2.0270069281207483,3.8616297245025635,-0.08976158499717712,0.0662175714969635,-0.06713798642158508,-0.14377853274345398,0.15397293865680695,-0.6239568591117859,-0.3697579503059387,0.6147899031639099,-0.8487825393676758,0.028905749320983887,0.4985463619232178,-0.35136333107948303
1749033595.1504035,0.874692976474762,-2.187019487420553,1.5572541395770472,2.531207724208496,-2.0267232100116175,3.8603756427764893,-0.08867117762565613,0.06991685181856155,-0.06736613810062408,-0.14542558789253235,0.1534077376127243,-0.6269851922988892,-0.3957236409187317,0.5720540285110474,-0.8533918857574463,0.03264091908931732,0.5047526359558105,-0.3809454143047333
1749033595.1504421,0.8745748400688171,-2.1868959865965785,1.5571149031268519,2.5309392648884277,-2.026408020650045,3.8591017723083496,-0.08896937966346741,0.06570633500814438,-0.06793481856584549,-0.14544285833835602,0.1536891609430313,-0.630474328994751,-0.3716874122619629,0.5834066867828369,-0.845069169998169,0.027463551610708237,0.4955616295337677,-0.30783551931381226
1749033595.150481,0.874373197555542,-2.1867433987059535,1.5569866339312952,2.5306359964558105,-2.02610952058901,3.8578245639801025,-0.08680953830480576,0.06698015332221985,-0.06761999428272247,-0.15046286582946777,0.15413668751716614,-0.6263878345489502,-0.40031301975250244,0.5805196166038513,-0.8393855690956116,0.05302034318447113,0.45610371232032776,-0.3543701469898224
1749033595.1505184,0.8742121458053589,-2.1866117916502894,1.5568388144122522,2.5303284364887695,-2.0257557074176233,3.8565659523010254,-0.09096796065568924,0.06890006363391876,-0.06797966361045837,-0.14665654301643372,0.15011227130889893,-0.6274411678314209,-0.3713497519493103,0.5561767816543579,-0.8473689556121826,0.05033756047487259,0.5125601887702942,-0.3600294589996338
1749033595.1505616,0.8739878535270691,-2.1864639721312464,1.5567224661456507,2.530013247127197,-2.02543288866152,3.855299949645996,-0.08747370541095734,0.06581436097621918,-0.07004251331090927,-0.14482960104942322,0.1509513556957245,-0.6301876306533813,-0.3777807056903839,0.5435013175010681,-0.8165810108184814,0.05734740197658539,0.5140365362167358,-0.31176093220710754
1749033595.1506007,0.8738460540771484,-2.1863166294493617,1.5565789381610315,2.529729052180908,-2.0251620451556605,3.854074716567993,-0.08833674341440201,0.0661877766251564,-0.0679854229092598,-0.14921075105667114,0.14873605966567993,-0.6273373365402222,-0.3932974636554718,0.5700340270996094,-0.840480625629425,0.07526642829179764,0.5078815221786499,-0.3443391025066376
1749033595.1506388,0.8736852407455444,-2.186212202111715,1.5564077536212366,2.529425783748291,-2.0248563925372522,3.852804183959961,-0.08922439068555832,0.06721507757902145,-0.06815246492624283,-0.14436306059360504,0.14796887338161469,-0.6268595457077026,-0.3903854787349701,0.5476873517036438,-0.8397244215011597,0.05172053351998329,0.536763608455658,-0.3322094976902008
1749033595.1506808,0.8734525442123413,-2.186087747613424,1.5562942663775843,2.529181643123291,-2.024564568196432,3.851567268371582,-0.0894879624247551,0.06737112253904343,-0.07151782512664795,-0.143747478723526,0.14953315258026123,-0.6258919835090637,-0.3876554071903229,0.5682089328765869,-0.8012168407440186,0.058208078145980835,0.507636547088623,-0.34357088804244995
1749033595.15072,0.8733226656913757,-2.1859404049315394,1.556162182484762,2.5289060312458496,-2.0242813269244593,3.850360870361328,-0.08917611092329025,0.06722790002822876,-0.06782231479883194,-0.14250260591506958,0.15300153195858002,-0.6259555816650391,-0.3829197883605957,0.5801032781600952,-0.8097439408302307,0.04490449279546738,0.5138640403747559,-0.407314658164978
1749033595.1507578,0.873155951499939,-2.1857816181578578,1.5560267607318323,2.5286027628132324,-2.023916546498434,3.8490560054779053,-0.09018108993768692,0.06675484776496887,-0.06840444356203079,-0.14131112396717072,0.15373587608337402,-0.6284047961235046,-0.3876149654388428,0.5872132778167725,-0.8112308382987976,0.018701180815696716,0.502774715423584,-0.34316086769104004
1749033595.1507957,0.872958779335022,-2.1857077083983363,1.555901829396383,2.5283118921467285,-2.023625198994772,3.847829818725586,-0.08991467952728271,0.06612245738506317,-0.06794904917478561,-0.14133094251155853,0.15475529432296753,-0.631434440612793,-0.3661895990371704,0.5792258977890015,-0.815348207950592,-0.010750547051429749,0.4973941743373871,-0.33602064847946167
1749033595.1508336,0.8728039860725403,-2.1855722866454066,1.5557625929461878,2.528055353755615,-2.023322884236471,3.8465352058410645,-0.09004157781600952,0.06596580147743225,-0.06774671375751495,-0.14330582320690155,0.15513230860233307,-0.6299854516983032,-0.3643820285797119,0.5898417234420776,-0.8284897208213806,-0.000529557466506958,0.48346656560897827,-0.3501027524471283
1749033595.1508715,0.8726206421852112,-2.185420652429098,1.5556343237506312,2.527744932765625,-2.022984806691305,3.8453025817871094,-0.09004143625497818,0.06513377279043198,-0.06686905771493912,-0.14719898998737335,0.15115930140018463,-0.6289732456207275,-0.3819448947906494,0.5924724340438843,-0.8301160335540771,-0.009371168911457062,0.5172879099845886,-0.3269920349121094
1749033595.150909,0.8724254369735718,-2.185277124444479,1.5555103460894983,2.527468367213867,-2.0227206389056605,3.844027042388916,-0.08901433646678925,0.06532002985477448,-0.06694045662879944,-0.1500026434659958,0.1542661190032959,-0.6301288604736328,-0.39738455414772034,0.6183738708496094,-0.8316048979759216,0.01875941827893257,0.4915580749511719,-0.39569544792175293
1749033595.1509466,0.8722146153450012,-2.1851259670653285,1.555378262196676,2.52716509878125,-2.0224016348468226,3.8427772521972656,-0.08951783180236816,0.06628677248954773,-0.06735077500343323,-0.1495290845632553,0.1543543040752411,-0.6331104040145874,-0.38383275270462036,0.6062573194503784,-0.8427395820617676,0.031830623745918274,0.48562654852867126,-0.3578401207923889
1749033595.150984,0.8720734119415283,-2.1850134334959925,1.5552223364459437,2.526850386256836,-2.0221102873431605,3.8414838314056396,-0.0878520980477333,0.06549616158008575,-0.06681456416845322,-0.15268507599830627,0.15210649371147156,-0.634136438369751,-0.3734101355075836,0.6142334342002869,-0.8178309798240662,0.052440062165260315,0.487596720457077,-0.3457154631614685
1749033595.1510208,0.8718721866607666,-2.184873243371481,1.5551021734820765,2.5265542703815917,-2.0217960516559046,3.840245246887207,-0.08756045252084732,0.06709671765565872,-0.06688743829727173,-0.1499561071395874,0.15239253640174866,-0.6312724351882935,-0.41933268308639526,0.5887866616249084,-0.833772599697113,0.052429258823394775,0.5006688833236694,-0.36708003282546997
1749033595.1510575,0.8717311024665833,-2.184737821618551,1.5549581686602991,2.526242418880127,-2.021505657826559,3.8389954566955566,-0.09158649295568466,0.06905099004507065,-0.06715679913759232,-0.14812920987606049,0.15172019600868225,-0.632588803768158,-0.3845672607421875,0.569953441619873,-0.8451409935951233,0.035903289914131165,0.5204998254776001,-0.3537404239177704
1749033595.1522791,0.8715303540229797,-2.184605737725729,1.5548422972308558,2.525958700770996,-2.0212023893939417,3.837737560272217,-0.08839797973632812,0.06638897210359573,-0.06705537438392639,-0.14953409135341644,0.15178416669368744,-0.6341970562934875,-0.39222636818885803,0.5928765535354614,-0.83652263879776,0.05084405094385147,0.5187140703201294,-0.3692074716091156
1749033595.153623,0.8713394403457642,-2.1844736538329066,1.554711643849508,2.525643511409424,-2.0209010283099573,3.836385488510132,-0.08983510732650757,0.06662467122077942,-0.06701606512069702,-0.14964140951633453,0.15320877730846405,-0.6350974440574646,-0.3775767982006073,0.5837249159812927,-0.8340346217155457,0.06248275190591812,0.5343536734580994,-0.3622322380542755
1749033595.1942885,0.8711365461349487,-2.184326311151022,1.5546014944659632,2.525336905116699,-2.0205662886248987,3.8351638317108154,-0.08979252725839615,0.06894571334123611,-0.06670058518648148,-0.14992563426494598,0.15372547507286072,-0.6342180967330933,-0.33725789189338684,0.5654820203781128,-0.8478212356567383,0.06866315007209778,0.5324537754058838,-0.32420578598976135
1749033595.194336,0.8710002899169922,-2.184220930139059,1.5544269720660608,2.525064631099365,-2.0202911535846155,3.83390212059021,-0.08870351314544678,0.06509843468666077,-0.06654594838619232,-0.14792463183403015,0.15546347200870514,-0.6337206363677979,-0.3718562126159668,0.5818395018577576,-0.8349360227584839,0.07198654115200043,0.5156419277191162,-0.3341195285320282
1749033595.194378,0.8708137273788452,-2.1840697727599085,1.5543220678912562,2.5247842508503417,-2.0199459234820765,3.832613468170166,-0.08964536339044571,0.06673815101385117,-0.06638782471418381,-0.14789900183677673,0.1561979502439499,-0.6304889917373657,-0.36590903997421265,0.5732544660568237,-0.847426176071167,0.06429538875818253,0.5047505497932434,-0.3587324321269989
1749033595.194422,0.8706722855567932,-2.1839448414244593,1.5541747252093714,2.524446650142334,-2.019606892262594,3.831421375274658,-0.08871637284755707,0.0667053833603859,-0.06633006036281586,-0.14922642707824707,0.15594084560871124,-0.6325452923774719,-0.3848282992839813,0.5577715039253235,-0.8551546931266785,0.04391003027558327,0.49229735136032104,-0.31960469484329224
1749033595.1944604,0.8704738616943359,-2.1837979755797328,1.5540459791766565,2.5241662698933105,-2.0193350950824183,3.8301219940185547,-0.09149565547704697,0.06651709973812103,-0.06627441942691803,-0.14824947714805603,0.15720658004283905,-0.6321074366569519,-0.38664692640304565,0.5619790554046631,-0.853479266166687,0.06037833169102669,0.47606202960014343,-0.35080641508102417
1749033595.1945028,0.8702784776687622,-2.1836234531798304,1.5539291540728968,2.5238749223896484,-2.018982712422506,3.8288209438323975,-0.08811435848474503,0.0672861710190773,-0.06767312437295914,-0.15227556228637695,0.15585851669311523,-0.6338730454444885,-0.38743120431900024,0.5798402428627014,-0.8569262623786926,0.060798581689596176,0.4666084945201874,-0.34515440464019775
1749033595.1945422,0.8700994253158569,-2.18351473430776,1.553781811391012,2.523594542140625,-2.018698040639059,3.827589988708496,-0.08986146748065948,0.06732890754938126,-0.06727147102355957,-0.14926868677139282,0.1526208072900772,-0.6359367966651917,-0.3842201232910156,0.5536352396011353,-0.835536003112793,0.0838547796010971,0.5010493993759155,-0.3009745478630066
1749033595.1945794,0.8699505925178528,-2.1833392582335414,1.5536568800555628,2.5232760149189453,-2.0183609167682093,3.8262553215026855,-0.09092061221599579,0.06578078866004944,-0.06576264649629593,-0.14687718451023102,0.1568300724029541,-0.6315301656723022,-0.30053701996803284,0.5617373585700989,-0.8795785903930664,0.061481282114982605,0.4876185655593872,-0.3188539743423462
1749033595.1946168,0.8697788715362549,-2.183226247827047,1.5535057226764124,2.522991819972656,-2.0180700461017054,3.8250083923339844,-0.09005586057901382,0.06746795028448105,-0.06631530821323395,-0.15045277774333954,0.15349161624908447,-0.6292270421981812,-0.33171799778938293,0.5548231601715088,-0.8857755064964294,0.06118027865886688,0.46574634313583374,-0.29242199659347534
1749033595.1946537,0.8695359826087952,-2.183098455468649,1.553361717854635,2.522711916560791,-2.017817799245016,3.8237698078155518,-0.08999087661504745,0.0665031224489212,-0.06847739219665527,-0.1469298005104065,0.1541265994310379,-0.6259986162185669,-0.34450671076774597,0.5860117077827454,-0.8356702923774719,0.0795549601316452,0.5001449584960938,-0.3153897225856781
1749033595.194703,0.8693968057632446,-2.182982107202047,1.553248707448141,2.522400065059326,-2.017531220112936,3.8225317001342773,-0.08918742090463638,0.06750071793794632,-0.0650920420885086,-0.14506804943084717,0.15512068569660187,-0.6269401907920837,-0.37420329451560974,0.5778784155845642,-0.8811947107315063,0.0462300106883049,0.5060701966285706,-0.4052037298679352
1749033595.1947608,0.8691823482513428,-2.1828466854491175,1.5531013647662562,2.522108717555664,-2.0172203222857874,3.8212192058563232,-0.0898853987455368,0.06694289296865463,-0.06577195227146149,-0.1459614783525467,0.15530072152614594,-0.6304521560668945,-0.3573437035083771,0.5520780086517334,-0.8737530708312988,0.05649562552571297,0.4952855408191681,-0.3024479150772095
1749033595.1948009,0.8690332174301147,-2.1827265224852503,1.553000275288717,2.521824999446533,-2.01687461534609,3.819988965988159,-0.08975805342197418,0.06557141989469528,-0.06597146391868591,-0.1468553990125656,0.15438303351402283,-0.6299373507499695,-0.384915828704834,0.5839031338691711,-0.8667754530906677,0.06313729286193848,0.5181204676628113,-0.3286494016647339
1749033595.1948485,0.8688267469406128,-2.182571073571676,1.5528610388385218,2.521552725429199,-2.01658803621401,3.8186888694763184,-0.09038095921278,0.06657733023166656,-0.06561741232872009,-0.14756228029727936,0.15712520480155945,-0.6278707385063171,-0.3431125581264496,0.5858250260353088,-0.8695998787879944,0.04362824559211731,0.4843233525753021,-0.36065325140953064
1749033595.1948943,0.8686553239822388,-2.1824246845641078,1.5527289549456995,2.521265669459961,-2.016212288533346,3.8174335956573486,-0.09014485031366348,0.0684206411242485,-0.06559388339519501,-0.14883972704410553,0.15537193417549133,-0.6255897879600525,-0.3601353168487549,0.5486278533935547,-0.8912264108657837,0.06575621664524078,0.4851621985435486,-0.3085431456565857
1749033595.1949327,0.8684588074684143,-2.1823307476439417,1.5525897184955042,2.5209619241901855,-2.0159242788897913,3.8162143230438232,-0.08975384384393692,0.06597074866294861,-0.06667810678482056,-0.1462605893611908,0.15700575709342957,-0.6243232488632202,-0.31754976511001587,0.5863012671470642,-0.8675497770309448,0.06635832041501999,0.47704431414604187,-0.3653066158294678
1749033595.1949701,0.8682951927185059,-2.1821795902647914,1.5524728933917444,2.520643873805664,-2.015594784413473,3.8149945735931396,-0.08869718760251999,0.06660140305757523,-0.06461190432310104,-0.15043309330940247,0.15651270747184753,-0.6283286213874817,-0.3461053967475891,0.5728330612182617,-0.9001742601394653,0.06120957061648369,0.46101605892181396,-0.35957789421081543
1749033595.1950066,0.8681397438049316,-2.1820584736266078,1.552291218434469,2.5203592020222167,-2.015311066304342,3.8136746883392334,-0.08857466280460358,0.06659058481454849,-0.06597670167684555,-0.14644116163253784,0.15561960637569427,-0.6312021017074585,-0.33700448274612427,0.560947060585022,-0.8972139954566956,0.07012423127889633,0.46736401319503784,-0.3001644015312195
1749033595.1950433,0.8679754734039307,-2.1818725071349085,1.5521767775165003,2.5200788217731933,-2.015038792287008,3.8124442100524902,-0.08872982114553452,0.06736741960048676,-0.06971660256385803,-0.1457775980234146,0.1539725363254547,-0.6269469261169434,-0.36736011505126953,0.5788297653198242,-0.870638906955719,0.021669894456863403,0.49709007143974304,-0.4068981409072876
1749033595.1950834,0.8677651286125183,-2.181810518304342,1.5520289579974573,2.519768400783203,-2.0147016684161585,3.811185836791992,-0.08827593177556992,0.06832782179117203,-0.06688424199819565,-0.1513999104499817,0.15359723567962646,-0.6291478872299194,-0.3462935984134674,0.5523267388343811,-0.885330319404602,0.08623595535755157,0.4837809205055237,-0.3629108667373657
1749033595.1956763,0.8675699830055237,-2.181647916833395,1.5518935362445276,2.5194999414631347,-2.014395062123434,3.8099277019500732,-0.09199569374322891,0.06777551770210266,-0.06796309351921082,-0.1468580961227417,0.15248486399650574,-0.6294737458229065,-0.32809168100357056,0.5428728461265564,-0.8802129626274109,0.07003393769264221,0.5087871551513672,-0.35134023427963257
1749033595.1989112,0.8674144744873047,-2.1815549335875453,1.551753346120016,2.5192124086567382,-2.0141151587115687,3.808635950088501,-0.0885474681854248,0.0662485882639885,-0.06821456551551819,-0.14784899353981018,0.15298093855381012,-0.6279469728469849,-0.36430466175079346,0.5503215789794922,-0.861289918422699,0.0637599527835846,0.5204184055328369,-0.4130329489707947
1749033595.238304,0.867222785949707,-2.181392332116598,1.551605526600973,2.5189248758503417,-2.0138023535357874,3.8074393272399902,-0.09177519381046295,0.06826941668987274,-0.06684406101703644,-0.14649954438209534,0.15480253100395203,-0.6328172087669373,-0.34973952174186707,0.568286120891571,-0.870932400226593,0.07159047573804855,0.5183663368225098,-0.3443153500556946
1749033595.2383504,0.8670508861541748,-2.1812406979002894,1.5514805952655237,2.5186220842548828,-2.0134647528277796,3.806205987930298,-0.08869857341051102,0.06852436065673828,-0.06705999374389648,-0.14732882380485535,0.15580223500728607,-0.6345794796943665,-0.32508277893066406,0.5206253528594971,-0.8833783268928528,0.04415632411837578,0.5049508213996887,-0.33362826704978943
1749033595.2383916,0.8668398857116699,-2.1811629734435023,1.5513795057879847,2.5183378893085937,-2.01322585741152,3.8049216270446777,-0.08834482729434967,0.06709413975477219,-0.06661541759967804,-0.1469191014766693,0.15649628639221191,-0.6311320066452026,-0.32926398515701294,0.5494552254676819,-0.892353355884552,0.050855375826358795,0.5016058683395386,-0.3785494267940521
1749033595.2384315,0.866714596748352,-2.1810151539244593,1.5512045065509241,2.51799122869458,-2.012862030659811,3.8036692142486572,-0.08738189935684204,0.06679221242666245,-0.06764575839042664,-0.14983956515789032,0.15622468292713165,-0.6312455534934998,-0.35349658131599426,0.5569765567779541,-0.8791472911834717,0.04958838224411011,0.5002399682998657,-0.34992754459381104
1749033595.2384698,0.8665238618850708,-2.1808563671507777,1.5510690847979944,2.5177265840717773,-2.012512509022848,3.8024044036865234,-0.08765804022550583,0.06741754710674286,-0.06695912033319473,-0.1508031189441681,0.15486595034599304,-0.6309820413589478,-0.3568783402442932,0.5998553037643433,-0.8913484811782837,0.06090168654918671,0.5032905340194702,-0.38774701952934265
1749033595.2385137,0.8663172125816345,-2.180720945397848,1.550925079976217,2.5174080568500976,-2.0122388044940394,3.801116704940796,-0.08657708764076233,0.06623037159442902,-0.06676346063613892,-0.1516607254743576,0.15716996788978577,-0.6365767121315002,-0.33814024925231934,0.5581215023994446,-0.879051148891449,0.0888662189245224,0.48010435700416565,-0.34931373596191406
1749033595.2385535,0.8661646842956543,-2.1806045971312464,1.550758186970846,2.517080469722412,-2.0118935743915003,3.799848794937134,-0.08844903111457825,0.06870587170124054,-0.06730948388576508,-0.1541433185338974,0.15208803117275238,-0.6374300718307495,-0.3265001177787781,0.5494749546051025,-0.8833874464035034,0.08613977581262589,0.5181819200515747,-0.30844032764434814
1749033595.2385912,0.8659664392471313,-2.1804448566832484,1.550676170979635,2.516800566310547,-2.011602226887838,3.7985658645629883,-0.08637326210737228,0.06458383798599243,-0.06850903481245041,-0.14869433641433716,0.1499474048614502,-0.635057270526886,-0.36311453580856323,0.5960421562194824,-0.872774600982666,0.07179384678602219,0.5203332901000977,-0.33198896050453186
1749033595.2386286,0.8658103346824646,-2.180328985253805,1.5505321661578577,2.5164972978779296,-2.0112913290606897,3.7972776889801025,-0.0897635668516159,0.06462329626083374,-0.0686616450548172,-0.14633040130138397,0.1542038768529892,-0.6346001029014587,-0.3567710518836975,0.5958595275878906,-0.8646849393844604,0.07183560729026794,0.4958232045173645,-0.343902051448822
1749033595.2386656,0.865622341632843,-2.180205007592672,1.550384823475973,2.516209765071533,-2.0109809080706995,3.79601788520813,-0.08595781773328781,0.06765162944793701,-0.0690029114484787,-0.1499355584383011,0.15160708129405975,-0.6330922842025757,-0.3764159083366394,0.5697789788246155,-0.8647685050964355,0.0742999017238617,0.5049128532409668,-0.31966346502304077
1749033595.2387018,0.8654621839523315,-2.180045267144674,1.550256077443258,2.5159331995197753,-2.0107062498675745,3.7947471141815186,-0.08715886622667313,0.06475933641195297,-0.0693499892950058,-0.14626164734363556,0.15287429094314575,-0.6310044527053833,-0.363817036151886,0.5615697503089905,-0.8484207987785339,0.06885585933923721,0.5007596611976624,-0.373227059841156
1749033595.2387388,0.865282416343689,-2.179920812646383,1.5501239935504358,2.5156189638325195,-2.010383431111471,3.7934939861297607,-0.08824620395898819,0.06542748957872391,-0.06870032101869583,-0.14701136946678162,0.15451127290725708,-0.6344236135482788,-0.3466758131980896,0.6200701594352722,-0.8471196293830872,0.07281798124313354,0.5077394247055054,-0.32956093549728394
1749033595.2387753,0.8650839924812317,-2.1798039875426234,1.5499642531024378,2.515366240138672,-2.010108772908346,3.792222738265991,-0.08884035050868988,0.06688734889030457,-0.06915333867073059,-0.14795103669166565,0.15518777072429657,-0.6330450773239136,-0.3330373167991638,0.5872059464454651,-0.834403932094574,0.10192173719406128,0.5125519037246704,-0.3325789272785187
1749033595.238812,0.8649197816848755,-2.1796452007689417,1.5498445669757288,2.5150434213825683,-2.0097864309894007,3.7909977436065674,-0.0888337641954422,0.06648863106966019,-0.06767885386943817,-0.1479729562997818,0.1607532501220703,-0.631538450717926,-0.3179806172847748,0.5719054937362671,-0.8633944392204285,0.07014098763465881,0.4698643088340759,-0.3206818103790283
1749033595.2388482,0.8647715449333191,-2.179533620873922,1.5497039000140589,2.514803095454834,-2.009486977254049,3.7897424697875977,-0.08849861472845078,0.06648214161396027,-0.06961162388324738,-0.14733099937438965,0.15651649236679077,-0.6283786296844482,-0.33697593212127686,0.6050288081169128,-0.8301726579666138,0.04823802411556244,0.4945632219314575,-0.32714179158210754
1749033595.2388847,0.8645534515380859,-2.179420610467428,1.5495565573321741,2.5144845682331542,-2.0091374556170862,3.7884531021118164,-0.08747190237045288,0.06723206490278244,-0.06578554958105087,-0.1460505723953247,0.15526339411735535,-0.6257925033569336,-0.3256244361400604,0.5705581903457642,-0.8498055338859558,0.0553087443113327,0.47634631395339966,-0.38266560435295105
1749033595.2389212,0.8643824458122253,-2.179253717462057,1.5494397322284144,2.5141727167316894,-2.0088194052325647,3.78717303276062,-0.08676126599311829,0.06758439540863037,-0.0653042197227478,-0.14649702608585358,0.15727955102920532,-0.6269361972808838,-0.3384290337562561,0.5722420811653137,-0.8642417788505554,0.05182486027479172,0.4707130789756775,-0.3443309962749481
1749033595.2389576,0.8642222285270691,-2.1790906391539515,1.549307648335592,2.5139080721088867,-2.008570973073141,3.785928249359131,-0.08576463162899017,0.06704867631196976,-0.06735771149396896,-0.14953143894672394,0.1517055332660675,-0.6265946626663208,-0.366061806678772,0.5710017681121826,-0.855188250541687,0.05237610265612602,0.5013185143470764,-0.31839001178741455
1749033595.2389936,0.8640662431716919,-2.178981920281881,1.5491669813739222,2.5135857301899414,-2.0082414785968226,3.7847206592559814,-0.0862313061952591,0.06717608124017715,-0.0659768134355545,-0.14886057376861572,0.15210413932800293,-0.6262233257293701,-0.3715974986553192,0.562455415725708,-0.8486274480819702,0.0692252367734909,0.49734875559806824,-0.3526613116264343
1749033595.2390296,0.8638826012611389,-2.178873201409811,1.5490434805499476,2.51328627645459,-2.0079687277423304,3.783444404602051,-0.08693819493055344,0.07012806087732315,-0.06611515581607819,-0.14724095165729523,0.1524522304534912,-0.6259765028953552,-0.3673224449157715,0.5268700122833252,-0.8655794262886047,0.05557531118392944,0.5295955538749695,-0.35358762741088867
1749033595.239685,0.863703727722168,-2.1787220440306605,1.5488842169391077,2.51298634588208,-2.007624928151266,3.782224416732788,-0.08772012591362,0.06626266241073608,-0.06768541783094406,-0.15235362946987152,0.15206392109394073,-0.6254312992095947,-0.3555016815662384,0.5771008729934692,-0.8391123414039612,0.06776738166809082,0.5276826024055481,-0.3891175389289856
1749033595.241624,0.8635509014129639,-2.1786052189269007,1.5487397352801722,2.512683077449463,-2.0073536078082483,3.780949354171753,-0.09043728560209274,0.06696359068155289,-0.06867430359125137,-0.14668525755405426,0.15267691016197205,-0.6286200881004333,-0.3319985568523407,0.5507789254188538,-0.8259478211402893,0.0724286288022995,0.5284802913665771,-0.38363268971443176
1749033595.282283,0.863336443901062,-2.1784264049925746,1.5485923925982874,2.5123912531086425,-2.0070655981646937,3.779705047607422,-0.08663024753332138,0.06949951499700546,-0.06829828023910522,-0.1456797868013382,0.15346598625183105,-0.6299726366996765,-0.35982540249824524,0.5267589092254639,-0.8306465148925781,0.04458887130022049,0.5202738642692566,-0.3360557556152344
1749033595.2823331,0.8631489872932434,-2.178333421746725,1.5484793821917933,2.512103720302246,-2.0067628065692347,3.778437852859497,-0.08708594739437103,0.06589929014444351,-0.06707117706537247,-0.14476417005062103,0.15370742976665497,-0.6305631995201111,-0.3724287748336792,0.5487766265869141,-0.8417527079582214,0.05882174149155617,0.522181510925293,-0.33411848545074463
1749033595.2823777,0.8629811406135559,-2.178178449670309,1.5483315626727503,2.5118233400532226,-2.006413284932272,3.7771735191345215,-0.08834733814001083,0.06512635946273804,-0.06955190002918243,-0.14613792300224304,0.1560598462820053,-0.6280666589736938,-0.320290744304657,0.5710963010787964,-0.8240269422531128,0.06351812183856964,0.512090802192688,-0.33000150322914124
1749033595.282429,0.8627897500991821,-2.1780153713622035,1.5482185522662562,2.5115129190632324,-2.0060728232013147,3.7759337425231934,-0.08755140751600266,0.06522483378648758,-0.06442366540431976,-0.14549404382705688,0.1572854369878769,-0.6277866363525391,-0.34183377027511597,0.5835719704627991,-0.8353159427642822,0.06727888435125351,0.5179430842399597,-0.32104626297950745
1749033595.2824686,0.8626255989074707,-2.1779304943480433,1.5480435530291956,2.511225386256836,-2.0058119932757776,3.7747104167938232,-0.08930910378694534,0.0641273558139801,-0.06387905031442642,-0.14748960733413696,0.15609879791736603,-0.6260385513305664,-0.31772029399871826,0.6021721959114075,-0.8684291243553162,0.06387680768966675,0.5056875348091125,-0.3596874475479126
1749033595.282511,0.8624463677406311,-2.177781721154684,1.5479424635516565,2.510946436519287,-2.0054848829852503,3.7734270095825195,-0.0870780497789383,0.06457912921905518,-0.06777311861515045,-0.1463683396577835,0.15822911262512207,-0.6270390152931213,-0.3755122423171997,0.5992034673690796,-0.825029730796814,0.06286311149597168,0.4952571988105774,-0.37819772958755493
1749033595.2825499,0.8622312545776367,-2.1776277027525843,1.547779385243551,2.510693235988281,-2.0051944891559046,3.7721405029296875,-0.08762310445308685,0.06544233113527298,-0.06573769450187683,-0.1461210548877716,0.15443475544452667,-0.6299182772636414,-0.34927162528038025,0.6058482527732849,-0.8424018025398254,0.05193999409675598,0.5265875458717346,-0.3422091007232666
1749033595.2825868,0.8620884418487549,-2.177518983880514,1.5476558844195765,2.5103985506245117,-2.0048959890948694,3.7709507942199707,-0.08621921390295029,0.06493270397186279,-0.06552179902791977,-0.14356449246406555,0.15210731327533722,-0.628212571144104,-0.3486035466194153,0.5930621027946472,-0.8372761607170105,0.020392779260873795,0.5199986100196838,-0.35793888568878174
1749033595.2826278,0.8618896007537842,-2.1773864231505335,1.5475118795977991,2.5100838381000976,-2.004561249409811,3.7696163654327393,-0.08821918070316315,0.06513326615095139,-0.06578104197978973,-0.14671514928340912,0.15464837849140167,-0.629791796207428,-0.29658520221710205,0.6015515923500061,-0.8449065685272217,0.04516921192407608,0.5138667821884155,-0.30390915274620056
1749033595.2826664,0.8617563247680664,-2.1772552929320277,1.547391716633932,2.5098115640827636,-2.004235569630758,3.768449544906616,-0.08431606739759445,0.06491459906101227,-0.06559474766254425,-0.14290161430835724,0.1512967050075531,-0.6288249492645264,-0.372241735458374,0.5837520956993103,-0.8519531488418579,0.006471365690231323,0.5357963442802429,-0.32592588663101196
1749033595.2827063,0.8615759015083313,-2.177127023736471,1.5472477118121546,2.5095082956501464,-2.0039332548724573,3.767138719558716,-0.08809736371040344,0.06488559395074844,-0.06518114358186722,-0.14378520846366882,0.15274865925312042,-0.6292377710342407,-0.3443552553653717,0.6058604121208191,-0.8542131185531616,0.009931594133377075,0.5367231369018555,-0.3509577512741089
1749033595.2827694,0.8614246249198914,-2.176948209802145,1.547149960194723,2.5092126566120605,-2.0036729017840784,3.7658824920654297,-0.08421488851308823,0.06523369997739792,-0.06434795260429382,-0.14873507618904114,0.1545841246843338,-0.6295129656791687,-0.3597666323184967,0.58431077003479,-0.8590694665908813,0.04878982901573181,0.5273770689964294,-0.28831005096435547
1749033595.2828114,0.8612095713615417,-2.1768633327879847,1.5470183531390589,2.5089284616657714,-2.003402058278219,3.7645864486694336,-0.08563398569822311,0.06647476553916931,-0.06432800740003586,-0.1456548422574997,0.15588203072547913,-0.6279899477958679,-0.34820690751075745,0.5778865218162537,-0.8646724224090576,0.022208426147699356,0.5376574993133545,-0.3203239440917969
1749033595.282856,0.861046314239502,-2.1767074070372523,1.5468671957599085,2.5086251932331542,-2.0030534903155726,3.7633302211761475,-0.08670713752508163,0.06632957607507706,-0.06411014497280121,-0.1476624757051468,0.1557362675666809,-0.622718334197998,-0.35508427023887634,0.554707944393158,-0.8691922426223755,0.04936443269252777,0.5386860966682434,-0.3365030288696289
1749033595.2828991,0.8608636856079102,-2.1765786610045375,1.5467312971698206,2.508349581355713,-2.002758328114645,3.7620184421539307,-0.08762238919734955,0.06692596524953842,-0.06423693895339966,-0.14674349129199982,0.15866027772426605,-0.6215941309928894,-0.34430670738220215,0.5792790055274963,-0.8756370544433594,0.03899729251861572,0.5050751566886902,-0.31815582513809204
1749033595.2829375,0.8606909513473511,-2.1764241657652796,1.5466068426715296,2.508077784175537,-2.002389732991354,3.7608652114868164,-0.08794032782316208,0.06751207262277603,-0.06454180926084518,-0.14744950830936432,0.15488791465759277,-0.6204992532730103,-0.33420470356941223,0.5553572177886963,-0.853044331073761,0.022929400205612183,0.5277784466743469,-0.35056963562965393
1749033595.2829747,0.8604891300201416,-2.1763040028014125,1.546501938496725,2.5077783304401855,-2.0020864645587366,3.7595791816711426,-0.0877147912979126,0.06959710270166397,-0.06393838673830032,-0.14616599678993225,0.15538829565048218,-0.624605119228363,-0.3602748513221741,0.5435899496078491,-0.881068229675293,0.012913122773170471,0.5287386775016785,-0.35405248403549194
1749033595.2830114,0.8603636026382446,-2.1761604748167933,1.546335522328512,2.5074750620075683,-2.0018332640277308,3.758345365524292,-0.08744882047176361,0.06702043861150742,-0.06430164724588394,-0.14662325382232666,0.15571588277816772,-0.6278265118598938,-0.36913809180259705,0.5675241351127625,-0.8729838132858276,0.015641599893569946,0.508366584777832,-0.2904272675514221
1749033595.2830513,0.8601726293563843,-2.176021238366598,1.5462034384356897,2.5071794229694824,-2.0014494101153772,3.7570645809173584,-0.08740938454866409,0.06814909726381302,-0.0645325556397438,-0.14922995865345,0.15400341153144836,-0.6234810948371887,-0.3380558490753174,0.5293774604797363,-0.8731707334518433,0.016768641769886017,0.5094228982925415,-0.320671409368515
1749033595.2830892,0.8600009083747864,-2.1758843861021937,1.54608661333193,2.5068599420734863,-2.0011537710772913,3.755835771560669,-0.08742809295654297,0.07012468576431274,-0.06425350904464722,-0.1487400233745575,0.15372388064861298,-0.6221543550491333,-0.3246854841709137,0.5099775791168213,-0.8891083002090454,0.030495500192046165,0.5031484961509705,-0.3168896436691284
1749033595.2836514,0.8598181009292603,-2.1757871113219203,1.5459616819964808,2.5065485674091796,-2.0008323828326624,3.7545604705810547,-0.08691070228815079,0.06586857885122299,-0.0652666687965393,-0.14779265224933624,0.15170492231845856,-0.6192617416381836,-0.367593914270401,0.5536161065101624,-0.8779855966567993,0.01673787087202072,0.5081884264945984,-0.3384080231189728
1749033595.2856705,0.8595908284187317,-2.1756206951537074,1.5458415190326136,2.506256266231201,-2.000556770955221,3.7533621788024902,-0.08784663677215576,0.06760858744382858,-0.06584588438272476,-0.15149347484111786,0.15136459469795227,-0.6196697950363159,-0.33234527707099915,0.5518370270729065,-0.8621251583099365,0.045963361859321594,0.506859302520752,-0.38636383414268494
1749033595.3262906,0.8594692349433899,-2.175523897210592,1.5457289854632776,2.5059639650532226,-2.0002034346209925,3.752112627029419,-0.08703037351369858,0.0673956573009491,-0.06481693685054779,-0.14882905781269073,0.15207034349441528,-0.6230736374855042,-0.3612006604671478,0.5422334671020508,-0.8928545117378235,0.043598443269729614,0.5345025658607483,-0.35978493094444275
1749033595.3263526,0.8592670559883118,-2.175368925134176,1.5455625692950647,2.505645437831543,-1.99992543855776,3.75081729888916,-0.08808550238609314,0.06694081425666809,-0.06733901798725128,-0.14767850935459137,0.15186598896980286,-0.6254856586456299,-0.2925490438938141,0.5124662518501282,-0.8649148941040039,0.039473459124565125,0.5166557431221008,-0.3311545252799988
1749033595.3263958,0.8592670559883118,-2.175368925134176,1.5455625692950647,2.505645437831543,-1.99992543855776,3.75081729888916,-0.08808550238609314,0.06694081425666809,-0.06733901798725128,-0.14767850935459137,0.15186598896980286,-0.6254856586456299,-0.2925490438938141,0.5124662518501282,-0.8649148941040039,0.039473459124565125,0.5166557431221008,-0.3311545252799988
1749033595.3264346,0.85909104347229,-2.1752335033812464,1.5454261938678187,2.5053230959125976,-1.9996488730060022,3.7496047019958496,-0.08502883464097977,0.06696231663227081,-0.06526492536067963,-0.14837044477462769,0.1516682654619217,-0.6236974596977234,-0.36581557989120483,0.5443648099899292,-0.8713331818580627,0.035392582416534424,0.5181877613067627,-0.37911635637283325
1749033595.3264728,0.8587748408317566,-2.174999853173727,1.5451276938067835,2.5047589975544433,-1.9990208784686487,3.747103691101074,-0.0852336585521698,0.06654904037714005,-0.06843652576208115,-0.14764824509620667,0.15240591764450073,-0.6239092946052551,-0.3813404440879822,0.5415773987770081,-0.8459880948066711,0.0536738783121109,0.5107063055038452,-0.3943425416946411
1749033595.326511,0.8585644364356995,-2.174863954583639,1.544999901448385,2.5044748026081542,-1.9986985365497034,3.7458603382110596,-0.08644548803567886,0.06539814174175262,-0.06729210913181305,-0.14697740972042084,0.15414589643478394,-0.6302583813667297,-0.3645615875720978,0.5898986458778381,-0.8506821990013123,0.05660922825336456,0.5136398077011108,-0.37663760781288147
1749033595.3265488,0.8584277033805847,-2.1747518978514613,1.544858757649557,2.5041720110126953,-1.9983800093280237,3.7445812225341797,-0.08632665872573853,0.0669730082154274,-0.06669680774211884,-0.14536215364933014,0.1518273800611496,-0.6306146383285522,-0.3717058598995209,0.5518420338630676,-0.872774600982666,0.04152357578277588,0.49895551800727844,-0.3192788362503052
1749033595.3265867,0.8582376837730408,-2.1745931110777796,1.5447142759906214,2.503891630763672,-1.9981125036822718,3.74338436126709,-0.0866038128733635,0.06372211873531342,-0.06687694042921066,-0.1455993503332138,0.1482243537902832,-0.6284249424934387,-0.3840678930282593,0.6191285848617554,-0.8557223677635193,0.049763958901166916,0.5607349872589111,-0.405205637216568
1749033595.3266234,0.8580577969551086,-2.174430032769674,1.5446136633502405,2.503572626704834,-1.9978483358966272,3.7421019077301025,-0.0873013287782669,0.06571502238512039,-0.06792990863323212,-0.1448514759540558,0.15278391540050507,-0.630009114742279,-0.3549271523952484,0.5803794860839844,-0.8458678126335144,0.034631140530109406,0.5424748063087463,-0.3474254012107849
1749033595.3266604,0.8578405380249023,-2.174333234826559,1.5444696585284632,2.503253622645996,-1.9974654356585901,3.740879774093628,-0.08599861711263657,0.06876642256975174,-0.06599754095077515,-0.14400100708007812,0.15049594640731812,-0.630889356136322,-0.38173478841781616,0.5192278623580933,-0.8686226606369019,0.024356786161661148,0.5440750122070312,-0.34590327739715576
1749033595.326698,0.8577251434326172,-2.1742168865599574,1.5443380514727991,2.502998037929199,-1.9972170034991663,3.739577054977417,-0.08947806060314178,0.0642300695180893,-0.0654938593506813,-0.14716042578220367,0.15071360766887665,-0.6304129958152771,-0.3533497452735901,0.5753809213638306,-0.8706194758415222,0.04209025949239731,0.5478097796440125,-0.4119812846183777
1749033595.3267353,0.8575195074081421,-2.1740924320616664,1.5441902319537562,2.502678557033203,-1.9968565146075647,3.7383177280426025,-0.08750574290752411,0.06632909923791885,-0.06590528041124344,-0.14480651915073395,0.1530965268611908,-0.6360291838645935,-0.3922794461250305,0.5731355547904968,-0.86263507604599,0.0312877893447876,0.563976526260376,-0.33745139837265015
1749033595.3267725,0.8571790456771851,-2.173793455163473,1.5439417997943323,2.5021111208149414,-1.9962785879718226,3.735760450363159,-0.08779999613761902,0.06657186895608902,-0.06504610925912857,-0.14692817628383636,0.15457789599895477,-0.6369850039482117,-0.34201788902282715,0.5645965337753296,-0.8812772631645203,0.05593737214803696,0.5426433682441711,-0.32810428738594055
1749033595.3268094,0.8571790456771851,-2.173793455163473,1.5439417997943323,2.5021111208149414,-1.9962785879718226,3.735760450363159,-0.08779999613761902,0.06657186895608902,-0.06504610925912857,-0.14692817628383636,0.15457789599895477,-0.6369850039482117,-0.34201788902282715,0.5645965337753296,-0.8812772631645203,0.05593737214803696,0.5426433682441711,-0.32810428738594055
1749033595.3268461,0.8570205569267273,-2.17370142559194,1.543790642415182,2.5017801958271484,-1.9959529081927698,3.7344725131988525,-0.0875149741768837,0.06623765081167221,-0.06444764882326126,-0.14533193409442902,0.15742117166519165,-0.6323521733283997,-0.3638981878757477,0.585022509098053,-0.8871068954467773,0.04869706928730011,0.5322676301002502,-0.2972734570503235
1749033595.326883,0.8568599820137024,-2.173537870446676,1.5436580816852015,2.501523657436035,-1.995608154927389,3.7332375049591064,-0.0876486748456955,0.06636134535074234,-0.06747523695230484,-0.14550215005874634,0.16030453145503998,-0.6277782320976257,-0.35894522070884705,0.5982972979545593,-0.8611161708831787,0.024014323949813843,0.5031696557998657,-0.37457534670829773
1749033595.3269198,0.8566452264785767,-2.1734100780882777,1.5435140768634241,2.5012242037006835,-1.995289150868551,3.7320051193237305,-0.08694199472665787,0.06718987971544266,-0.06559750437736511,-0.14698129892349243,0.15768003463745117,-0.6297935843467712,-0.3606257140636444,0.5626130700111389,-0.8694518804550171,0.0446738675236702,0.48056161403656006,-0.3510064482688904
1749033595.3269563,0.856512725353241,-2.1732622585692347,1.5434015432940882,2.500931425685547,-1.99493915239443,3.7306911945343018,-0.08598773181438446,0.06750901788473129,-0.0660180002450943,-0.14740358293056488,0.1587807685136795,-0.6291577816009521,-0.39699631929397583,0.5610051155090332,-0.8683845400810242,0.061740532517433167,0.4626477360725403,-0.3121163845062256
1749033595.3269923,0.8562588691711426,-2.1731072864928187,1.5432418028460901,2.500624819392822,-1.9946478048907679,3.729464054107666,-0.08681458979845047,0.06737558543682098,-0.06702486425638199,-0.14647667109966278,0.15398363769054413,-0.6268391609191895,-0.3579825758934021,0.5647311806678772,-0.8492668271064758,0.07247737050056458,0.48398667573928833,-0.35433292388916016
1749033595.327029,0.8561381697654724,-2.1729985676207484,1.543140713368551,2.5003134447285156,-1.9943721930133265,3.72818660736084,-0.08647039532661438,0.06761076301336288,-0.06893117725849152,-0.147838294506073,0.1516752392053604,-0.6262086629867554,-0.3915470242500305,0.5572025179862976,-0.8375582098960876,0.05768106132745743,0.48490023612976074,-0.3262375593185425
1749033595.3276854,0.8559362292289734,-2.172842641870016,1.5429657141314905,2.5000297266193847,-1.9940841833697718,3.7269539833068848,-0.08787207305431366,0.06866682320833206,-0.06705538928508759,-0.14718548953533173,0.14974693953990936,-0.62454754114151,-0.3554714620113373,0.5314192771911621,-0.8395052552223206,0.09180688112974167,0.5210051536560059,-0.336683452129364
1749033595.32964,0.8558028936386108,-2.172722478906149,1.5428455511676233,2.4997383791157226,-1.9937785307513636,3.7257018089294434,-0.08787399530410767,0.06791847199201584,-0.06676049530506134,-0.14336740970611572,0.1504071056842804,-0.622698962688446,-0.34906530380249023,0.5463689565658569,-0.8506031632423401,0.053379807621240616,0.5119554400444031,-0.3729974329471588
1749033595.3702803,0.855623722076416,-2.172622343102926,1.542713467274801,2.4994236665913085,-1.9934490362750452,3.7244529724121094,-0.08794969320297241,0.06741711497306824,-0.06643930077552795,-0.14562678337097168,0.1504957675933838,-0.6250910758972168,-0.3755504786968231,0.548855185508728,-0.8409637808799744,0.050369083881378174,0.5199877619743347,-0.3425518572330475
1749033595.3703308,0.855424702167511,-2.172474523583883,1.5425851980792444,2.4991046625324707,-1.9931696097003382,3.7232141494750977,-0.0864863246679306,0.06674408912658691,-0.06599205732345581,-0.14401642978191376,0.15348483622074127,-0.6252199411392212,-0.37808293104171753,0.5640895366668701,-0.8360287547111511,0.08179762959480286,0.5221660137176514,-0.35460180044174194
1749033595.3703766,0.8552061319351196,-2.1723343334593714,1.542480770741598,2.4988433557697753,-1.9928444067584437,3.721994161605835,-0.08984487503767014,0.0655171126127243,-0.06559379398822784,-0.14214806258678436,0.1557254195213318,-0.6239339709281921,-0.34444138407707214,0.5681458115577698,-0.8551801443099976,0.04753653705120087,0.5100340247154236,-0.35377827286720276
1749033595.370417,0.855060875415802,-2.1721846065916957,1.5423367659198206,2.498556299800537,-1.9926226774798792,3.720696210861206,-0.08557641506195068,0.068630151450634,-0.0653533935546875,-0.1427290290594101,0.15535713732242584,-0.6236563920974731,-0.4047064483165741,0.5496723651885986,-0.8545958399772644,0.04741793870925903,0.472426176071167,-0.31964170932769775
1749033595.3704553,0.8549086451530457,-2.1720439396300257,1.5421856085406702,2.498236818904541,-1.992211643849508,3.7194957733154297,-0.08781774342060089,0.06476660817861557,-0.06541579961776733,-0.14346203207969666,0.15442566573619843,-0.6258175373077393,-0.3981468677520752,0.5798922777175903,-0.8566738367080688,0.050211358815431595,0.48683035373687744,-0.3913763761520386
1749033595.370493,0.8547101616859436,-2.1719399891295375,1.5420692602740687,2.4979683595844726,-1.991925064717428,3.7182130813598633,-0.08842477947473526,0.06571811437606812,-0.06612847745418549,-0.14424295723438263,0.15438438951969147,-0.6290444135665894,-0.3382379412651062,0.6058182716369629,-0.8550988435745239,0.07246498018503189,0.5094200372695923,-0.3824986219406128
1749033595.370531,0.8545304536819458,-2.1718183956541957,1.5419366995440882,2.497673197383545,-1.9915874640094202,3.7169411182403564,-0.08855082094669342,0.06887974590063095,-0.0663546547293663,-0.1448092758655548,0.15182127058506012,-0.6317257881164551,-0.38688358664512634,0.5534985065460205,-0.8575333952903748,0.06975793093442917,0.4996202290058136,-0.3260420262813568
1749033595.3705726,0.8543548583984375,-2.1716605625548304,1.5417893568622034,2.497389479274414,-1.991307560597555,3.7156636714935303,-0.08921568095684052,0.06672470271587372,-0.06763596832752228,-0.1433948278427124,0.14990855753421783,-0.6293165683746338,-0.3570210337638855,0.5201010704040527,-0.8326968550682068,0.06432617455720901,0.5113144516944885,-0.34641021490097046
1749033595.370611,0.8541832566261292,-2.1715389690794886,1.5416644255267542,2.4971257883259277,-1.9910014311419886,3.7144598960876465,-0.08757336437702179,0.06739242374897003,-0.06820449233055115,-0.14372791349887848,0.15388786792755127,-0.6293530464172363,-0.38713228702545166,0.5690244436264038,-0.8050863146781921,0.05218866467475891,0.4953259527683258,-0.3237448036670685
1749033595.3706484,0.8540124297142029,-2.1714235744872035,1.541497055684225,2.496837778682373,-1.9906991163836878,3.7131571769714355,-0.08734942972660065,0.06788302212953568,-0.06620866060256958,-0.14369530975818634,0.15214206278324127,-0.6274207830429077,-0.36083707213401794,0.5434921979904175,-0.8366461396217346,0.03259913995862007,0.4948674440383911,-0.3202047348022461
1749033595.3706853,0.8538205623626709,-2.171291490594381,1.5413568655597132,2.496565981502197,-1.9904192129718226,3.7119224071502686,-0.08735983073711395,0.06737755984067917,-0.0687904953956604,-0.14331641793251038,0.15181204676628113,-0.6271761059761047,-0.39231178164482117,0.5357245802879333,-0.8107967376708984,0.04063641279935837,0.5124503970146179,-0.3922581970691681
1749033595.3707223,0.8536797761917114,-2.1711627445616664,1.5412562529193323,2.4962588983723144,-1.9901092688189905,3.7106807231903076,-0.08611705154180527,0.06780204176902771,-0.06621265411376953,-0.14266809821128845,0.1540922224521637,-0.628323495388031,-0.39073312282562256,0.537400484085083,-0.8410608768463135,0.014570765197277069,0.4961584210395813,-0.34148499369621277
1749033595.3707592,0.853489100933075,-2.1709958515562953,1.5410965124713343,2.495989962215088,-1.9897635618792933,3.709441900253296,-0.08927063643932343,0.06842049211263657,-0.06589847058057785,-0.14851146936416626,0.15421020984649658,-0.630299985408783,-0.35089272260665894,0.5288085341453552,-0.8336912989616394,0.06873176991939545,0.4992220401763916,-0.3495927155017853
1749033595.3707952,0.8533370494842529,-2.170852323571676,1.5409768263446253,2.4956676202961425,-1.9894960562335413,3.7081735134124756,-0.08741991221904755,0.06700845062732697,-0.06779832392930984,-0.14663267135620117,0.15411746501922607,-0.6274992227554321,-0.3953036367893219,0.5427515506744385,-0.8207583427429199,0.03786438703536987,0.49322420358657837,-0.3614306151866913
1749033595.370836,0.8531697988510132,-2.1707011661925257,1.540832821522848,2.4953676897236328,-1.989185635243551,3.7068777084350586,-0.0912599116563797,0.06965139508247375,-0.06418635696172714,-0.14805932343006134,0.1544712483882904,-0.629059374332428,-0.35900789499282837,0.5247098803520203,-0.8259932994842529,0.045536525547504425,0.5040192008018494,-0.32776135206222534
1749033595.3708737,0.8529708981513977,-2.170619150201315,1.5407126585589808,2.4950834947773437,-1.9888528029071253,3.7056822776794434,-0.08835366368293762,0.0663938969373703,-0.0635358989238739,-0.15187659859657288,0.1549070179462433,-0.6293871998786926,-0.3522385060787201,0.5293694734573364,-0.8453294038772583,0.09276974946260452,0.48686400055885315,-0.36213740706443787
1749033595.3709097,0.8527916073799133,-2.1704913578429164,1.5405924955951136,2.494790716762207,-1.988537613545553,3.7044081687927246,-0.08871395885944366,0.06771393865346909,-0.06425002217292786,-0.14959187805652618,0.15521720051765442,-0.6317251920700073,-0.39882031083106995,0.5245190858840942,-0.8647531867027283,0.08853328227996826,0.47187501192092896,-0.33927515149116516
1749033595.37095,0.8525890707969666,-2.1703092060484828,1.5404532591449183,2.4944755274006347,-1.9882424513446253,3.703089475631714,-0.08888638019561768,0.06842821836471558,-0.06467115879058838,-0.15033121407032013,0.15250489115715027,-0.6338518261909485,-0.35453057289123535,0.5558234453201294,-0.8463068008422852,0.07304605096578598,0.48001155257225037,-0.2877233624458313
1749033595.3709872,0.8524672389030457,-2.1701890430846156,1.5403249899493616,2.49414507925,-1.9879372755633753,3.7018442153930664,-0.08829543739557266,0.06628556549549103,-0.06569040566682816,-0.14977732300758362,0.1538175344467163,-0.6291314959526062,-0.35508230328559875,0.5473366975784302,-0.8637300729751587,0.08712981641292572,0.5002936720848083,-0.3199096918106079
1749033595.3710237,0.8522647023200989,-2.1700450382628382,1.5401890913592737,2.493860884303711,-1.987664524708883,3.7005269527435303,-0.08951332420110703,0.06598805636167526,-0.06484819203615189,-0.14949631690979004,0.1527651846408844,-0.6270890235900879,-0.3379470109939575,0.553476095199585,-0.8359841704368591,0.08538989722728729,0.49193015694618225,-0.31009942293167114
1749033595.3716998,0.8522647023200989,-2.1700450382628382,1.5401890913592737,2.493860884303711,-1.987664524708883,3.7005269527435303,-0.08951332420110703,0.06598805636167526,-0.06484819203615189,-0.14949631690979004,0.1527651846408844,-0.6270890235900879,-0.3379470109939575,0.553476095199585,-0.8359841704368591,0.08538989722728729,0.49193015694618225,-0.31009942293167114
1749033595.3736494,0.851893961429596,-2.1698314152159632,1.539959732686178,2.493245764369629,-1.9870174566852015,3.698051691055298,-0.09068069607019424,0.0663684532046318,-0.06540718674659729,-0.14721228182315826,0.15187060832977295,-0.6243375539779663,-0.33751747012138367,0.5633277893066406,-0.8576627373695374,0.09058298915624619,0.5228296518325806,-0.36526939272880554
1749033595.4183114,0.8517678380012512,-2.1696530781187953,1.5397842566119593,2.4929682451435546,-1.986734692250387,3.696847915649414,-0.09022153913974762,0.06600306183099747,-0.06760255247354507,-0.14289982616901398,0.15238343179225922,-0.6268437504768372,-0.3537418842315674,0.5911226272583008,-0.814390242099762,0.05967133119702339,0.5328543186187744,-0.31284117698669434
1749033595.4183617,0.8515462875366211,-2.169551988641256,1.539668385182516,2.492689295406006,-1.98645526567568,3.695580005645752,-0.09018982946872711,0.06653092056512833,-0.06433773785829544,-0.14302177727222443,0.15424470603466034,-0.6271151304244995,-0.3555126190185547,0.5935860872268677,-0.8640895485877991,0.05772136151790619,0.5210539698600769,-0.3018789291381836
1749033595.418403,0.8513480424880981,-2.169432302514547,1.5395515600787562,2.4924327570148925,-1.9861186186419886,3.69433856010437,-0.0889182835817337,0.06588505953550339,-0.06429717689752579,-0.14754600822925568,0.15470172464847565,-0.6258512139320374,-0.41799038648605347,0.6147080659866333,-0.8676173686981201,0.08780959248542786,0.5351887941360474,-0.40911924839019775
1749033595.4184422,0.8511871099472046,-2.169300218621725,1.5394004026996058,2.4921185213276367,-1.9858186880694788,3.6930088996887207,-0.0917692482471466,0.06778944283723831,-0.0673689916729927,-0.14580707252025604,0.15721940994262695,-0.6274059414863586,-0.3508564829826355,0.5563130378723145,-0.8365132808685303,0.08539636433124542,0.4995184540748596,-0.3164125680923462
1749033595.4184806,0.8510264158248901,-2.1691342792906703,1.5392959753619593,2.4918386179157714,-1.9855120817767542,3.691807270050049,-0.08744722604751587,0.06698482483625412,-0.06432322412729263,-0.1452074497938156,0.15762710571289062,-0.6268627643585205,-0.39522960782051086,0.557796835899353,-0.8650605082511902,0.051499247550964355,0.5057496428489685,-0.3713592290878296
1749033595.4185221,0.850832462310791,-2.169021268884176,1.5391600767718714,2.4915658670612792,-1.9851792494403284,3.69054913520813,-0.08884207159280777,0.06620287895202637,-0.06468874216079712,-0.1439780294895172,0.15895172953605652,-0.6314911842346191,-0.40575432777404785,0.5600840449333191,-0.8867450952529907,0.04288080334663391,0.49886342883110046,-0.3435930609703064
1749033595.4185634,0.8506913781166077,-2.168889661828512,1.5390318075763147,2.4912749963947753,-1.9848602453814905,3.689283609390259,-0.08881884068250656,0.06580033898353577,-0.06518544256687164,-0.14416192471981049,0.15743935108184814,-0.633659839630127,-0.3636031150817871,0.581035852432251,-0.8798459768295288,0.02944408729672432,0.47218501567840576,-0.3208255171775818
1749033595.4186008,0.8504650592803955,-2.168769498864645,1.5388839880572718,2.4909559923359375,-1.9845259825335901,3.6880109310150146,-0.08955371379852295,0.0664670467376709,-0.06510698050260544,-0.145482137799263,0.15467840433120728,-0.628811776638031,-0.3968545198440552,0.5645878314971924,-0.8848219513893127,0.049109287559986115,0.48980385065078735,-0.3576863408088684
1749033595.418639,0.850297212600708,-2.1685906849303187,1.5387643019305628,2.490706606502197,-1.984227482472555,3.6867871284484863,-0.09086114168167114,0.06652737408876419,-0.06579913944005966,-0.14635524153709412,0.15854765474796295,-0.6287329196929932,-0.3583467900753021,0.5606586337089539,-0.8829253315925598,0.045658327639102936,0.4514821171760559,-0.35981351137161255
1749033595.418676,0.8501484394073486,-2.1684705219664515,1.5386088530169886,2.490356131190918,-1.9839237372027796,3.6855204105377197,-0.08885712921619415,0.06699435412883759,-0.0653269961476326,-0.14743538200855255,0.1534486562013626,-0.6280531287193298,-0.36541980504989624,0.5605740547180176,-0.8682810068130493,0.06954683363437653,0.47162118554115295,-0.35169631242752075
1749033595.418713,0.8499072790145874,-2.1683532200255335,1.5385072867022913,2.4900447565266113,-1.9835861364947718,3.6842992305755615,-0.08886133134365082,0.0663408637046814,-0.06631247699260712,-0.14938953518867493,0.1536533683538437,-0.6272522807121277,-0.3988691568374634,0.570488691329956,-0.8690994381904602,0.06955767422914505,0.454043984413147,-0.4060963988304138
1749033595.4187493,0.8497463464736938,-2.1681863270201625,1.5383599440204065,2.489748640651367,-1.9833267370807093,3.6830177307128906,-0.08953981101512909,0.06688978523015976,-0.06733561307191849,-0.1480526477098465,0.15443038940429688,-0.6324400305747986,-0.38142508268356323,0.5546117424964905,-0.875934898853302,0.07858377695083618,0.47435808181762695,-0.34175050258636475
1749033595.4187856,0.8496167063713074,-2.1680618725218714,1.538208309804098,2.4894491869160156,-1.9830096403705042,3.6817708015441895,-0.09039648622274399,0.06855607777833939,-0.06789955496788025,-0.1479000747203827,0.15516062080860138,-0.6346158981323242,-0.3819423019886017,0.564450204372406,-0.8394109010696411,0.06868097186088562,0.5041286945343018,-0.34410345554351807
1749033595.4188218,0.8494070172309875,-2.1679069004454554,1.5380800406085413,2.4891511636921386,-1.9826949278460901,3.6805052757263184,-0.09134606271982193,0.06814881414175034,-0.06779235601425171,-0.14745301008224487,0.1533713936805725,-0.6316112279891968,-0.37373632192611694,0.5290128588676453,-0.8410876989364624,0.08504128456115723,0.49424564838409424,-0.3567062020301819
1749033595.4188578,0.8492434024810791,-2.1677547893919886,1.5379517714129847,2.4888602930256347,-1.9824274222003382,3.67919659614563,-0.08901435881853104,0.06605180352926254,-0.06779304146766663,-0.14918869733810425,0.1530253142118454,-0.6312992572784424,-0.3749387264251709,0.5569167137145996,-0.8516480922698975,0.09420350939035416,0.4966520369052887,-0.36489880084991455
1749033595.4188979,0.84907066822052,-2.1676694355406703,1.5378387610064905,2.4885737138935546,-1.9821017424212855,3.678020477294922,-0.08873507380485535,0.06734617054462433,-0.06687097251415253,-0.1464225947856903,0.153346449136734,-0.6298466920852661,-0.3806943893432617,0.5712935328483582,-0.8571609854698181,0.07742966711521149,0.5124622583389282,-0.4080066978931427
1749033595.4189465,0.8488981127738953,-2.1675273380675257,1.5377305189715784,2.48828570425,-1.9818032423602503,3.676738977432251,-0.09151783585548401,0.06887621432542801,-0.06562716513872147,-0.14604590833187103,0.15842358767986298,-0.635789155960083,-0.35148894786834717,0.5371869206428528,-0.8712563514709473,0.07021933048963547,0.47778522968292236,-0.37012892961502075
1749033595.4190016,0.8487075567245483,-2.167386671105856,1.5375707785235804,2.4879862505146484,-1.9815152327166956,3.6754512786865234,-0.08812522888183594,0.06510291248559952,-0.06520231813192368,-0.14980843663215637,0.15566308796405792,-0.6371763348579407,-0.3871455788612366,0.5614542961120605,-0.8776444792747498,0.11778157204389572,0.4792362153530121,-0.3017297387123108
1749033595.419041,0.8485318422317505,-2.167278905908102,1.5374434630023401,2.4877258974262695,-1.9811585585223597,3.67421817779541,-0.08811188489198685,0.06577909737825394,-0.06513393670320511,-0.14541123807430267,0.15378183126449585,-0.6352719068527222,-0.39794671535491943,0.5674527883529663,-0.8787418603897095,0.07225513458251953,0.49952036142349243,-0.35959553718566895
1749033595.419078,0.8483920097351074,-2.167126794854635,1.5373066107379358,2.487441225642822,-1.9808562437640589,3.672929286956787,-0.08864431083202362,0.0668518915772438,-0.06972259283065796,-0.14552094042301178,0.15667469799518585,-0.6355500221252441,-0.4169648289680481,0.5695706605911255,-0.8632417321205139,0.06803202629089355,0.47857969999313354,-0.34121042490005493
1749033595.419115,0.8482040762901306,-2.1669827900328578,1.5371673742877405,2.4871536928364257,-1.9805963675128382,3.671630620956421,-0.08863578736782074,0.06662080436944962,-0.06569577008485794,-0.14446458220481873,0.1521233320236206,-0.6346803903579712,-0.43407759070396423,0.5582910776138306,-0.8787691593170166,0.05482339859008789,0.5054633021354675,-0.3416101336479187
1749033595.4191518,0.8479856252670288,-2.166882177392477,1.5370081106769007,2.4868318277546386,-1.980227295552389,3.670356512069702,-0.09022433310747147,0.06703280657529831,-0.06551391631364822,-0.1438276320695877,0.15188293159008026,-0.6325085759162903,-0.37037962675094604,0.5460505485534668,-0.8867765665054321,0.04466903209686279,0.5150272250175476,-0.36834046244621277
1749033595.4196649,0.8478374481201172,-2.1667119465269984,1.536926571522848,2.4865400034138183,-1.9799287954913538,3.66906476020813,-0.08863361924886703,0.06507368385791779,-0.06896661221981049,-0.1487961709499359,0.1511905938386917,-0.6345208883285522,-0.41323351860046387,0.5777890682220459,-0.841161847114563,0.03782752901315689,0.5306234359741211,-0.3195076584815979
1749033595.4216254,0.8476495146751404,-2.166575094262594,1.536736790333883,2.486280603999756,-1.9796341101275843,3.667802333831787,-0.08905325829982758,0.06853184103965759,-0.0674724131822586,-0.14558395743370056,0.15312881767749786,-0.6329317092895508,-0.3758096396923065,0.528147280216217,-0.859046220779419,0.046782635152339935,0.5005992650985718,-0.3310685455799103
1749033595.4663022,0.847485363483429,-2.1664587459959925,1.5366275946246546,2.485975428218506,-1.9793389479266565,3.6665351390838623,-0.08913464844226837,0.06504835933446884,-0.06722104549407959,-0.14690598845481873,0.1548224538564682,-0.6314423680305481,-0.3867473602294922,0.5828450918197632,-0.8596620559692383,0.046369753777980804,0.5111242532730103,-0.33142706751823425
1749033595.466349,0.8473291993141174,-2.166307588616842,1.5364802519427698,2.4856807428547363,-1.978997532521383,3.6653127670288086,-0.08877737075090408,0.0655171200633049,-0.06787121295928955,-0.15294916927814484,0.15484115481376648,-0.6292040348052979,-0.3727000951766968,0.5415213108062744,-0.8340311050415039,0.09462467581033707,0.4966805875301361,-0.30482032895088196
1749033595.4663918,0.8470803499221802,-2.166170736352438,1.5363462607013147,2.485366030330322,-1.9787300268756312,3.6640305519104004,-0.09284348040819168,0.06816377490758896,-0.0680067166686058,-0.14950652420520782,0.1550854593515396,-0.6250173449516296,-0.37404900789260864,0.547661542892456,-0.8625340461730957,0.07569043338298798,0.509033203125,-0.3870829641819
1749033595.4664304,0.8469161987304688,-2.166035314599508,1.536210838948385,2.485051317805908,-1.9784005323993128,3.66278076171875,-0.08893918246030807,0.0654723048210144,-0.06840342283248901,-0.14914944767951965,0.15571564435958862,-0.6266229748725891,-0.37356922030448914,0.559503972530365,-0.8333122730255127,0.08649449050426483,0.4921655058860779,-0.35527288913726807
1749033595.4664688,0.8467951416969299,-2.165910860101217,1.5360835234271448,2.4847704607197265,-1.9780553022967737,3.6615161895751953,-0.09126895666122437,0.06597340106964111,-0.06822118163108826,-0.14738287031650543,0.15760409832000732,-0.6258268356323242,-0.3769914507865906,0.5319958329200745,-0.8351261019706726,0.1047402173280716,0.4752711057662964,-0.3162645995616913
1749033595.466507,0.8465832471847534,-2.165755888024801,1.5359275976764124,2.4844977098652343,-1.9777916113482874,3.6602704524993896,-0.08650439977645874,0.06559455394744873,-0.06695419549942017,-0.14654111862182617,0.15383407473564148,-0.6246345043182373,-0.3988703787326813,0.5504472851753235,-0.8538805842399597,0.07790819555521011,0.4930194318294525,-0.36491620540618896
1749033595.4665449,0.8464015126228333,-2.1656671963133753,1.5358026663409632,2.4842001634785156,-1.9774540106402796,3.6590311527252197,-0.08931498229503632,0.06565531343221664,-0.06604006886482239,-0.1459915041923523,0.15466028451919556,-0.624087929725647,-0.3824077546596527,0.5436071753501892,-0.8509097695350647,0.06878410279750824,0.5016716718673706,-0.32688677310943604
1749033595.4665823,0.8462361097335815,-2.1654802761473597,1.535663906727926,2.483930750484131,-1.97717792192568,3.6577954292297363,-0.08929522335529327,0.06519445776939392,-0.06802459061145782,-0.14543864130973816,0.1556144505739212,-0.6226150989532471,-0.40028131008148193,0.5770391821861267,-0.8382891416549683,0.0519283227622509,0.474351704120636,-0.3852640986442566
1749033595.4666197,0.8460025191307068,-2.1653410396971644,1.535541836415426,2.4836274820515136,-1.9768570105182093,3.6565520763397217,-0.08930446952581406,0.06555494666099548,-0.0664166733622551,-0.14662350714206696,0.1553352326154709,-0.6264269351959229,-0.38121283054351807,0.5584321022033691,-0.8380768299102783,0.0676669329404831,0.4948209226131439,-0.3796602487564087
1749033595.4666562,0.8458992838859558,-2.165219923058981,1.535422150288717,2.483309431666992,-1.9765618483172815,3.655282497406006,-0.08829481899738312,0.0659155547618866,-0.06616686284542084,-0.14732404053211212,0.1563258022069931,-0.6294269561767578,-0.34958532452583313,0.5414718389511108,-0.842873752117157,0.05020260810852051,0.4690994620323181,-0.31097567081451416
1749033595.4666932,0.84572833776474,-2.165100236932272,1.5352676550494593,2.483025236720703,-1.9762242476092737,3.654003858566284,-0.0882442519068718,0.06595952808856964,-0.06812889873981476,-0.14723481237888336,0.15689943730831146,-0.6293809413909912,-0.3815155327320099,0.5736891627311707,-0.8300472497940063,0.05651034042239189,0.4880763590335846,-0.3377695679664612
1749033595.4667292,0.8455257415771484,-2.1649838886656703,1.5351508299456995,2.4827281671711425,-1.975941006337301,3.65276837348938,-0.08855625987052917,0.06575269997119904,-0.06832186132669449,-0.14783595502376556,0.15449315309524536,-0.6280926465988159,-0.36995571851730347,0.5418063402175903,-0.8146994113922119,0.058706846088171005,0.48996037244796753,-0.3451853394508362
1749033595.4667664,0.845361590385437,-2.1648055515685023,1.5350378195392054,2.4824253755756835,-1.9756534735309046,3.6515066623687744,-0.0872022807598114,0.06533818691968918,-0.06606095284223557,-0.14657428860664368,0.1532488912343979,-0.6286049485206604,-0.3747769296169281,0.5560706853866577,-0.8580172061920166,0.05831573158502579,0.49744024872779846,-0.32520249485969543
1749033595.4668033,0.8451357483863831,-2.164708276788229,1.5348904768573206,2.4821531015583496,-1.9753249327289026,3.6503443717956543,-0.09007887542247772,0.06529609113931656,-0.0675058364868164,-0.14875273406505585,0.15192770957946777,-0.6265655159950256,-0.36847352981567383,0.5706183314323425,-0.8398628234863281,0.06380750238895416,0.5162738561630249,-0.3732205629348755
1749033595.4668398,0.8450215458869934,-2.1645757160582484,1.534755055104391,2.481856508845947,-1.9750564734088343,3.649010181427002,-0.08868704736232758,0.064213827252388,-0.06740095466375351,-0.14721067249774933,0.15624971687793732,-0.6265756487846375,-0.3827741742134094,0.5963982343673706,-0.8334752321243286,0.0718018114566803,0.4802532494068146,-0.3927462697029114
1749033595.466877,0.8448346257209778,-2.1644212208189906,1.5345867315875452,2.481562300319336,-1.974757496510641,3.647796630859375,-0.09150886535644531,0.06501554697751999,-0.0670606717467308,-0.14525924623012543,0.153561532497406,-0.6300780773162842,-0.3781673014163971,0.5941939353942871,-0.8264064192771912,0.043542712926864624,0.5129750370979309,-0.3488147258758545
1749033595.4669175,0.844623863697052,-2.1643244228758753,1.534466568623678,2.481278105373047,-1.9743850866900843,3.6465742588043213,-0.08850079029798508,0.0656355619430542,-0.0668926015496254,-0.1470736265182495,0.1525745838880539,-0.6295187473297119,-0.3496565520763397,0.5548781156539917,-0.8210777640342712,0.04980916529893875,0.4951249957084656,-0.35091134905815125
1749033595.466955,0.8444172739982605,-2.1641766033568324,1.5343225638019007,2.481006308192871,-1.9741061369525355,3.64528751373291,-0.08866214007139206,0.06578563898801804,-0.06666645407676697,-0.1436154544353485,0.15584413707256317,-0.6315327882766724,-0.38019129633903503,0.5592901706695557,-0.8442708253860474,0.04524017870426178,0.48596280813217163,-0.3396511673927307
1749033595.4669926,0.8442719578742981,-2.1640340290465296,1.5341718832599085,2.480686827296875,-1.973776642476217,3.64396595954895,-0.08827848732471466,0.06540288031101227,-0.06611106544733047,-0.14120443165302277,0.15283647179603577,-0.6306418776512146,-0.38419100642204285,0.5690231323242188,-0.8242695331573486,0.03264843299984932,0.4994555711746216,-0.3107524514198303
1749033595.46703,0.8440262079238892,-2.1639095745482386,1.5340583960162562,2.480407877559326,-1.9734705130206507,3.642784833908081,-0.08801902830600739,0.0650855228304863,-0.06599652022123337,-0.14068573713302612,0.15280215442180634,-0.631429135799408,-0.3856491446495056,0.573394775390625,-0.8344218730926514,0.005258232355117798,0.5069368481636047,-0.3615979552268982
1749033595.4670672,0.8439086675643921,-2.1637774906554164,1.5339492003070276,2.480139895076416,-1.9731553236590784,3.6414783000946045,-0.0875786691904068,0.06741417199373245,-0.06531338393688202,-0.142245352268219,0.1531185805797577,-0.6322029232978821,-0.3770424425601959,0.5478474497795105,-0.8500679731369019,0.020429596304893494,0.48256662487983704,-0.28903263807296753
1749033595.4671035,0.8437222242355347,-2.1636492214598597,1.5338099638568323,2.47984425603833,-1.9728792349444788,3.6402368545532227,-0.08742520958185196,0.06627549976110458,-0.06509984284639359,-0.14293330907821655,0.154282808303833,-0.6311537623405457,-0.38350939750671387,0.5123546123504639,-0.8346406817436218,-0.0002941340208053589,0.48649775981903076,-0.30522802472114563
1749033595.4676197,0.8435580730438232,-2.1635099850096644,1.5336549917804163,2.4795633989521484,-1.9725659529315394,3.6389429569244385,-0.08720527589321136,0.06562159210443497,-0.06499328464269638,-0.1477297693490982,0.15572722256183624,-0.6250665783882141,-0.38544797897338867,0.582794725894928,-0.8434866666793823,0.004763580858707428,0.49365168809890747,-0.31754177808761597
1749033595.4696174,0.8433783054351807,-2.163406034509176,1.5335653463946741,2.47927634298291,-1.9723437468158167,3.6377034187316895,-0.08689304441213608,0.06755667924880981,-0.06512670964002609,-0.14654210209846497,0.15523512661457062,-0.6228954195976257,-0.3837341368198395,0.5562291741371155,-0.8451825380325317,0.04176544398069382,0.48604467511177063,-0.3002758026123047
1749033595.5143075,0.843230128288269,-2.1632381878294886,1.5334380308734339,2.4789725977131347,-1.9719527403460901,3.6364214420318604,-0.0853717178106308,0.06883534044027328,-0.06417594850063324,-0.1462193727493286,0.15435028076171875,-0.6209715604782104,-0.4124823808670044,0.5141189098358154,-0.8608653545379639,0.00025665760040283203,0.4829419255256653,-0.385407030582428
1749033595.5143545,0.8430591821670532,-2.1631490192809046,1.533290211354391,2.4786764818378906,-1.971677605305807,3.635174036026001,-0.08955346792936325,0.06779246032238007,-0.06585129350423813,-0.15226736664772034,0.15298961102962494,-0.6264814734458923,-0.3737831115722656,0.5373407006263733,-0.8589357733726501,0.038809143006801605,0.48875612020492554,-0.3352820575237274
1749033595.5143955,0.8428636789321899,-2.1629978619017542,1.5331428686725062,2.4783574777790527,-1.971328083668844,3.6339850425720215,-0.08662523329257965,0.06659955531358719,-0.06610457599163055,-0.14937590062618256,0.15399295091629028,-0.628026008605957,-0.4181337058544159,0.5249747633934021,-0.8332993984222412,0.053434014320373535,0.48447877168655396,-0.28197988867759705
1749033595.5144353,0.8427076935768127,-2.1628533802428187,1.5330379644977015,2.4780661302753906,-1.9710529486285608,3.6327011585235596,-0.08869022876024246,0.06612233817577362,-0.06412533670663834,-0.1496972143650055,0.15352530777454376,-0.6228228807449341,-0.39861467480659485,0.5492154359817505,-0.8855910301208496,0.03208710253238678,0.478105366230011,-0.3265897333621979
1749033595.514473,0.8425472378730774,-2.1627031765379847,1.5328906218158167,2.4777819353291015,-1.970684830342428,3.6314191818237305,-0.08814103901386261,0.06590820848941803,-0.06479033082723618,-0.14857299625873566,0.15142229199409485,-0.6215879917144775,-0.3759029805660248,0.5772725343704224,-0.8648701906204224,0.056970223784446716,0.4999690055847168,-0.3221897780895233
1749033595.514516,0.842383623123169,-2.162609716454977,1.5327537695514124,2.477501555080078,-1.9704211393939417,3.6302149295806885,-0.08911903947591782,0.06544312089681625,-0.0676707923412323,-0.1483536660671234,0.15241609513759613,-0.6191602349281311,-0.3838573098182678,0.5615770816802979,-0.835289716720581,0.03562690690159798,0.5141258239746094,-0.35435494780540466
1749033595.5145636,0.8422037363052368,-2.162450452844137,1.5326059500323694,2.4772021013447265,-1.970086399708883,3.6289122104644775,-0.0891551524400711,0.0687737762928009,-0.06472057104110718,-0.14624790847301483,0.15046954154968262,-0.6207408905029297,-0.38689345121383667,0.49692484736442566,-0.8655310273170471,0.03612401708960533,0.503238320350647,-0.392035573720932
1749033595.514603,0.8420592546463013,-2.16233553508901,1.5325053373919886,2.4768826204487304,-1.9698298613177698,3.6277637481689453,-0.08939073234796524,0.06431537866592407,-0.0655563548207283,-0.14664679765701294,0.1500537246465683,-0.6247186660766602,-0.38036710023880005,0.5746684074401855,-0.8724597692489624,0.025620654225349426,0.5236917734146118,-0.3363441526889801
1749033595.51464,0.841825008392334,-2.162211080590719,1.5323498884784144,2.4766227441975097,-1.9694812933551233,3.6264584064483643,-0.0899292603135109,0.06499093770980835,-0.06570392847061157,-0.1463792771100998,0.1515827178955078,-0.6249406337738037,-0.3923832178115845,0.6085524559020996,-0.8729378581047058,0.017027653753757477,0.5084587931632996,-0.3580169677734375
1749033595.514677,0.8416144847869873,-2.162078996697897,1.532252613698141,2.4763380724140625,-1.9691780249225062,3.625234603881836,-0.09019466489553452,0.06843440234661102,-0.06599889695644379,-0.1470676213502884,0.1529882848262787,-0.6235536336898804,-0.3680351674556732,0.5514180064201355,-0.869320809841156,0.029744721949100494,0.5217874050140381,-0.3657701909542084
1749033595.5147135,0.8414512872695923,-2.1619473896422328,1.5321014563189905,2.476039095515869,-1.9688523451434534,3.624013662338257,-0.08971521258354187,0.06459499150514603,-0.0661110132932663,-0.14766721427440643,0.15456587076187134,-0.6232056617736816,-0.4004353880882263,0.5820053815841675,-0.876321017742157,0.014151118695735931,0.5037145018577576,-0.3547784984111786
1749033595.5147505,0.8414512872695923,-2.1619473896422328,1.5321014563189905,2.476039095515869,-1.9688523451434534,3.624013662338257,-0.08971521258354187,0.06459499150514603,-0.0661110132932663,-0.14766721427440643,0.15456587076187134,-0.6232056617736816,-0.4004353880882263,0.5820053815841675,-0.876321017742157,0.014151118695735931,0.5037145018577576,-0.3547784984111786
1749033595.514791,0.8412478566169739,-2.161811491052145,1.5319889227496546,2.4757353502460937,-1.9685381094561976,3.6227331161499023,-0.08766874670982361,0.06604009121656418,-0.06694957613945007,-0.1466493457555771,0.15544269979000092,-0.6240040063858032,-0.4025760889053345,0.5883020162582397,-0.864441990852356,0.004785883706063032,0.4727267324924469,-0.4183129668235779
1749033595.5148284,0.8409508466720581,-2.1615478001036585,1.5317366758929651,2.4751202303120117,-1.967893425618307,3.620191812515259,-0.08743149042129517,0.06633376330137253,-0.06565556675195694,-0.15082968771457672,0.15433336794376373,-0.6326475143432617,-0.3629705607891083,0.5542660355567932,-0.8764129281044006,0.04003582149744034,0.44611477851867676,-0.31100520491600037
1749033595.514865,0.8408065438270569,-2.161400457421774,1.5316012541400355,2.4748312669941406,-1.9675987402545374,3.618957996368408,-0.08586112409830093,0.06593199819326401,-0.06507303565740585,-0.1490088701248169,0.15231095254421234,-0.6302436590194702,-0.41997000575065613,0.5690680742263794,-0.8959886431694031,0.03034745156764984,0.47711288928985596,-0.34874239563941956
1749033595.5149088,0.8405794501304626,-2.161266943017477,1.5314462820636194,2.4744884210773925,-1.9673083464251917,3.617769479751587,-0.0906628891825676,0.06658291071653366,-0.06871842592954636,-0.15009957551956177,0.1542324274778366,-0.6290901899337769,-0.36622190475463867,0.575311541557312,-0.8622327446937561,0.03406403213739395,0.46978092193603516,-0.34478625655174255
1749033595.514957,0.8404152989387512,-2.1611434421935023,1.5313251654254358,2.4741851526447753,-1.9669550100909632,3.616481304168701,-0.08872029185295105,0.06732523441314697,-0.06623611599206924,-0.1493503302335739,0.14920049905776978,-0.6280155181884766,-0.406249076128006,0.570878803730011,-0.8499436378479004,0.05990143120288849,0.4876280426979065,-0.35793042182922363
1749033595.5149958,0.8402286171913147,-2.1610313854613246,1.5311897436725062,2.4739410120197753,-1.9667113463031214,3.6151962280273438,-0.09079495817422867,0.06802667677402496,-0.0661868005990982,-0.1456712782382965,0.149661123752594,-0.6293882727622986,-0.37430277466773987,0.5468290448188782,-0.8750810623168945,0.03934555873274803,0.4922569990158081,-0.38834095001220703
1749033595.5150328,0.8400842547416687,-2.160849233666891,1.5310452620135706,2.473649187678955,-1.966384236012594,3.61398983001709,-0.09009815752506256,0.06784484535455704,-0.06916335970163345,-0.14442859590053558,0.14945214986801147,-0.6342722773551941,-0.36568939685821533,0.5301548838615417,-0.8568486571311951,0.026404961943626404,0.4946073293685913,-0.3400493562221527
1749033595.5150726,0.839857280254364,-2.160732408563131,1.5309327284442347,2.4733497339436035,-1.9661014715777796,3.6126933097839355,-0.08752840012311935,0.0685051679611206,-0.06758575886487961,-0.1459236741065979,0.14875932037830353,-0.6337369680404663,-0.385373055934906,0.5167725682258606,-0.8436964154243469,0.01097843050956726,0.5018024444580078,-0.3253440856933594
1749033595.5151098,0.8397018313407898,-2.1605969868102015,1.5307658354388636,2.4730426508137207,-1.9657767454730433,3.611401081085205,-0.08941091597080231,0.06689492613077164,-0.0662987232208252,-0.14562541246414185,0.15015345811843872,-0.6318039894104004,-0.3888533413410187,0.5445332527160645,-0.8583477735519409,0.021139010787010193,0.5137510895729065,-0.33963629603385925
1749033595.5151465,0.8395105004310608,-2.1604720554747523,1.5306528250323694,2.472773714656494,-1.9654186407672327,3.610164165496826,-0.08988500386476517,0.0668116882443428,-0.06674053519964218,-0.1447262018918991,0.15097779035568237,-0.6291738152503967,-0.3779393434524536,0.5527634620666504,-0.8603028059005737,0.014277756214141846,0.5033422708511353,-0.3106183409690857
1749033595.5156698,0.8393272161483765,-2.1603714428343714,1.5305288473712366,2.4724742609211425,-1.9651201407061976,3.6088919639587402,-0.0903732180595398,0.06709515303373337,-0.06684216111898422,-0.15012268722057343,0.1514965444803238,-0.627416729927063,-0.3647628426551819,0.5274441242218018,-0.8479794263839722,0.04605351760983467,0.4901737570762634,-0.3511238098144531
1749033595.5176334,0.8391630053520203,-2.1602117023863734,1.5304043928729456,2.4721433359333496,-1.9648330847369593,3.607640504837036,-0.090566486120224,0.06638751924037933,-0.06694979965686798,-0.14737239480018616,0.15380924940109253,-0.6305783987045288,-0.38687020540237427,0.5448364615440369,-0.8728017807006836,0.022863030433654785,0.5002331733703613,-0.3757137060165405
1749033595.5622976,0.8389632105827332,-2.1600729427733363,1.5302651564227503,2.4718233782001953,-1.9645231405841272,3.606343984603882,-0.09002292901277542,0.06705581396818161,-0.06723157316446304,-0.14832022786140442,0.15377460420131683,-0.6321256160736084,-0.38011178374290466,0.5447352528572083,-0.8648717999458313,0.037763699889183044,0.4638282358646393,-0.2950308322906494
1749033595.5623446,0.8387884497642517,-2.159971853295797,1.5301678816424769,2.471520109767578,-1.964224640523092,3.6050796508789062,-0.09033189713954926,0.06719738245010376,-0.0670183077454567,-0.15572209656238556,0.15233993530273438,-0.6294683218002319,-0.3300846517086029,0.5348097085952759,-0.8567481637001038,0.09841793775558472,0.4844096899032593,-0.3268932104110718
1749033595.5624058,0.8385924696922302,-2.159820695916647,1.5300167242633265,2.4712397295185546,-1.9638899008380335,3.603851556777954,-0.08779992908239365,0.06636302918195724,-0.06721492856740952,-0.1501597762107849,0.15365837514400482,-0.6287958025932312,-0.37728744745254517,0.5409135222434998,-0.8691544532775879,0.08724702894687653,0.45637887716293335,-0.31353992223739624
1749033595.562454,0.8384360074996948,-2.1597048244872035,1.529846493397848,2.4709674555012207,-1.963607136403219,3.602607011795044,-0.09155160933732986,0.0651705414056778,-0.06723431497812271,-0.14789529144763947,0.14860442280769348,-0.6260601878166199,-0.3566707372665405,0.5784018635749817,-0.8786334991455078,0.08477407693862915,0.4690089523792267,-0.3320600986480713
1749033595.5624938,0.838249683380127,-2.159541746179098,1.5297368208514612,2.4706708627888183,-1.9633000532733362,3.6013405323028564,-0.08644820004701614,0.06796037405729294,-0.0674140676856041,-0.14535418152809143,0.14899739623069763,-0.6236146688461304,-0.40418538451194763,0.5534517765045166,-0.8736487627029419,0.05121104419231415,0.49328482151031494,-0.38186171650886536
1749033595.5625324,0.8380500078201294,-2.1593905887999476,1.529628101979391,2.470395250911377,-1.963001553212301,3.6000847816467285,-0.0884951576590538,0.0639842301607132,-0.06910040974617004,-0.14328989386558533,0.14957551658153534,-0.6256296634674072,-0.3814510107040405,0.5918828845024109,-0.8407593965530396,0.05774201825261116,0.48235630989074707,-0.35541215538978577
1749033595.5625696,0.837952196598053,-2.159309526483053,1.5294769446002405,2.4700919824787597,-1.962703053151266,3.59883975982666,-0.08844802528619766,0.06459733843803406,-0.06915203481912613,-0.1441432535648346,0.146988183259964,-0.6261734366416931,-0.35921889543533325,0.5961902141571045,-0.837723970413208,0.042928967624902725,0.5273911952972412,-0.35438814759254456
1749033595.5626075,0.8377102613449097,-2.1591655216612757,1.5293167273150843,2.4698125559040527,-1.9624007383929651,3.597566604614258,-0.08842714130878448,0.0684361532330513,-0.06783553212881088,-0.14376035332679749,0.14836688339710236,-0.6246449947357178,-0.3509105145931244,0.5332412719726562,-0.8407979011535645,0.03350301831960678,0.5168632864952087,-0.36978843808174133
1749033595.5626447,0.837546706199646,-2.159011026422018,1.5292161146747034,2.4695369440266113,-1.9620512167560022,3.5963618755340576,-0.08881489932537079,0.0655602291226387,-0.07037638127803802,-0.1448332816362381,0.15151798725128174,-0.624397337436676,-0.34790506958961487,0.5689646005630493,-0.8233916759490967,0.027045488357543945,0.4826507568359375,-0.32436299324035645
1749033595.5626817,0.8373786807060242,-2.1588856182494105,1.5290525595294397,2.469221277827881,-1.9617212454425257,3.595104455947876,-0.08897245675325394,0.066985122859478,-0.06773322820663452,-0.1464931070804596,0.15418711304664612,-0.625440776348114,-0.34495556354522705,0.5659425258636475,-0.8337329626083374,0.044655878096818924,0.48218584060668945,-0.38953161239624023
1749033595.5627182,0.8371989130973816,-2.1587535343565882,1.5289014021502894,2.468886538142822,-1.9614647070514124,3.5938405990600586,-0.08856748789548874,0.06709946691989899,-0.06722099334001541,-0.1476866602897644,0.15547160804271698,-0.6284215450286865,-0.3780960738658905,0.5826122760772705,-0.8406409025192261,0.03920529782772064,0.472485214471817,-0.3974456489086151
1749033595.5627553,0.837019145488739,-2.1585990391173304,1.5287922064410608,2.4686099725910644,-1.9611590544330042,3.592576026916504,-0.09162913262844086,0.06830757111310959,-0.06990765035152435,-0.1481487900018692,0.15952077507972717,-0.6318526268005371,-0.35346490144729614,0.5377572178840637,-0.8360085487365723,0.04187612608075142,0.4386212229728699,-0.346609890460968
1749033595.5627923,0.8368362188339233,-2.1585055790343226,1.5286605993853968,2.468294783229492,-1.9608448187457483,3.591296434402466,-0.08847136795520782,0.06651382148265839,-0.0682884156703949,-0.15305796265602112,0.1537919044494629,-0.6305736303329468,-0.34208524227142334,0.5863460302352905,-0.8158798217773438,0.09568784385919571,0.4649028182029724,-0.3606867790222168
1749033595.5628288,0.8366839289665222,-2.158377309838766,1.5285123030291956,2.467970533961914,-1.9604962507831019,3.59002947807312,-0.08826468884944916,0.07000629603862762,-0.06761084496974945,-0.15064619481563568,0.15369053184986115,-0.6314078569412231,-0.37773245573043823,0.5247692465782166,-0.8399766683578491,0.0991557389497757,0.4693153500556946,-0.2932775318622589
1749033595.5628648,0.8364848494529724,-2.1582418880858363,1.5283926169024866,2.467705412501953,-1.9602277914630335,3.588801145553589,-0.0900285542011261,0.06584956496953964,-0.06814177334308624,-0.1506122499704361,0.15109433233737946,-0.6291077733039856,-0.3334696292877197,0.5547087788581848,-0.8274332284927368,0.08653327822685242,0.45593783259391785,-0.3255014419555664
1749033595.562902,0.8363388776779175,-2.158105035821432,1.528252426777975,2.467362566585205,-1.9599135557757776,3.58754825592041,-0.08797953277826309,0.06606985628604889,-0.06832798570394516,-0.14965686202049255,0.14812535047531128,-0.6286033391952515,-0.3708679676055908,0.5732629299163818,-0.8257474303245544,0.12414367496967316,0.48457038402557373,-0.35033953189849854
1749033595.5629385,0.8361488580703735,-2.1579467258849085,1.5281356016742151,2.4670745569416503,-1.9596150557147425,3.5863168239593506,-0.08837905526161194,0.06935226917266846,-0.068458691239357,-0.14499934017658234,0.15011687576770782,-0.6283984780311584,-0.3891370892524719,0.5249858498573303,-0.8197835683822632,0.08370780944824219,0.49507591128349304,-0.33957576751708984
1749033595.562975,0.8359414935112,-2.15781893352651,1.5280121008502405,2.466822310084961,-1.9593356291400355,3.5849862098693848,-0.0891999900341034,0.06515136361122131,-0.0684601366519928,-0.14281168580055237,0.1505427062511444,-0.6289316415786743,-0.3547424376010895,0.5662636756896973,-0.8219281435012817,0.07471618056297302,0.4979690909385681,-0.3360051214694977
1749033595.563012,0.835773766040802,-2.157698770562643,1.5278523604022425,2.466530962581299,-1.9590361754046839,3.583779811859131,-0.08792129158973694,0.06639755517244339,-0.06930302828550339,-0.14233410358428955,0.15156880021095276,-0.6266604661941528,-0.383428156375885,0.5968472361564636,-0.8143503069877625,0.07270722091197968,0.4929428994655609,-0.3866877555847168
1749033595.563048,0.835605800151825,-2.157570024529928,1.5277393499957483,2.4662276941486816,-1.95872670808901,3.582543134689331,-0.087752565741539,0.06766992807388306,-0.0691293403506279,-0.14201943576335907,0.15318886935710907,-0.6306946873664856,-0.37732818722724915,0.570040762424469,-0.8106474280357361,0.053656429052352905,0.48647573590278625,-0.35312554240226746
1749033595.563084,0.8354191184043884,-2.157403131524557,1.5275762716876429,2.4659668642231445,-1.958428684865133,3.5812718868255615,-0.088109590113163,0.06743063777685165,-0.06843028217554092,-0.14280322194099426,0.15413755178451538,-0.6333207488059998,-0.3710024058818817,0.5677183866500854,-0.8151727914810181,0.06691105663776398,0.4832960367202759,-0.34064164757728577
1749033595.5631196,0.835282027721405,-2.1573101482787074,1.5274394194232386,2.4656950670429687,-1.9581154028521937,3.579962968826294,-0.08845314383506775,0.06720318645238876,-0.06679562479257584,-0.14215664565563202,0.15565866231918335,-0.635301947593689,-0.37036240100860596,0.5633053183555603,-0.8261143565177917,0.0437307134270668,0.4876314401626587,-0.34341567754745483
1749033595.563687,0.8350595831871033,-2.157139917413229,1.5273192564593714,2.4654032427021484,-1.957804028187887,3.578666925430298,-0.0889466255903244,0.06670767813920975,-0.06939106434583664,-0.14615800976753235,0.1562139093875885,-0.6356188058853149,-0.3754059672355652,0.5511981844902039,-0.7910801768302917,0.05540698766708374,0.47310540080070496,-0.2836034297943115
1749033595.565638,0.8348754048347473,-2.15703882793569,1.527168099080221,2.4651123720356445,-1.9574549833880823,3.5774598121643066,-0.0883902758359909,0.06681393831968307,-0.06605168431997299,-0.14438560605049133,0.15488970279693604,-0.62978196144104,-0.36215072870254517,0.5711541175842285,-0.8133255243301392,0.05430811271071434,0.4577797055244446,-0.3167591392993927
1749033595.606289,0.8347115516662598,-2.15689816097402,1.527078930531637,2.4648210245319824,-1.9571483770953577,3.5761685371398926,-0.08998864144086838,0.06658333539962769,-0.06480357050895691,-0.14565499126911163,0.15464788675308228,-0.6273757815361023,-0.3499355912208557,0.5957803726196289,-0.8547071814537048,0.06948255002498627,0.47524261474609375,-0.3189323842525482
1749033595.6063347,0.8345280289649963,-2.1567827663817347,1.5269277731524866,2.4645282465168457,-1.9568331877337855,3.5748836994171143,-0.08678672462701797,0.06614724546670914,-0.06792710721492767,-0.15124638378620148,0.15631423890590668,-0.6230535507202148,-0.3682396411895752,0.5852306485176086,-0.8337803483009338,0.09526897966861725,0.4564439356327057,-0.33196020126342773
1749033595.606376,0.8343601822853088,-2.156600137750143,1.5268037954913538,2.464221163386963,-1.956522289906637,3.573673725128174,-0.08713966608047485,0.06704152375459671,-0.06648129969835281,-0.14778466522693634,0.15197978913784027,-0.6236242651939392,-0.41881063580513,0.5548925995826721,-0.8358173966407776,0.09316079318523407,0.46682852506637573,-0.35858187079429626
1749033595.606415,0.8341766595840454,-2.1564799747862757,1.526691738759176,2.463949366206787,-1.9562400023089808,3.572402238845825,-0.089920774102211,0.06647112965583801,-0.0658874362707138,-0.1456720381975174,0.1541600525379181,-0.626650869846344,-0.3395766615867615,0.5873463749885559,-0.8502581119537354,0.06394794583320618,0.4707464575767517,-0.2946544885635376
1749033595.6064587,0.8341766595840454,-2.1564799747862757,1.526691738759176,2.463949366206787,-1.9562400023089808,3.572402238845825,-0.089920774102211,0.06647112965583801,-0.0658874362707138,-0.1456720381975174,0.1541600525379181,-0.626650869846344,-0.3395766615867615,0.5873463749885559,-0.8502581119537354,0.06394794583320618,0.4707464575767517,-0.2946544885635376
1749033595.6064987,0.8339774012565613,-2.156332632104391,1.526543919240133,2.463653250331543,-1.9559138456927698,3.571141242980957,-0.08843988180160522,0.06709801405668259,-0.06700846552848816,-0.14699025452136993,0.152939572930336,-0.6258288621902466,-0.3720971643924713,0.5783791542053223,-0.8369551301002502,0.05765387415885925,0.4525202512741089,-0.3180340528488159
1749033595.6065369,0.833638072013855,-2.1560760937132777,1.526271168385641,2.463057203883789,-1.9553516546832483,3.568673610687256,-0.08785148710012436,0.06770239770412445,-0.06773602217435837,-0.14821000397205353,0.15222106873989105,-0.6185851693153381,-0.3651738166809082,0.5682983994483948,-0.8392252326011658,0.09299418330192566,0.48029640316963196,-0.3531562089920044
1749033595.606574,0.833465576171875,-2.155943056146139,1.5261357466327112,2.462753935451172,-1.9550369421588343,3.5673696994781494,-0.087639220058918,0.06791404634714127,-0.06819873303174973,-0.14728650450706482,0.15392185747623444,-0.6179998517036438,-0.39870092272758484,0.5478929877281189,-0.8265552520751953,0.06725514680147171,0.4708649814128876,-0.404066801071167
1749033595.606612,0.8332667946815491,-2.155816217462057,1.5259764830218714,2.4624387460895996,-1.9547317663775843,3.566112756729126,-0.08743973821401596,0.06885179132223129,-0.06750829517841339,-0.14860329031944275,0.1536838412284851,-0.6245347857475281,-0.40726351737976074,0.5592882633209229,-0.8334531188011169,0.08214901387691498,0.4858897030353546,-0.3959044814109802
1749033595.6066492,0.8331500291824341,-2.15568270305776,1.5258715788470667,2.4621426302143554,-1.9544056097613733,3.564887046813965,-0.0870925635099411,0.06690354645252228,-0.06718844175338745,-0.14911583065986633,0.15992699563503265,-0.6303747892379761,-0.36191290616989136,0.5560095310211182,-0.8429651260375977,0.10607779026031494,0.46877357363700867,-0.3343784809112549
1749033595.60669,0.8329628705978394,-2.155516286889547,1.5257466475116175,2.4618350702473144,-1.9541037718402308,3.563645601272583,-0.08764347434043884,0.06841658800840378,-0.06665961444377899,-0.14686618745326996,0.15712952613830566,-0.6255486607551575,-0.37211036682128906,0.5083658695220947,-0.8205788135528564,0.10780061781406403,0.43167537450790405,-0.27513474225997925
1749033595.6067276,0.8327916264533997,-2.1553999386229457,1.5256355444537562,2.4615465837666015,-1.9537933508502405,3.5624001026153564,-0.08496661484241486,0.06512872129678726,-0.0656510591506958,-0.15114249289035797,0.15281368792057037,-0.6186856627464294,-0.36123985052108765,0.49769967794418335,-0.8366535902023315,0.1438741534948349,0.46017396450042725,-0.28167468309402466
1749033595.606765,0.8326351642608643,-2.155264516870016,1.525506321583883,2.4612085062214355,-1.9534981886493128,3.561206579208374,-0.08383192867040634,0.06270674616098404,-0.06503357738256454,-0.14535263180732727,0.1531728059053421,-0.612698495388031,-0.36232101917266846,0.5615066289901733,-0.8584627509117126,0.12455005198717117,0.42235857248306274,-0.31375062465667725
1749033595.606802,0.8324554562568665,-2.1551200352110804,1.5253866354571741,2.460948629970215,-1.953165356312887,3.560000419616699,-0.08795461803674698,0.06462285667657852,-0.06454817950725555,-0.1425313502550125,0.14767016470432281,-0.6073866486549377,-0.331765741109848,0.5575716495513916,-0.8482658863067627,0.09593558311462402,0.46591562032699585,-0.394965797662735
1749033595.606839,0.8322564959526062,-2.1550008259215296,1.525231663380758,2.4606801706501464,-1.9528759161578577,3.5587708950042725,-0.08513909578323364,0.06621135771274567,-0.06570775806903839,-0.14515699446201324,0.14686264097690582,-0.6113354563713074,-0.414389967918396,0.531967043876648,-0.8663454651832581,0.13158468902111053,0.5015759468078613,-0.41696739196777344
1749033595.606876,0.8320696353912354,-2.1548649273314417,1.5251310507403772,2.4603888231464843,-1.9525840918170374,3.557476043701172,-0.08748207241296768,0.06511768698692322,-0.06597544997930527,-0.14156003296375275,0.1479312926530838,-0.617380678653717,-0.40817326307296753,0.6206381320953369,-0.8393765687942505,0.09564045816659927,0.504236102104187,-0.42729341983795166
1749033595.6069124,0.8319166302680969,-2.154764314691061,1.5249951521502894,2.4601127344318847,-1.9522665182696741,3.5563206672668457,-0.08893847465515137,0.06908673793077469,-0.06442654132843018,-0.14039349555969238,0.15024197101593018,-0.6229937672615051,-0.4015042781829834,0.5867096185684204,-0.8855052590370178,0.10352227836847305,0.4960266053676605,-0.4097833037376404
1749033595.6069496,0.8317213654518127,-2.1546203098692835,1.5248783270465296,2.4598404604145507,-1.9520023504840296,3.5550684928894043,-0.08867309242486954,0.06787141412496567,-0.06489232182502747,-0.14123399555683136,0.1526467204093933,-0.6297934651374817,-0.3761520981788635,0.5435159206390381,-0.8927584886550903,0.06080674007534981,0.48728764057159424,-0.3323121964931488
1749033595.6069863,0.8315461874008179,-2.1544696293272914,1.5247538725482386,2.4595610338398437,-1.951723877583639,3.553788900375366,-0.08925120532512665,0.06731859594583511,-0.06760106235742569,-0.14226850867271423,0.15386289358139038,-0.6299618482589722,-0.34965601563453674,0.5775915384292603,-0.8640090227127075,0.04871369153261185,0.4868628978729248,-0.3894211947917938
1749033595.6070256,0.8313623666763306,-2.154337545434469,1.5246184507953089,2.4592887598225097,-1.9514449278460901,3.552525043487549,-0.08901367336511612,0.06605031341314316,-0.06542499363422394,-0.1435958743095398,0.15349170565605164,-0.6352104544639587,-0.36881738901138306,0.5607021450996399,-0.8891417384147644,0.06308252364397049,0.4842986762523651,-0.39846163988113403
1749033595.6076689,0.8311250805854797,-2.15423645595693,1.5244634787188929,2.458958311671875,-1.951075855885641,3.5512783527374268,-0.08860374987125397,0.06752236187458038,-0.06616782397031784,-0.14619839191436768,0.1557328701019287,-0.6387338638305664,-0.344328373670578,0.5415729880332947,-0.8805255889892578,0.05503077805042267,0.48957347869873047,-0.3210279047489166
1749033595.6096354,0.8310134410858154,-2.1540686092772425,1.5243266264544886,2.45864646017041,-1.9507878462420862,3.5499908924102783,-0.08820909261703491,0.06563413888216019,-0.06883629411458969,-0.1457132250070572,0.15695735812187195,-0.6372278928756714,-0.3285145163536072,0.5527989268302917,-0.8613284826278687,0.08283379673957825,0.4744444191455841,-0.33545103669166565
1749033595.6502905,0.8307966589927673,-2.153917451898092,1.5242140928851526,2.4583427149006347,-1.9504430929767054,3.5487253665924072,-0.08689583837985992,0.06389021873474121,-0.06903637200593948,-0.15252213180065155,0.15716999769210815,-0.6358829140663147,-0.3517614006996155,0.5951248407363892,-0.8537579774856567,0.1125815212726593,0.47923725843429565,-0.33509913086891174
1749033595.6503367,0.8306628465652466,-2.153808733026022,1.5240591208087366,2.45805470525708,-1.9501426855670374,3.547441244125366,-0.08566408604383469,0.06603673100471497,-0.06822476536035538,-0.14835909008979797,0.15779034793376923,-0.6340574026107788,-0.4095958173274994,0.5950203537940979,-0.8596504926681519,0.10094671696424484,0.4657246172428131,-0.33859962224960327
1749033595.6503766,0.8304483294487,-2.1536766491331996,1.523919407521383,2.4577695566364746,-1.9498251120196741,3.5461955070495605,-0.08767252415418625,0.06882989406585693,-0.06755122542381287,-0.14761972427368164,0.1580279916524887,-0.6327135562896729,-0.38963258266448975,0.5014935731887817,-0.8438864946365356,0.10008630156517029,0.43633291125297546,-0.3627065420150757
1749033595.6504152,0.8302888870239258,-2.1535378895201625,1.523759667073385,2.457465811366699,-1.9495099226581019,3.5448696613311768,-0.08534438163042068,0.06533487141132355,-0.06836520880460739,-0.15038780868053436,0.15312303602695465,-0.6357244849205017,-0.3842366933822632,0.5698801875114441,-0.8706410527229309,0.11697225272655487,0.4608255624771118,-0.32721376419067383
1749033595.6504529,0.8301562666893005,-2.153393407861227,1.5236433188067835,2.4571749407001953,-1.9492114225970667,3.5436160564422607,-0.08589097857475281,0.06675144284963608,-0.0681895911693573,-0.14404281973838806,0.1538541465997696,-0.6361095905303955,-0.39375701546669006,0.5672353506088257,-0.8576298356056213,0.09369102120399475,0.4812883734703064,-0.32939988374710083
1749033595.6504898,0.8299190402030945,-2.1532732448973597,1.5235078970538538,2.456894560451172,-1.9489558378802698,3.542339563369751,-0.08983823657035828,0.06688806414604187,-0.06868976354598999,-0.14417795836925507,0.15246114134788513,-0.6330899596214294,-0.3252979516983032,0.548945426940918,-0.8628162145614624,0.09485585987567902,0.48224031925201416,-0.3536772131919861
1749033595.6505272,0.8297581672668457,-2.153130193749899,1.5233686606036585,2.4566027361103515,-1.9486144224749964,3.5410773754119873,-0.08773072808980942,0.06734740734100342,-0.06853565573692322,-0.14372135698795319,0.15163035690784454,-0.6315860748291016,-0.3918037414550781,0.5517519116401672,-0.8528709411621094,0.07634473592042923,0.5034270882606506,-0.30034321546554565
1749033595.650565,0.8295820951461792,-2.152982374230856,1.5232093969928187,2.45632712423291,-1.9482691923724573,3.539868116378784,-0.08870090544223785,0.06649470329284668,-0.0693456381559372,-0.1459033042192459,0.15373161435127258,-0.6303697228431702,-0.3577859401702881,0.5342327356338501,-0.858391523361206,0.07351633161306381,0.49818289279937744,-0.35724613070487976
1749033595.650602,0.829422116279602,-2.152861257592672,1.523127857838766,2.456008120174072,-1.9479816595660608,3.5385360717773438,-0.08793248981237411,0.06539343297481537,-0.06915156543254852,-0.14572207629680634,0.15713927149772644,-0.6315192580223083,-0.36361876130104065,0.5504388809204102,-0.8512383103370667,0.07172736525535583,0.465398371219635,-0.35379838943481445
1749033595.6506388,0.8292268514633179,-2.1526838741698207,1.522999111806051,2.45571677267041,-1.947648827229635,3.53733229637146,-0.08751419931650162,0.06555348634719849,-0.0681113600730896,-0.1467314213514328,0.15873336791992188,-0.6318222880363464,-0.3916490077972412,0.579761803150177,-0.86669921875,0.06184232234954834,0.4887549877166748,-0.3264111280441284
1749033595.6506798,0.8290241360664368,-2.1525827846922816,1.522820774708883,2.455432577724121,-1.9473760763751429,3.536029815673828,-0.08821436762809753,0.06484440714120865,-0.06810929626226425,-0.14664389193058014,0.15921804308891296,-0.6302483677864075,-0.37095484137535095,0.5769057869911194,-0.8563523292541504,0.05861719697713852,0.4473847448825836,-0.34686240553855896
1749033595.650717,0.8288915157318115,-2.1524578533568324,1.5226729551898401,2.4551288324543457,-1.947031323109762,3.5347650051116943,-0.08633863925933838,0.065341517329216,-0.07174309343099594,-0.14761516451835632,0.15678085386753082,-0.6301383376121521,-0.3891945481300354,0.5502924919128418,-0.8189070820808411,0.0679640993475914,0.4709084630012512,-0.3522477447986603
1749033595.6507535,0.8287080526351929,-2.152330060998434,1.522548023854391,2.454805536861084,-1.94676381746401,3.533534049987793,-0.08950489014387131,0.06567811220884323,-0.06962934136390686,-0.15226666629314423,0.16053934395313263,-0.6293439269065857,-0.33916983008384705,0.5582828521728516,-0.842883825302124,0.09421098232269287,0.43715375661849976,-0.3488543629646301
1749033595.650793,0.8285204768180847,-2.152182718316549,1.5224164167987269,2.454540415401123,-1.9464343229876917,3.5322515964508057,-0.0869661197066307,0.06617312133312225,-0.0703108087182045,-0.1498406082391739,0.1545259654521942,-0.6298149824142456,-0.3886944651603699,0.5706397891044617,-0.8273314833641052,0.10547684878110886,0.4483741521835327,-0.394851416349411
1749033595.6508303,0.828286349773407,-2.1520310841002406,1.5222762266742151,2.45420949041333,-1.9461653868304651,3.5310022830963135,-0.09010917693376541,0.06672155857086182,-0.06971392035484314,-0.1485627293586731,0.15223710238933563,-0.6302730441093445,-0.37202563881874084,0.5749297738075256,-0.8216046690940857,0.08874969184398651,0.4917689263820648,-0.36576807498931885
1749033595.6508696,0.8281728625297546,-2.151890893975729,1.5221059958087366,2.453906698817871,-1.9457934538470667,3.529738664627075,-0.08619460463523865,0.06642481684684753,-0.0691593587398529,-0.151383176445961,0.15198466181755066,-0.6313270926475525,-0.3889212906360626,0.5533396601676941,-0.839945375919342,0.11885371804237366,0.49015143513679504,-0.35226714611053467
1749033595.6509066,0.8279894590377808,-2.1518217525877894,1.5220120588885706,2.4536382394978027,-1.9455059210406702,3.5284972190856934,-0.08709396421909332,0.06692053377628326,-0.06851305067539215,-0.14616692066192627,0.15156888961791992,-0.631168007850647,-0.3687517046928406,0.5669241547584534,-0.8445615768432617,0.09338205307722092,0.49570661783218384,-0.3584882616996765
1749033595.6509435,0.8278219103813171,-2.151677270928854,1.521883789693014,2.453334017390869,-1.945207420979635,3.5271992683410645,-0.08727576583623886,0.06663620471954346,-0.06826368719339371,-0.14604920148849487,0.1524232178926468,-0.6335239410400391,-0.37196582555770874,0.5578807592391968,-0.8480197191238403,0.0855809822678566,0.5055138468742371,-0.3363286852836609
1749033595.65098,0.8276458382606506,-2.1515337429442347,1.521735970173971,2.453054113979004,-1.944925610219137,3.5259146690368652,-0.0866132602095604,0.06628432124853134,-0.06849556416273117,-0.14697588980197906,0.15422777831554413,-0.6329641342163086,-0.37700966000556946,0.5501998066902161,-0.8411856293678284,0.10663634538650513,0.5049917697906494,-0.3627766966819763
1749033595.6510167,0.8274935483932495,-2.1514069042601527,1.521604363118307,2.4527742105671386,-1.9446104208575647,3.524714469909668,-0.08634009212255478,0.06809215992689133,-0.0682079941034317,-0.14736518263816833,0.1552647054195404,-0.632205069065094,-0.3919838070869446,0.5643227100372314,-0.8320266604423523,0.09143004566431046,0.5000758171081543,-0.35381603240966797
1749033595.651645,0.8272480368614197,-2.1512628994383753,1.5214880148517054,2.4524432855793457,-1.944296662007467,3.5234203338623047,-0.08786571770906448,0.06630509346723557,-0.06814266741275787,-0.14865641295909882,0.15674471855163574,-0.6320111155509949,-0.393624871969223,0.5320390462875366,-0.8357096910476685,0.0982692763209343,0.49261200428009033,-0.32975709438323975
1749033595.6536655,0.8270687460899353,-2.151158948937887,1.5212977568255823,2.452155752772949,-1.944005314503805,3.5221681594848633,-0.08743714541196823,0.06541302800178528,-0.06757447123527527,-0.14797881245613098,0.15773817896842957,-0.629949688911438,-0.38339555263519287,0.5564115643501282,-0.8391023874282837,0.08586715906858444,0.4645524322986603,-0.34973862767219543
1749033595.6942759,0.8269356489181519,-2.1509882412352503,1.5211928526507776,2.451859636897705,-1.9436877409564417,3.5208985805511475,-0.08827008306980133,0.0683157667517662,-0.06810442358255386,-0.14776773750782013,0.15774156153202057,-0.6314846873283386,-0.38796165585517883,0.5655581951141357,-0.8383260369300842,0.0812440738081932,0.474347859621048,-0.358640193939209
1749033595.6943216,0.8267402648925781,-2.1508671245970667,1.521045986806051,2.451556368465088,-1.9434154669391077,3.519629955291748,-0.08755521476268768,0.07026071101427078,-0.0712566152215004,-0.14827173948287964,0.15590326488018036,-0.6313351392745972,-0.37197238206863403,0.49066635966300964,-0.8113027215003967,0.07907894253730774,0.4894863963127136,-0.33440858125686646
1749033595.694362,0.8265641331672668,-2.1507426700987757,1.5209201017962855,2.451272173518799,-1.9430940786944788,3.5183498859405518,-0.08715787529945374,0.06643392890691757,-0.06735064089298248,-0.14674991369247437,0.15582148730754852,-0.6325691342353821,-0.3736754059791565,0.5568418502807617,-0.8368222117424011,0.0945422351360321,0.4920123517513275,-0.34418147802352905
1749033595.6944046,0.8263729214668274,-2.1505643330016078,1.5207541624652308,2.4509879785725097,-1.9427908102618616,3.5171306133270264,-0.08706170320510864,0.06740228831768036,-0.06633195281028748,-0.14405186474323273,0.1519748568534851,-0.6329905390739441,-0.37632131576538086,0.5446933507919312,-0.8577123284339905,0.07137203961610794,0.5029674768447876,-0.2717665433883667
1749033595.6944437,0.8262361288070679,-2.150440355340475,1.5206483046161097,2.450692339534424,-1.9424765745746058,3.515822649002075,-0.08929315954446793,0.06751889735460281,-0.0691121518611908,-0.1496148258447647,0.15391787886619568,-0.6320199966430664,-0.3636974096298218,0.5494922995567322,-0.8336141109466553,0.09573101997375488,0.48489871621131897,-0.2941945791244507
1749033595.6944814,0.8260252475738525,-2.150327344933981,1.5205042997943323,2.4504000383564453,-1.94216233888735,3.5145537853240967,-0.08630549907684326,0.06766888499259949,-0.06665010005235672,-0.14683690667152405,0.15247996151447296,-0.6261309385299683,-0.3550540804862976,0.5338064432144165,-0.840453565120697,0.1141107827425003,0.4910881221294403,-0.32622694969177246
1749033595.6945233,0.8258500695228577,-2.150191923181051,1.5203846136676233,2.450115843410156,-1.9418709913836878,3.5133042335510254,-0.08667959272861481,0.06714215129613876,-0.0663866475224495,-0.1466040313243866,0.15285582840442657,-0.6249826550483704,-0.3863280713558197,0.5255084037780762,-0.8403633832931519,0.12512296438217163,0.5260538458824158,-0.29988038539886475
1749033595.6945612,0.8256434798240662,-2.1500569782652796,1.5202301184283655,2.4497973161884765,-1.9415648619281214,3.512021064758301,-0.08898377418518066,0.0663159117102623,-0.0672529861330986,-0.1443491131067276,0.15431886911392212,-0.6223023533821106,-0.3410341441631317,0.5591239333152771,-0.8353121876716614,0.08935229480266571,0.5263454914093018,-0.34964635968208313
1749033595.6945992,0.8255175948143005,-2.1499277553954066,1.5200865904437464,2.449544592494629,-1.9412272612201136,3.5107357501983643,-0.08655838668346405,0.06826897710561752,-0.06652330607175827,-0.14369574189186096,0.1564035415649414,-0.6258628964424133,-0.3864006996154785,0.5167015790939331,-0.833767294883728,0.07723258435726166,0.513475239276886,-0.3097752034664154
1749033595.6946363,0.8253305554389954,-2.1498080692686976,1.5199697653399866,2.4492689806171875,-1.9409320990191858,3.5095341205596924,-0.0871361717581749,0.06459363549947739,-0.0659865140914917,-0.14260943233966827,0.15862810611724854,-0.6271727681159973,-0.38713207840919495,0.5466911792755127,-0.8550456166267395,0.05680122599005699,0.48698002099990845,-0.2909497320652008
1749033595.6946738,0.8251394629478455,-2.1496645412840785,1.5198105017291468,2.4489428240009765,-1.940587345753805,3.508298635482788,-0.08686991780996323,0.06474649906158447,-0.06587035208940506,-0.14441481232643127,0.1648455560207367,-0.6222602725028992,-0.397932767868042,0.5625077486038208,-0.8388866186141968,0.08685334771871567,0.46731555461883545,-0.3259865343570709
1749033595.6947114,0.8250032663345337,-2.1495562992491664,1.5196974913226526,2.448661966914795,-1.9402754942523401,3.507049322128296,-0.08723463118076324,0.06796476989984512,-0.0655316486954689,-0.14518821239471436,0.16024184226989746,-0.6218788027763367,-0.3943239450454712,0.5635170340538025,-0.8666660189628601,0.06782796233892441,0.4538434147834778,-0.35068100690841675
1749033595.69489,0.8247570395469666,-2.1494389973082484,1.519573990498678,2.448382540340088,-1.9399526754962366,3.5057971477508545,-0.08790913224220276,0.06592003256082535,-0.06661925464868546,-0.1471865028142929,0.1577187180519104,-0.6210999488830566,-0.37532880902290344,0.5555264353752136,-0.8494848012924194,0.07083656638860703,0.45722800493240356,-0.37271052598953247
1749033595.6949377,0.8246363401412964,-2.149261613885397,1.5194147268878382,2.448098345393799,-1.9396112600909632,3.5045530796051025,-0.0905195102095604,0.06574877351522446,-0.06661762297153473,-0.14639736711978912,0.1585180014371872,-0.6235103011131287,-0.34230291843414307,0.564872145652771,-0.8429543972015381,0.06654559075832367,0.45477527379989624,-0.38504400849342346
1749033595.6949775,0.8244487643241882,-2.1491524181761683,1.5192588011371058,2.4477826791950683,-1.9393475691424769,3.5032732486724854,-0.08680903911590576,0.06572272628545761,-0.0664949044585228,-0.14936301112174988,0.15500259399414062,-0.6267508864402771,-0.3858225643634796,0.5539085865020752,-0.8558156490325928,0.0874176025390625,0.46888649463653564,-0.3238525986671448
1749033595.6950152,0.8243046402931213,-2.1490122280516566,1.5191267172442835,2.4475228029438476,-1.9390128294574183,3.5020785331726074,-0.08679395914077759,0.06517773121595383,-0.0676567330956459,-0.14396898448467255,0.15354247391223907,-0.6276189684867859,-0.38206997513771057,0.5628988742828369,-0.8559262752532959,0.05552773177623749,0.4606049060821533,-0.3117877244949341
1749033595.6950562,0.8241203427314758,-2.1488529644408167,1.5190070311175745,2.4471985536762695,-1.93866473833193,3.500821590423584,-0.08758208900690079,0.06596839427947998,-0.06737305223941803,-0.14227978885173798,0.1505964696407318,-0.6252904534339905,-0.35868939757347107,0.5786194801330566,-0.841826319694519,0.029399558901786804,0.4929850995540619,-0.3631076216697693
1749033595.6950946,0.8239140510559082,-2.1487208805479945,1.5188973585711878,2.4469234186359863,-1.938357178364889,3.4995765686035156,-0.08702325075864792,0.06640809774398804,-0.06526889652013779,-0.14776386320590973,0.1503865122795105,-0.6246970891952515,-0.4031751751899719,0.5546272993087769,-0.8550547361373901,0.041082412004470825,0.4782997965812683,-0.3321399688720703
1749033595.6951313,0.8237349390983582,-2.148588796655172,1.518738094960348,2.4466354089924316,-1.9380577246295374,3.498351812362671,-0.08873189985752106,0.06591670960187912,-0.06603807210922241,-0.1447199583053589,0.15074019134044647,-0.6238085031509399,-0.3908962309360504,0.5571706891059875,-0.8715492486953735,0.047866351902484894,0.48708975315093994,-0.4038723111152649
1749033595.695168,0.8235467076301575,-2.1485072575011195,1.518618408833639,2.4463321405598144,-1.9377601782428187,3.4970450401306152,-0.08999934047460556,0.06605613231658936,-0.06745210289955139,-0.1474216729402542,0.1517466902732849,-0.6319909691810608,-0.36033523082733154,0.5560290217399597,-0.8412799835205078,0.05039706081151962,0.48356232047080994,-0.39647218585014343
1749033595.6956975,0.8233860731124878,-2.14835323909902,1.5185135046588343,2.4460794168659667,-1.937418286000387,3.4958159923553467,-0.08930143713951111,0.06708261370658875,-0.06430819630622864,-0.1475100815296173,0.15141548216342926,-0.6349399089813232,-0.3615361452102661,0.5446860790252686,-0.8711378574371338,0.06375838816165924,0.4905644953250885,-0.30946293473243713
1749033595.697653,0.8231990933418274,-2.1482016048827113,1.518397633229391,2.445803328151367,-1.937126938496725,3.494558811187744,-0.08913138508796692,0.06620147824287415,-0.06492073833942413,-0.14800409972667694,0.15193681418895721,-0.6328192949295044,-0.33647680282592773,0.5428574681282043,-0.8951877951622009,0.05203258991241455,0.47758063673973083,-0.34055832028388977
1749033595.7383084,0.8230199217796326,-2.1480452022948207,1.5182345549212855,2.4455038744160156,-1.9368355909930628,3.4932401180267334,-0.08874962478876114,0.06603747606277466,-0.06461498886346817,-0.14734011888504028,0.15177808701992035,-0.6305027008056641,-0.36379295587539673,0.5549802184104919,-0.8659493327140808,0.043196842074394226,0.4824305772781372,-0.3284430205821991
1749033595.7383616,0.8228518962860107,-2.147968908349508,1.5181215445147913,2.445204897517822,-1.9365599791156214,3.4921040534973145,-0.08810873329639435,0.06614487618207932,-0.065854012966156,-0.1482381969690323,0.150950625538826,-0.6291033029556274,-0.3675701320171356,0.5474872589111328,-0.888561487197876,0.02623981237411499,0.4976557791233063,-0.36846834421157837
1749033595.7384148,0.8226603269577026,-2.1478010616698207,1.5179861227618616,2.444936438197754,-1.9362314383136194,3.4907853603363037,-0.08778553456068039,0.06634058058261871,-0.06663383543491364,-0.15156328678131104,0.15179583430290222,-0.6295867562294006,-0.3577520549297333,0.5633947849273682,-0.8690772652626038,0.03259769082069397,0.45439425110816956,-0.42465347051620483
1749033595.7384574,0.8224732875823975,-2.1476737461485804,1.5178230444537562,2.444624586696289,-1.9359210173236292,3.4895641803741455,-0.08738645166158676,0.06661058217287064,-0.06726633012294769,-0.15203918516635895,0.1487685739994049,-0.6351691484451294,-0.3774980306625366,0.504859209060669,-0.8667410016059875,0.06314975768327713,0.49471986293792725,-0.3284120261669159
1749033595.7384963,0.8223288655281067,-2.147510667840475,1.517710034047262,2.4442855554768066,-1.9356558958636683,3.4882595539093018,-0.08777208626270294,0.06722715497016907,-0.06746017932891846,-0.15040555596351624,0.14910292625427246,-0.6346479654312134,-0.3659103512763977,0.5263635516166687,-0.8742881417274475,0.04742971807718277,0.5105505585670471,-0.320031076669693
1749033595.7385352,0.8221644163131714,-2.1473900280394496,1.517590347920553,2.4439660745808105,-1.9353778998004358,3.4869942665100098,-0.08768720179796219,0.06550224125385284,-0.06768100708723068,-0.15235404670238495,0.1487206220626831,-0.63263338804245,-0.3617216944694519,0.550471842288971,-0.8703296184539795,0.06199793517589569,0.4932737350463867,-0.3402062654495239
1749033595.7385762,0.8219894170761108,-2.1472226581969203,1.5174043814288538,2.4436508852192382,-1.9350670019732874,3.48575496673584,-0.09066329896450043,0.06915183365345001,-0.06779801100492477,-0.15037351846694946,0.14806650578975677,-0.6298180222511292,-0.3379506766796112,0.5081900358200073,-0.8704137206077576,0.07528981566429138,0.507839024066925,-0.309711754322052
1749033595.738614,0.8218167424201965,-2.147142072717184,1.5172956625567835,2.4433466631123046,-1.9347541967975062,3.484469175338745,-0.0875006765127182,0.06452014297246933,-0.06743303686380386,-0.14819647371768951,0.14981713891029358,-0.6272410154342651,-0.3472791910171509,0.5594797134399414,-0.8646630048751831,0.07228708267211914,0.5467624664306641,-0.3415088653564453
1749033595.738652,0.8216460347175598,-2.1469980678954066,1.5171669165240687,2.443046732539795,-1.9344008604632776,3.483236074447632,-0.08862373977899551,0.06475050747394562,-0.06702009588479996,-0.14934854209423065,0.15312498807907104,-0.6296022534370422,-0.37320926785469055,0.5592320561408997,-0.8465279936790466,0.0652286633849144,0.5172557234764099,-0.3607681691646576
1749033595.738689,0.8214266896247864,-2.146874090234274,1.5170071760760706,2.442751093501709,-1.9341443220721644,3.4819557666778564,-0.08905322104692459,0.06705845892429352,-0.06600873917341232,-0.14932718873023987,0.15271462500095367,-0.6295990347862244,-0.3226128816604614,0.5408110022544861,-0.8641598224639893,0.08631229400634766,0.5171781778335571,-0.3100595474243164
1749033595.7387264,0.8214266896247864,-2.146874090234274,1.5170071760760706,2.442751093501709,-1.9341443220721644,3.4819557666778564,-0.08905322104692459,0.06705845892429352,-0.06600873917341232,-0.14932718873023987,0.15271462500095367,-0.6295990347862244,-0.3226128816604614,0.5408110022544861,-0.8641598224639893,0.08631229400634766,0.5171781778335571,-0.3100595474243164
1749033595.738763,0.8211932182312012,-2.1466905079283656,1.5168760458575647,2.442451162929199,-1.9338181654559534,3.48071026802063,-0.0876619890332222,0.06476385146379471,-0.06716539710760117,-0.14778311550617218,0.1535600870847702,-0.6283586621284485,-0.3539798855781555,0.5407438278198242,-0.8886078000068665,0.08066437393426895,0.49793538451194763,-0.34147483110427856
1749033595.7387996,0.8209314346313477,-2.146454473535055,1.516599480305807,2.4418794351765136,-1.9332011381732386,3.4781739711761475,-0.08817390352487564,0.06622686982154846,-0.066191166639328,-0.14551889896392822,0.1539285033941269,-0.6271647810935974,-0.32594436407089233,0.5746310949325562,-0.8816013336181641,0.07923954725265503,0.4843895435333252,-0.3320925831794739
1749033595.7388363,0.820767343044281,-2.146306654016012,1.5164559523211878,2.441603823299072,-1.9328988234149378,3.4769110679626465,-0.08808624744415283,0.06395312398672104,-0.0660870224237442,-0.14607857167720795,0.1538286805152893,-0.6244821548461914,-0.336210697889328,0.5749349594116211,-0.8813429474830627,0.06588028371334076,0.5080382823944092,-0.3590102791786194
1749033595.738873,0.8205559253692627,-2.1461788616576136,1.5163081328021448,2.441296263332031,-1.9325569311725062,3.475701093673706,-0.08982813358306885,0.0645185336470604,-0.06994444131851196,-0.1449950784444809,0.1560550332069397,-0.6260194182395935,-0.32892853021621704,0.5663489699363708,-0.8246191143989563,0.08741641044616699,0.4563145935535431,-0.3266716003417969
1749033595.738914,0.8204113245010376,-2.146066804925436,1.5161803404437464,2.4410130220600585,-1.932284180318014,3.474414587020874,-0.08616291731595993,0.06503606587648392,-0.06710974872112274,-0.14367808401584625,0.15264970064163208,-0.626613199710846,-0.35682785511016846,0.589262068271637,-0.854115903377533,0.04614323750138283,0.4809108078479767,-0.3762012720108032
1749033595.7389526,0.8202019929885864,-2.1459108791747035,1.516029183064596,2.44072072088208,-1.931939427052633,3.4732143878936768,-0.08657137304544449,0.06599540263414383,-0.06778854876756668,-0.14690949022769928,0.15209072828292847,-0.6257632970809937,-0.37118953466415405,0.5786667466163635,-0.8547834157943726,0.06792613118886948,0.47782275080680847,-0.35501089692115784
1749033595.7389898,0.8200222253799438,-2.1458193264403285,1.5159037748919886,2.440425081843994,-1.9316514174090784,3.4719574451446533,-0.0889677181839943,0.06500064581632614,-0.06799926608800888,-0.1442614197731018,0.1519063115119934,-0.6247653961181641,-0.32433369755744934,0.5713664293289185,-0.8283358216285706,0.06281982362270355,0.4784356653690338,-0.32402127981185913
1749033595.7390273,0.8198973536491394,-2.145640035668844,1.5157879034625452,2.440121813411377,-1.9312995115863245,3.4706783294677734,-0.08645514398813248,0.06824049353599548,-0.06815837323665619,-0.14435173571109772,0.15084370970726013,-0.6263525485992432,-0.3958347737789154,0.5318876504898071,-0.832671046257019,0.036814942955970764,0.4894559979438782,-0.4042685031890869
1749033595.7390637,0.8196866512298584,-2.145507951776022,1.5156405607806605,2.4398256975361328,-1.931042496358053,3.4694440364837646,-0.08844894170761108,0.06515157222747803,-0.06829158216714859,-0.14895783364772797,0.1511041224002838,-0.6299508213996887,-0.36371901631355286,0.5542728900909424,-0.8286799788475037,0.08503197878599167,0.4980041980743408,-0.353556752204895
1749033595.739685,0.8195419311523438,-2.1453682384886683,1.5155122915851038,2.4395462709614257,-1.9306934515582483,3.4682106971740723,-0.0890716016292572,0.06508167833089828,-0.06806550174951553,-0.14730264246463776,0.152375727891922,-0.6321434378623962,-0.37711426615715027,0.5584047436714172,-0.8308260440826416,0.06408759206533432,0.49485716223716736,-0.3303944766521454
1749033595.741669,0.8193895220756531,-2.1452676258482875,1.5153487364398401,2.4392778116413574,-1.9304292837726038,3.466872453689575,-0.0894450694322586,0.06960169970989227,-0.0675111934542656,-0.14711660146713257,0.1529529094696045,-0.6290834546089172,-0.36888858675956726,0.5388432741165161,-0.8243640661239624,0.056599266827106476,0.4836878180503845,-0.36045828461647034
1749033595.7823062,0.8192097544670105,-2.1451007328429164,1.5152633825885218,2.438954992885254,-1.9300997892962855,3.465658664703369,-0.09022980183362961,0.06573916226625443,-0.06741838902235031,-0.14821000397205353,0.1557258665561676,-0.630522608757019,-0.3824422359466553,0.5444287657737732,-0.8244794011116028,0.07663118839263916,0.4748760461807251,-0.35877537727355957
1749033595.7823534,0.8189989924430847,-2.144991537133688,1.5150769392596644,2.4386588770100097,-1.9297497908221644,3.4643492698669434,-0.08882211148738861,0.06684401631355286,-0.06585961580276489,-0.1482091248035431,0.15628713369369507,-0.6306548118591309,-0.36479538679122925,0.5621568560600281,-0.8413138389587402,0.07921309769153595,0.46523308753967285,-0.33054041862487793
1749033595.782394,0.8188281059265137,-2.1448947391905726,1.514963452016012,2.4383513170429687,-1.9294946829425257,3.4631433486938477,-0.08883924037218094,0.06697441637516022,-0.06777264922857285,-0.1469208151102066,0.1571253389120102,-0.6308749318122864,-0.37738826870918274,0.518089234828949,-0.8142605423927307,0.07045330107212067,0.42899274826049805,-0.359245240688324
1749033595.7824328,0.8186208009719849,-2.1447159252562464,1.5148094336139124,2.4380780893513183,-1.9291604200946253,3.4618425369262695,-0.08867080509662628,0.0669771060347557,-0.06541361659765244,-0.14925517141819,0.15157227218151093,-0.6289296746253967,-0.36756590008735657,0.5368853807449341,-0.8366963267326355,0.0591796338558197,0.4763314425945282,-0.3187909424304962
1749033595.7824717,0.8184446096420288,-2.1445805035033167,1.5146964232074183,2.4377471643635253,-1.9288337866412562,3.4606423377990723,-0.08956533670425415,0.06681248545646667,-0.06524474918842316,-0.14942079782485962,0.15016533434391022,-0.6295109987258911,-0.3483954071998596,0.553611159324646,-0.8577316999435425,0.08758796006441116,0.4866013526916504,-0.37730830907821655
1749033595.782516,0.8183043003082275,-2.1444207630553187,1.514564339314596,2.4374634462543945,-1.9285629431353968,3.459359884262085,-0.09105043113231659,0.06703324615955353,-0.06822389364242554,-0.14701253175735474,0.15148235857486725,-0.6287797689437866,-0.33822402358055115,0.5162718296051025,-0.8222252130508423,0.08689205348491669,0.46180981397628784,-0.36409392952919006
1749033595.7825663,0.8180820941925049,-2.144316335717672,1.5144098440753382,2.4371797281452636,-1.9282797018634241,3.4581339359283447,-0.09064579755067825,0.06701990962028503,-0.06657421588897705,-0.1495451182126999,0.1499500423669815,-0.6320433020591736,-0.3243827223777771,0.5177841186523438,-0.8235809206962585,0.08975334465503693,0.48153969645500183,-0.3103054463863373
1749033595.7826097,0.8179332613945007,-2.144188543359274,1.5142973105060022,2.43687550603833,-1.927993122731344,3.4568190574645996,-0.08893927931785583,0.06686770915985107,-0.06662923097610474,-0.14741860330104828,0.15203844010829926,-0.6320482492446899,-0.3660213351249695,0.5314110517501831,-0.8376316428184509,0.07470177114009857,0.48466259241104126,-0.37318843603134155
1749033595.7826474,0.8177971243858337,-2.1440302334227503,1.5141499678241175,2.4365641313740234,-1.9276631514178675,3.455547332763672,-0.09157664328813553,0.06700222194194794,-0.06694960594177246,-0.14585471153259277,0.15349312126636505,-0.6345718502998352,-0.341651052236557,0.5591325759887695,-0.822551965713501,0.06340177357196808,0.491128534078598,-0.35077160596847534
1749033595.782684,0.8175820112228394,-2.1439243755736292,1.5140331427203577,2.436260386104248,-1.9273884932147425,3.454301595687866,-0.08789689838886261,0.06737475097179413,-0.06686924397945404,-0.14600132405757904,0.15377721190452576,-0.6369036436080933,-0.3674694299697876,0.5368837118148804,-0.8141579031944275,0.08401424437761307,0.4896724820137024,-0.28508707880973816
1749033595.7827213,0.8174380660057068,-2.143804212609762,1.5138738791095179,2.436004324550293,-1.9270313421832483,3.4530417919158936,-0.09067200124263763,0.0659705251455307,-0.06662631034851074,-0.1453341692686081,0.15531587600708008,-0.6311017274856567,-0.3606468439102173,0.5179089903831482,-0.8293160796165466,0.09212619066238403,0.47888851165771484,-0.29413947463035583
1749033595.7827585,0.817200243473053,-2.1436568699278773,1.5137923399554651,2.435692473048828,-1.9267280737506312,3.4517621994018555,-0.08803917467594147,0.06549889594316483,-0.0666281208395958,-0.14515145123004913,0.1544000208377838,-0.6280177235603333,-0.35105377435684204,0.5258802175521851,-0.8323872089385986,0.0727887898683548,0.49437665939331055,-0.3030965030193329
1749033595.782795,0.817059338092804,-2.1435443363585414,1.5135939756976526,2.435384913081787,-1.9264143149005335,3.450528621673584,-0.08866541087627411,0.06584102660417557,-0.06594038754701614,-0.14492322504520416,0.1584203690290451,-0.6241333484649658,-0.36365562677383423,0.5461903214454651,-0.8238407373428345,0.08187615871429443,0.47212618589401245,-0.3197711110115051
1749033595.7828321,0.8168559670448303,-2.143393178979391,1.5134661833392542,2.435089274043701,-1.9261153380023401,3.4492132663726807,-0.09000316262245178,0.0660703107714653,-0.0662228986620903,-0.14438728988170624,0.15514951944351196,-0.6246846318244934,-0.3422643840312958,0.5385422110557556,-0.8316001892089844,0.08066704124212265,0.4746546745300293,-0.3801642656326294
1749033595.7828684,0.8167158961296082,-2.1432301006712855,1.513346020375387,2.4348084169575195,-1.925812069569723,3.4479331970214844,-0.08896611630916595,0.06566932052373886,-0.06580553948879242,-0.14564360678195953,0.15313351154327393,-0.6272667050361633,-0.34321868419647217,0.5456821322441101,-0.833638072013855,0.0796709731221199,0.48631560802459717,-0.31144896149635315
1749033595.7829049,0.816567063331604,-2.143168111840719,1.513205353413717,2.434525652522705,-1.9255240599261683,3.446702480316162,-0.09010998904705048,0.06766922026872635,-0.06617297977209091,-0.1468755304813385,0.1558798998594284,-0.6256411671638489,-0.33431917428970337,0.5180522203445435,-0.8287590742111206,0.08422394841909409,0.4595145881175995,-0.3067615032196045
1749033595.782942,0.8163372874259949,-2.1430093250670375,1.5130775610553187,2.4342376428791503,-1.92519456544985,3.445465326309204,-0.08836166560649872,0.0642150491476059,-0.0667630285024643,-0.14546367526054382,0.15343298017978668,-0.6231579780578613,-0.38829749822616577,0.5733630657196045,-0.8270783424377441,0.08393634855747223,0.4661831259727478,-0.33973443508148193
1749033595.7829783,0.8161920309066772,-2.1428920231261195,1.5129488150226038,2.433950110072754,-1.9248912970172327,3.444261074066162,-0.08728920668363571,0.06491386890411377,-0.06626646220684052,-0.14484837651252747,0.15224352478981018,-0.6188886761665344,-0.38004186749458313,0.5776972770690918,-0.8160778284072876,0.07565170526504517,0.47513797879219055,-0.30253028869628906
1749033595.7830153,0.8160247206687927,-2.1427184544005335,1.5128133932696741,2.433650179500244,-1.924575153981344,3.4429848194122314,-0.09086327254772186,0.06823194772005081,-0.06575042009353638,-0.1464059054851532,0.15347634255886078,-0.6173833608627319,-0.33582574129104614,0.5226259827613831,-0.834610104560852,0.08902231603860855,0.4707498848438263,-0.3957515358924866
1749033595.7830532,0.8158568143844604,-2.1426054439940394,1.5127008597003382,2.4333745676228027,-1.924310032521383,3.4417364597320557,-0.08933839946985245,0.06514909118413925,-0.06497528403997421,-0.14436565339565277,0.15469235181808472,-0.6233977675437927,-0.3755508363246918,0.5421044826507568,-0.8450952768325806,0.06332527101039886,0.49374106526374817,-0.36915186047554016
1749033595.7836697,0.8156269788742065,-2.1424924335875453,1.5125458876239222,2.433058901424072,-1.9239767233477991,3.4404547214508057,-0.09069459140300751,0.0662924200296402,-0.06744448095560074,-0.14787434041500092,0.15479107201099396,-0.6291552782058716,-0.34499886631965637,0.5536260008811951,-0.8229975700378418,0.06075207144021988,0.47938674688339233,-0.3171039819717407
1749033595.7856193,0.8155127763748169,-2.1423260174193324,1.5124333540545862,2.4327594476887207,-1.9236815611468714,3.4392569065093994,-0.0898040160536766,0.06701607257127762,-0.06370794028043747,-0.15065962076187134,0.1561792939901352,-0.6263654828071594,-0.3513551652431488,0.523754358291626,-0.8291110396385193,0.11471635848283768,0.46968594193458557,-0.349439412355423
1749033595.830338,0.8152798414230347,-2.142228742639059,1.512282673512594,2.4324752527424316,-1.9233711401568812,3.4379935264587402,-0.08969734609127045,0.06611764430999756,-0.06327329576015472,-0.15104104578495026,0.15718021988868713,-0.62614506483078,-0.352175235748291,0.5284587740898132,-0.8727774620056152,0.12603934109210968,0.4686918258666992,-0.357976496219635
1749033595.8303866,0.8150798082351685,-2.142061849633688,1.5121777693377894,2.4321905809589843,-1.923072640095846,3.4367854595184326,-0.08924850821495056,0.06628011912107468,-0.06637711077928543,-0.15152619779109955,0.1578478068113327,-0.6273885369300842,-0.3679313063621521,0.5691313147544861,-0.8392680883407593,0.12412383407354355,0.47112011909484863,-0.3680117130279541
1749033595.8304317,0.8149358630180359,-2.1419149837889613,1.5119908491717737,2.431856318111084,-1.922680679951803,3.435480833053589,-0.08953757584095001,0.06665316969156265,-0.06453312933444977,-0.1502288430929184,0.15994592010974884,-0.6281698942184448,-0.3388315439224243,0.5466371178627014,-0.8512834906578064,0.12768276035785675,0.43491920828819275,-0.4106483459472656
1749033595.8304763,0.8147483468055725,-2.141806264916891,1.5118706862079065,2.4315597253986816,-1.9223974386798304,3.434237003326416,-0.08907654136419296,0.0657002255320549,-0.0638023167848587,-0.14860138297080994,0.15517422556877136,-0.6330745816230774,-0.3474036455154419,0.5339397192001343,-0.8670947551727295,0.13288718461990356,0.4547635018825531,-0.3120546042919159
1749033595.8305209,0.8145421743392944,-2.141651292840475,1.511754337941305,2.431279345149658,-1.9221099058734339,3.432959794998169,-0.08912329375743866,0.06601954251527786,-0.06433705985546112,-0.14701586961746216,0.15618789196014404,-0.6339499354362488,-0.3639160096645355,0.5767969489097595,-0.8672380447387695,0.09924868494272232,0.4746847450733185,-0.3439355790615082
1749033595.8305593,0.814412534236908,-2.1415420971312464,1.5115984121905726,2.4309636789509277,-1.921802822743551,3.431739091873169,-0.08992817997932434,0.06745705008506775,-0.0648745596408844,-0.14745834469795227,0.15508487820625305,-0.6317729353904724,-0.3422408998012543,0.5770033597946167,-0.8683828115463257,0.11827400326728821,0.4474092423915863,-0.3734278082847595
1749033595.8306031,0.8142327070236206,-2.141402860681051,1.5114873091327112,2.4306608873554687,-1.9215167204486292,3.430475950241089,-0.0895889475941658,0.0685778260231018,-0.06471841782331467,-0.1443173885345459,0.15386977791786194,-0.6332642436027527,-0.3401153087615967,0.517305850982666,-0.8626758456230164,0.0796126276254654,0.47830700874328613,-0.3562852144241333
1749033595.8306408,0.8140190839767456,-2.1412812672057093,1.511355225239889,2.430354281062744,-1.921194855366842,3.4292404651641846,-0.08965086191892624,0.06671395152807236,-0.06444884091615677,-0.14546705782413483,0.15495319664478302,-0.6315869688987732,-0.3506350815296173,0.5655484199523926,-0.8820564150810242,0.06256618350744247,0.4659627079963684,-0.380683571100235
1749033595.8306777,0.8138307332992554,-2.141142507592672,1.5112336317645472,2.43007676183667,-1.92090350786318,3.427990674972534,-0.08859342336654663,0.06695666909217834,-0.06407219171524048,-0.14545679092407227,0.15590687096118927,-0.6355896592140198,-0.37677833437919617,0.5513244867324829,-0.877446174621582,0.11444289982318878,0.4620895981788635,-0.3860345184803009
1749033595.830715,0.8136473894119263,-2.1410309276976527,1.5111225287066858,2.429788752193115,-1.9205740133868616,3.4267139434814453,-0.08943085372447968,0.0686473548412323,-0.06453830748796463,-0.14309747517108917,0.15573951601982117,-0.6378122568130493,-0.36605608463287354,0.5079217553138733,-0.877606213092804,0.1031971126794815,0.4622291326522827,-0.34437161684036255
1749033595.830752,0.8134557008743286,-2.1409179172911585,1.5109713713275355,2.429497404689453,-1.920290772114889,3.425398349761963,-0.08943814784288406,0.065769724547863,-0.06529761850833893,-0.1427285522222519,0.15510424971580505,-0.6380357146263123,-0.3231115937232971,0.5660178661346436,-0.8813140392303467,0.09877647459506989,0.4741533100605011,-0.3671984076499939
1749033595.8307889,0.8133026361465454,-2.140742918054098,1.5108469168292444,2.4292289453693847,-1.9199565092669886,3.424093246459961,-0.08887731283903122,0.06689812242984772,-0.06854435056447983,-0.14348679780960083,0.15539424121379852,-0.6372946500778198,-0.3337070047855377,0.542898416519165,-0.8550903797149658,0.07996644824743271,0.4744480848312378,-0.30057239532470703
1749033595.8308258,0.8131125569343567,-2.1405989132323207,1.510695759450094,2.428921862239502,-1.9196580092059534,3.422898530960083,-0.09144599735736847,0.06673074513673782,-0.06686073541641235,-0.1445801854133606,0.15580840408802032,-0.6354678273200989,-0.29369840025901794,0.5493060946464539,-0.8537430763244629,0.0873364806175232,0.47902587056159973,-0.35819071531295776
1749033595.8308623,0.812960147857666,-2.1404744587340296,1.5105207602130335,2.4286531645008544,-1.9193666617022913,3.4215950965881348,-0.08838294446468353,0.06737840920686722,-0.0666816309094429,-0.14645656943321228,0.15585096180438995,-0.6346039175987244,-0.3555351495742798,0.5412271022796631,-0.8619133234024048,0.08907681703567505,0.4683081805706024,-0.3736249506473541
1749033595.8308995,0.8127566576004028,-2.1403547726073207,1.5104230085956019,2.428358240718506,-1.91899282137026,3.4203219413757324,-0.0884523093700409,0.06754844635725021,-0.06935067474842072,-0.14632545411586761,0.15312780439853668,-0.6382366418838501,-0.3358888626098633,0.5547362565994263,-0.8419317603111267,0.07356052100658417,0.4859243631362915,-0.3087514042854309
1749033595.8309371,0.812589168548584,-2.140207429925436,1.510256592427389,2.4280895429798584,-1.9186833540545862,3.4190404415130615,-0.08764146268367767,0.06787896156311035,-0.06821742653846741,-0.14667226374149323,0.15704911947250366,-0.6361162066459656,-0.329773485660553,0.5247465968132019,-0.8194319009780884,0.09446977078914642,0.4551806151866913,-0.3070683181285858
1749033595.8309739,0.8123751282691956,-2.1400791607298792,1.510132137929098,2.427786274547241,-1.9184301535235804,3.417762517929077,-0.08875274658203125,0.06772898882627487,-0.06731327623128891,-0.14740800857543945,0.15444205701351166,-0.6331889629364014,-0.34557265043258667,0.5199955701828003,-0.8341230154037476,0.07374323904514313,0.45439910888671875,-0.32733312249183655
1749033595.831011,0.8122297525405884,-2.139904638329977,1.509991470967428,2.427494688625,-1.9180658499347132,3.416494607925415,-0.08572821319103241,0.06785202026367188,-0.06762611865997314,-0.146901473402977,0.15481089055538177,-0.6301737427711487,-0.368280827999115,0.5200770497322083,-0.8417870402336121,0.09442318975925446,0.458443820476532,-0.3273869752883911
1749033595.8310478,0.8120582699775696,-2.139792581597799,1.5098875204669397,2.4272143083759765,-1.9177902380572718,3.4152493476867676,-0.08661524951457977,0.06810791045427322,-0.06707701086997986,-0.14760136604309082,0.15397576987743378,-0.6279296278953552,-0.3809165060520172,0.5132441520690918,-0.842459499835968,0.0870482549071312,0.4563017785549164,-0.3768123388290405
1749033595.8310857,0.8118789792060852,-2.139668127099508,1.5097397009478968,2.4268955427357177,-1.9175260702716272,3.4139862060546875,-0.0887029767036438,0.06800489872694016,-0.06662524491548538,-0.14796654880046844,0.1535765379667282,-0.6290615797042847,-0.3265892267227173,0.5328961610794067,-0.8359163999557495,0.07483002543449402,0.4659618139266968,-0.3335604667663574
1749033595.8311222,0.811723530292511,-2.139520307580465,1.5096266905414026,2.4266113477894287,-1.9171856085406702,3.4127585887908936,-0.08738994598388672,0.06715401262044907,-0.06631705909967422,-0.15014734864234924,0.1529291421175003,-0.6273464560508728,-0.380043625831604,0.5541786551475525,-0.8434439897537231,0.08451595902442932,0.4822827875614166,-0.3227909803390503
1749033595.8311589,0.8115901947021484,-2.1393920383849085,1.5094874540912073,2.4262959200092773,-1.9168584982501429,3.4114906787872314,-0.08893729001283646,0.06710726022720337,-0.06591121107339859,-0.14733681082725525,0.15332704782485962,-0.6274363994598389,-0.35748693346977234,0.5363189578056335,-0.846920371055603,0.07967810332775116,0.47344881296157837,-0.3719072937965393
1749033595.8316817,0.8113549947738647,-2.1392489872374476,1.5093405882464808,2.4260081487843017,-1.9165838400470179,3.410248041152954,-0.08926036208868027,0.06742135435342789,-0.06584206968545914,-0.14929653704166412,0.15390367805957794,-0.6287426948547363,-0.36427485942840576,0.5549022555351257,-0.8525839447975159,0.08390167355537415,0.4752334654331207,-0.3420301079750061
1749033595.833653,0.811191737651825,-2.1391288242735804,1.509223763142721,2.425727530116699,-1.9162581602679651,3.408947467803955,-0.08900468051433563,0.06812572479248047,-0.06526395678520203,-0.1501476764678955,0.15308083593845367,-0.6280577182769775,-0.3434774875640869,0.5231039524078369,-0.8524518013000488,0.14023929834365845,0.4726070165634155,-0.3338574767112732
1749033595.8743665,0.8110014200210571,-2.1389962635436,1.5090959707843226,2.4254278379627685,-1.9160011450396937,3.4076967239379883,-0.08829843997955322,0.06724563241004944,-0.06576629728078842,-0.1485939472913742,0.1567639261484146,-0.6295507550239563,-0.36198902130126953,0.48729395866394043,-0.8711776733398438,0.09132235497236252,0.45846813917160034,-0.3572770357131958
1749033595.8744128,0.8108252882957458,-2.1388727627196253,1.5089672247516077,2.4251174169727783,-1.9156916777240198,3.4064419269561768,-0.08891290426254272,0.06588771194219589,-0.06639446318149567,-0.14767616987228394,0.15299414098262787,-0.6290661096572876,-0.3568761348724365,0.5681163668632507,-0.8521847724914551,0.08633997291326523,0.4824903905391693,-0.3210139274597168
1749033595.874454,0.810638964176178,-2.138728757897848,1.5087884108172815,2.4248642164417724,-1.9153884092914026,3.4052352905273438,-0.0896950513124466,0.06685587018728256,-0.06730738282203674,-0.147652730345726,0.1521032750606537,-0.629138171672821,-0.32142144441604614,0.5590968132019043,-0.838781476020813,0.0871487557888031,0.48624187707901,-0.33962884545326233
1749033595.874496,0.8104696273803711,-2.1385966740050257,1.50867206255068,2.4245609480091552,-1.91508657137026,3.4039595127105713,-0.08952344954013824,0.06882843375205994,-0.06771203130483627,-0.14552009105682373,0.15569812059402466,-0.6262458562850952,-0.32708439230918884,0.5105849504470825,-0.8179735541343689,0.06976837664842606,0.4663940668106079,-0.3370993137359619
1749033595.8745358,0.8103207349777222,-2.138496061364645,1.5085280577289026,2.424229784602783,-1.9147842566119593,3.402712106704712,-0.08988174796104431,0.06473283469676971,-0.0676608756184578,-0.14952439069747925,0.15115350484848022,-0.6274911761283875,-0.3287349045276642,0.5776973366737366,-0.8397166728973389,0.08793213963508606,0.4987145662307739,-0.36764493584632874
1749033595.8745744,0.8101339340209961,-2.138360639611715,1.5084083716021937,2.4239649015614013,-1.9144185225116175,3.4014499187469482,-0.08867266029119492,0.06707227230072021,-0.06760792434215546,-0.14428067207336426,0.1528991162776947,-0.6276133060455322,-0.34093141555786133,0.5447816848754883,-0.8468883633613586,0.048263728618621826,0.5088695287704468,-0.3692966401576996
1749033595.8746128,0.8099429607391357,-2.138216634789938,1.508280102406637,2.423661394710205,-1.9141367117511194,3.4001548290252686,-0.08873548358678818,0.06679637730121613,-0.06877477467060089,-0.14509667456150055,0.1543472707271576,-0.6283743977546692,-0.35471755266189575,0.5404135584831238,-0.7965168356895447,0.05545971170067787,0.5021084547042847,-0.35156336426734924
1749033595.8746524,0.8098093271255493,-2.138104101220602,1.5081480185138147,2.423342152232788,-1.9138181845294397,3.3989875316619873,-0.08714023232460022,0.0666649118065834,-0.06602035462856293,-0.15022780001163483,0.15450923144817352,-0.6302456259727478,-0.35045120120048523,0.5321327447891235,-0.8393025398254395,0.07896791398525238,0.5155890583992004,-0.3202022612094879
1749033595.8746948,0.8096450567245483,-2.137949605981344,1.5080001989947718,2.423088236446045,-1.9135316053973597,3.3976850509643555,-0.08595183491706848,0.0662413090467453,-0.06585554033517838,-0.14764215052127838,0.15530182421207428,-0.6268576383590698,-0.3750433921813965,0.5588095188140869,-0.8484243154525757,0.09749743342399597,0.5129320025444031,-0.3594149947166443
1749033595.8747342,0.80940842628479,-2.1377984486021937,1.5078876654254358,2.4228073793598632,-1.9132121245013636,3.396453380584717,-0.08953934907913208,0.06599782407283783,-0.06857112795114517,-0.14945179224014282,0.1563975214958191,-0.6284728646278381,-0.3194196820259094,0.5591639280319214,-0.8126752376556396,0.09514665603637695,0.49740976095199585,-0.33245930075645447
1749033595.8747754,0.8092472553253174,-2.1376735172667445,1.5077646414386194,2.422504110927246,-1.9129298369037073,3.3951966762542725,-0.08727563917636871,0.06684567034244537,-0.06601671874523163,-0.14779314398765564,0.15731944143772125,-0.6289904713630676,-0.3637245297431946,0.5418195724487305,-0.8229156732559204,0.10367101430892944,0.4931316375732422,-0.34324830770492554
1749033595.8748147,0.809090256690979,-2.137541433373922,1.5076168219195765,2.422201080913208,-1.9126032034503382,3.393958568572998,-0.09038367122411728,0.06680426001548767,-0.0666479617357254,-0.14675281941890717,0.15740078687667847,-0.6304525136947632,-0.32926908135414124,0.5291804671287537,-0.8193268775939941,0.10438432544469833,0.46767130494117737,-0.34925276041030884
1749033595.87486,0.8089116215705872,-2.1374370060362757,1.5074570814715784,2.4219283300587158,-1.9123237768756312,3.3926243782043457,-0.08733561635017395,0.06644539535045624,-0.06672877818346024,-0.14563344419002533,0.15368704497814178,-0.6306268572807312,-0.3602873980998993,0.5513983964920044,-0.8269314765930176,0.07472001016139984,0.490296870470047,-0.2790062427520752
1749033595.8748987,0.8087670803070068,-2.1372934780516566,1.507341210042135,2.4216407972523193,-1.911940876637594,3.391453981399536,-0.08760586380958557,0.07071373611688614,-0.06661581248044968,-0.14334650337696075,0.15651492774486542,-0.6296777129173279,-0.37519675493240356,0.4947362542152405,-0.8197129964828491,0.06499931216239929,0.5082539916038513,-0.3134061396121979
1749033595.8749366,0.8085805177688599,-2.137141843835348,1.5072091261493128,2.4213716226765136,-1.9116876761065882,3.390111207962036,-0.08886032551527023,0.06545371562242508,-0.06713991612195969,-0.14408357441425323,0.15555621683597565,-0.6266272664070129,-0.3493763208389282,0.5718439221382141,-0.8135675191879272,0.06381350755691528,0.48435404896736145,-0.322490394115448
1749033595.8749738,0.8084126114845276,-2.137020250360006,1.5070760885821741,2.4210735994526367,-1.9113147894488733,3.3888885974884033,-0.08812560886144638,0.06571977585554123,-0.06714477390050888,-0.14515921473503113,0.15633632242679596,-0.6264246106147766,-0.35317274928092957,0.5605021715164185,-0.8026731014251709,0.05489392578601837,0.45726636052131653,-0.3080967664718628
1749033595.8750117,0.8082172274589539,-2.1368848286070765,1.5069401899920862,2.420761747951172,-1.9110387007342737,3.3876094818115234,-0.092064268887043,0.06854672729969025,-0.06689105927944183,-0.14621509611606598,0.15545335412025452,-0.624913215637207,-0.31924062967300415,0.5344955921173096,-0.8020580410957336,0.052382759749889374,0.48759201169013977,-0.368598073720932
1749033595.8750484,0.8080254793167114,-2.1367370090880335,1.5067890326129358,2.4204553800770263,-1.9107330481158655,3.3862969875335693,-0.08914219588041306,0.0655561313033104,-0.06692183017730713,-0.14739222824573517,0.15461987257003784,-0.6292397975921631,-0.34647178649902344,0.5232738852500916,-0.8121489882469177,0.05333441495895386,0.48178747296333313,-0.3075583875179291
1749033595.875085,0.8078538179397583,-2.136580606500143,1.5066540876971644,2.420146866435669,-1.9104178587542933,3.385056495666504,-0.0917339026927948,0.06527001410722733,-0.06743250787258148,-0.14678829908370972,0.15478277206420898,-0.6279237270355225,-0.3280881941318512,0.5662904381752014,-0.7988439798355103,0.06469786167144775,0.4788728654384613,-0.25165173411369324
1749033595.8751218,0.8076702952384949,-2.136479517022604,1.5065410772906702,2.4198776918598632,-1.9101031462298792,3.3838212490081787,-0.08838853985071182,0.06607978790998459,-0.06347233802080154,-0.14866675436496735,0.1546553373336792,-0.6236978769302368,-0.30802708864212036,0.5467028021812439,-0.8204641342163086,0.06804407387971878,0.47844576835632324,-0.29663699865341187
1749033595.875672,0.8074660897254944,-2.1363092861571253,1.5063985029803675,2.4195591646381835,-1.9097846190081995,3.382560968399048,-0.08859387040138245,0.0653153583407402,-0.06430588662624359,-0.14505265653133392,0.1546250581741333,-0.6200459003448486,-0.331259161233902,0.5443695187568665,-0.8462198376655579,0.0625775158405304,0.46287572383880615,-0.30545997619628906
1749033595.8776484,0.8073069453239441,-2.136200090447897,1.5062740484820765,2.419271631831787,-1.9094703833209437,3.3813507556915283,-0.0885588750243187,0.06538697332143784,-0.0669572502374649,-0.14389662444591522,0.1542494148015976,-0.6153132319450378,-0.3413933217525482,0.5593164563179016,-0.8074837327003479,0.05648103356361389,0.46013137698173523,-0.34606799483299255
1749033595.9182842,0.8071662783622742,-2.1360446415343226,1.5061224142657679,2.4189719396778564,-1.9091876188861292,3.380121946334839,-0.08806432783603668,0.06513851881027222,-0.06354556977748871,-0.14788959920406342,0.1538194864988327,-0.6171264052391052,-0.3398228585720062,0.5587863326072693,-0.8341849446296692,0.05490368604660034,0.47379809617996216,-0.4054560363292694
1749033595.9183304,0.8069944977760315,-2.1358968220152796,1.5060179869281214,2.418703480357788,-1.908881966267721,3.3788087368011475,-0.0889388844370842,0.06620502471923828,-0.06453562527894974,-0.14550068974494934,0.15613442659378052,-0.622869074344635,-0.33074307441711426,0.5508362054824829,-0.8257137537002563,0.060747575014829636,0.44946131110191345,-0.33090871572494507
1749033595.9183762,0.8068110942840576,-2.1358066997923792,1.5058863798724573,2.4183963972279052,-1.9085677305804651,3.3775718212127686,-0.0883859395980835,0.06616093218326569,-0.06555219739675522,-0.14568564295768738,0.15291593968868256,-0.6243551969528198,-0.331289678812027,0.5350157618522644,-0.8376428484916687,0.0741964653134346,0.4808390736579895,-0.3231213688850403
1749033595.9184182,0.8066313862800598,-2.1356870136656703,1.5057767073260706,2.418111963863037,-1.9082682768451136,3.3764052391052246,-0.08845502138137817,0.0646597370505333,-0.06530287116765976,-0.1443086713552475,0.15257906913757324,-0.6222015023231506,-0.3345210552215576,0.5304297208786011,-0.8133987188339233,0.04457478225231171,0.493926465511322,-0.37028539180755615
1749033595.9184577,0.806421160697937,-2.1355072460570277,1.5056384245501917,2.417832775706909,-1.9079769293414515,3.375145196914673,-0.08849924057722092,0.0660402849316597,-0.0653429701924324,-0.14352338016033173,0.1532144695520401,-0.6195512413978577,-0.3262759745121002,0.5443097352981567,-0.8198875188827515,0.038359418511390686,0.4551132321357727,-0.33532705903053284
1749033595.9185007,0.8062138557434082,-2.135383268395895,1.5055096785174769,2.417529268855713,-1.907646958027975,3.3739383220672607,-0.08838865160942078,0.06600520014762878,-0.06535331159830093,-0.1425209790468216,0.15145830810070038,-0.6185867190361023,-0.35035157203674316,0.5176599025726318,-0.8323732018470764,0.005137264728546143,0.4894406795501709,-0.3982030749320984
1749033595.9185393,0.8060458898544312,-2.135270734826559,1.5053775946246546,2.417256994838379,-1.9073522726642054,3.372647523880005,-0.08777135610580444,0.06561366468667984,-0.06581172347068787,-0.14640533924102783,0.15214890241622925,-0.6257093548774719,-0.3341423273086548,0.5523641109466553,-0.8332829475402832,0.02568027377128601,0.49635469913482666,-0.3689170181751251
1749033595.9185774,0.8059018850326538,-2.135110994378561,1.5052579084979456,2.41697279989209,-1.9070342222796839,3.3713901042938232,-0.08798408508300781,0.06520161777734756,-0.06561402976512909,-0.14403802156448364,0.1505851149559021,-0.6278302669525146,-0.36097535490989685,0.5273932218551636,-0.828097939491272,0.028957530856132507,0.5049737095832825,-0.3204878270626068
1749033595.9186149,0.8057180047035217,-2.1349789104857386,1.5051139036761683,2.416653795833252,-1.90674335161318,3.3701252937316895,-0.08859644830226898,0.06848396360874176,-0.06590069830417633,-0.14670336246490479,0.15110602974891663,-0.6268951892852783,-0.35048699378967285,0.5312896370887756,-0.8410379886627197,0.022640816867351532,0.5029587745666504,-0.37071752548217773
1749033595.9186525,0.8055848479270935,-2.1348587475218714,1.5049732367144983,2.4163383680531005,-1.906389061604635,3.3688695430755615,-0.08789725601673126,0.06608579307794571,-0.06599309295415878,-0.152645081281662,0.1526789665222168,-0.6273289918899536,-0.35544687509536743,0.5202625393867493,-0.8247174620628357,0.05836646258831024,0.4834919571876526,-0.33166825771331787
1749033595.9186895,0.8053860068321228,-2.1346942387022914,1.5048306624041956,2.416058226222656,-1.9061482588397425,3.367642402648926,-0.09115128219127655,0.06601682305335999,-0.06566836684942245,-0.1499149203300476,0.15256813168525696,-0.6275601387023926,-0.2910524606704712,0.5628326535224915,-0.8389742970466614,0.06575477123260498,0.47631868720054626,-0.37430340051651
1749033595.9187264,0.8051834106445312,-2.1345983944334925,1.5047062079059046,2.415766640300415,-1.9058268705951136,3.366410255432129,-0.08796049654483795,0.06820917874574661,-0.065066859126091,-0.151007279753685,0.15312255918979645,-0.6290101408958435,-0.3431079387664795,0.5543927550315857,-0.8413976430892944,0.05552740395069122,0.4662199020385742,-0.4048014283180237
1749033595.9187632,0.804988443851471,-2.134456773797506,1.5045860449420374,2.4154512125202636,-1.9054577986346644,3.365144729614258,-0.09043729305267334,0.0675790086388588,-0.06554339826107025,-0.14899668097496033,0.15009137988090515,-0.6340060830116272,-0.3274400234222412,0.5042347311973572,-0.8237552046775818,0.06456810981035233,0.48863351345062256,-0.3387024998664856
1749033595.9188008,0.804988443851471,-2.134456773797506,1.5045860449420374,2.4154512125202636,-1.9054577986346644,3.365144729614258,-0.09043729305267334,0.0675790086388588,-0.06554339826107025,-0.14899668097496033,0.15009137988090515,-0.6340060830116272,-0.3274400234222412,0.5042347311973572,-0.8237552046775818,0.06456810981035233,0.48863351345062256,-0.3387024998664856
1749033595.9188378,0.8048160672187805,-2.1343022785582484,1.50444204012026,2.415193482036255,-1.9051907698260706,3.3638858795166016,-0.08628718554973602,0.06512627750635147,-0.06559494882822037,-0.1485486775636673,0.1526421159505844,-0.6333970427513123,-0.3465336263179779,0.5405869483947754,-0.8405812382698059,0.05119374394416809,0.482488214969635,-0.33010298013687134
1749033595.918875,0.804702639579773,-2.1341735325255335,1.504310433064596,2.414867325420044,-1.904872242604391,3.3626492023468018,-0.08696206659078598,0.06578925251960754,-0.064338319003582,-0.14626015722751617,0.1524474024772644,-0.6322922110557556,-0.36731666326522827,0.5211915969848633,-0.8544201254844666,0.052043620496988297,0.46875452995300293,-0.3484274446964264
1749033595.9189157,0.8043009638786316,-2.1339012585081996,1.504042927418844,2.4142636495777587,-1.904255215321676,3.360131025314331,-0.08787412941455841,0.06640089303255081,-0.06633038818836212,-0.14715495705604553,0.1528445929288864,-0.6296525597572327,-0.37373608350753784,0.551310658454895,-0.8555293679237366,0.02683912217617035,0.47825074195861816,-0.3945614695549011
1749033595.9189541,0.8041166067123413,-2.1338240108885707,1.5038955847369593,2.4140075880238037,-1.9039447943316858,3.3588457107543945,-0.08722016960382462,0.06646858900785446,-0.06538175046443939,-0.1486668586730957,0.15216338634490967,-0.6348210573196411,-0.36915427446365356,0.5224226713180542,-0.8679103851318359,0.05409283563494682,0.4844926595687866,-0.36295461654663086
1749033595.9189913,0.8039571046829224,-2.1336289844908656,1.5037978331195276,2.4137038427540283,-1.9036343733416956,3.357581615447998,-0.08954469859600067,0.06689164787530899,-0.06660178303718567,-0.15031185746192932,0.15207475423812866,-0.6368784308433533,-0.32818105816841125,0.522241473197937,-0.8607345223426819,0.054242994636297226,0.4905655086040497,-0.3158327341079712
1749033595.9190314,0.8037580251693726,-2.1335116825499476,1.5036628882037562,2.413396044368408,-1.9033430258380335,3.3563241958618164,-0.08783570677042007,0.0667162761092186,-0.06840849667787552,-0.14885465800762177,0.1533244103193283,-0.6367706656455994,-0.3399208188056946,0.5311739444732666,-0.8150821328163147,0.054257042706012726,0.4732656180858612,-0.31853872537612915
1749033595.92015,0.8035587072372437,-2.133360525170797,1.5035346190081995,2.4130889612385253,-1.9029820601092737,3.3550009727478027,-0.09101524949073792,0.06626004725694656,-0.06623239070177078,-0.15121306478977203,0.15311677753925323,-0.6360053420066833,-0.32578617334365845,0.5221683382987976,-0.8564907908439636,0.06822261959314346,0.47090476751327515,-0.27553674578666687
1749033595.9217088,0.8033833503723145,-2.133231302300924,1.503418270741598,2.4127890306660156,-1.9027016798602503,3.3537237644195557,-0.08605147898197174,0.0654708668589592,-0.0662975087761879,-0.14887452125549316,0.15348856151103973,-0.6313166618347168,-0.3603237271308899,0.511895477771759,-0.8583702445030212,0.056289494037628174,0.45715636014938354,-0.3164192736148834
1749033595.9622874,0.8032546043395996,-2.133111616174215,1.5032547155963343,2.4124769407459716,-1.902367893849508,3.352487802505493,-0.08724842220544815,0.06598042696714401,-0.06655220687389374,-0.14765428006649017,0.15407948195934296,-0.6285013556480408,-0.3598468005657196,0.5470275282859802,-0.8458206653594971,0.041529834270477295,0.45006346702575684,-0.3669067621231079
1749033595.9623342,0.8030866384506226,-2.132967611352438,1.5031383673297327,2.4121929842182617,-1.9021199385272425,3.35121488571167,-0.08787201344966888,0.0672011449933052,-0.06643446534872055,-0.1504298746585846,0.15206027030944824,-0.6292629241943359,-0.3868066668510437,0.5103179216384888,-0.8543130159378052,0.06491487473249435,0.4628027677536011,-0.33726516366004944
1749033595.9623756,0.8028600215911865,-2.132838865319723,1.5029996077166956,2.411869450206421,-1.9017437140094202,3.349989891052246,-0.08858893811702728,0.0647658109664917,-0.06565817445516586,-0.14876201748847961,0.1556084156036377,-0.6292920112609863,-0.34925466775894165,0.5470941662788391,-0.8534666895866394,0.06277503818273544,0.45068788528442383,-0.36619657278060913
1749033595.9624157,0.8026841282844543,-2.1327105961241664,1.5028560797320765,2.4115816789814453,-1.9014681021319788,3.3487470149993896,-0.08916405588388443,0.06610322743654251,-0.06597274541854858,-0.14653539657592773,0.15159986913204193,-0.6272218227386475,-0.32533812522888184,0.5659404993057251,-0.8561404943466187,0.07696738839149475,0.44921180605888367,-0.35617929697036743
1749033595.9624543,0.802496075630188,-2.132567068139547,1.5027154127704065,2.4113010603138427,-1.9011619726764124,3.3474717140197754,-0.08867718279361725,0.06884852051734924,-0.06613600999116898,-0.14444345235824585,0.14947214722633362,-0.6274824738502502,-0.3438129425048828,0.48044103384017944,-0.8574333190917969,0.05006469041109085,0.4717194437980652,-0.33972322940826416
1749033595.9625003,0.8023252487182617,-2.132454057733053,1.5025866667376917,2.410982294673584,-1.9008434454547327,3.3462014198303223,-0.08731409907341003,0.06391755491495132,-0.06783860176801682,-0.14416560530662537,0.15231843292713165,-0.6277379989624023,-0.35333898663520813,0.5402054190635681,-0.8326283097267151,0.04134408384561539,0.4534136652946472,-0.3936445116996765
1749033595.9625404,0.8021805286407471,-2.132321973840231,1.5024474302874964,2.410729094142578,-1.9005840460406702,3.3449418544769287,-0.08633436262607574,0.06635589152574539,-0.06519952416419983,-0.14422376453876495,0.14811192452907562,-0.6292010545730591,-0.33744657039642334,0.5026584267616272,-0.8463254570960999,0.05198191851377487,0.4922543168067932,-0.3538563847541809
1749033595.9625819,0.8020089864730835,-2.132202287713522,1.502319637929098,2.4104413229176025,-1.9002545515643519,3.343733787536621,-0.0855652242898941,0.06649267673492432,-0.06565751135349274,-0.1451445072889328,0.1490432769060135,-0.6282796859741211,-0.3778233826160431,0.517047107219696,-0.8511942625045776,0.04869207739830017,0.4918234348297119,-0.32421454787254333
1749033595.96262,0.8017909526824951,-2.1320420704283656,1.5021722952472132,2.410134478206299,-1.8999627272235315,3.342486619949341,-0.08597655594348907,0.06671994179487228,-0.06932540237903595,-0.14917367696762085,0.15169844031333923,-0.6261543035507202,-0.3830529451370239,0.4864652752876282,-0.8308718204498291,0.08910486847162247,0.4801139831542969,-0.3505050837993622
1749033595.9626572,0.8016546368598938,-2.1318985424437464,1.5020316282855433,2.409827156657837,-1.8996055761920374,3.3412258625030518,-0.08609987050294876,0.06665322929620743,-0.06595019996166229,-0.14655150473117828,0.15229111909866333,-0.6269303560256958,-0.3893046975135803,0.5025189518928528,-0.8342946767807007,0.0630921870470047,0.4626672565937042,-0.3538481295108795
1749033595.9626951,0.801505982875824,-2.13177027324819,1.501892391835348,2.4095465379902343,-1.8992951552020472,3.33996319770813,-0.08626499772071838,0.0674375519156456,-0.06664690375328064,-0.1466815322637558,0.15231123566627502,-0.6267322301864624,-0.3618994355201721,0.49143967032432556,-0.8407972455024719,0.06326160579919815,0.4658801555633545,-0.36552223563194275
1749033595.9627318,0.8013190031051636,-2.131658216516012,1.5017641226397913,2.409219427699707,-1.8989914099322718,3.3387322425842285,-0.08963001519441605,0.06705023348331451,-0.06757519394159317,-0.15037232637405396,0.15913163125514984,-0.6274389624595642,-0.3493397831916809,0.5256348252296448,-0.8299560546875,0.11794038116931915,0.42886608839035034,-0.3906329274177551
1749033595.962768,0.8011237382888794,-2.13151278118276,1.5016439596759241,2.4089388090321044,-1.898681942616598,3.3374252319335938,-0.08681031316518784,0.06648321449756622,-0.06832846999168396,-0.14579351246356964,0.1552794873714447,-0.627694845199585,-0.38481399416923523,0.5120217204093933,-0.8206925988197327,0.0707453191280365,0.452129602432251,-0.3504579961299896
1749033595.9628048,0.8009554147720337,-2.1313616238036097,1.5015037695514124,2.408635302180908,-1.8983944098102015,3.3361873626708984,-0.08782654255628586,0.06663938611745834,-0.0680147185921669,-0.14630940556526184,0.1553317904472351,-0.6295700073242188,-0.3672444224357605,0.5278555154800415,-0.8212056159973145,0.07557931542396545,0.43090617656707764,-0.3696318566799164
1749033595.962841,0.8007408380508423,-2.131253858605856,1.501359764729635,2.4083356100269775,-1.8980806509601038,3.3349661827087402,-0.08891652524471283,0.06676119565963745,-0.06773953139781952,-0.14606358110904694,0.15629717707633972,-0.6292538046836853,-0.325000524520874,0.5080994963645935,-0.8120921850204468,0.06590196490287781,0.41427725553512573,-0.376300573348999
1749033595.9628778,0.8005802631378174,-2.1311375103392542,1.5012090841876429,2.4080442625233154,-1.8977964560138147,3.333690881729126,-0.0882515162229538,0.06582432240247726,-0.06794624775648117,-0.14594633877277374,0.14965243637561798,-0.6320633292198181,-0.3511747717857361,0.5127593874931335,-0.8293206095695496,0.08281677216291428,0.45194733142852783,-0.31609731912612915
1749033595.9629145,0.8003813028335571,-2.1310283146300257,1.501087490712301,2.4077634054371337,-1.897452179585592,3.332415819168091,-0.09012140333652496,0.06426108628511429,-0.06847023963928223,-0.14600476622581482,0.14837172627449036,-0.6324275135993958,-0.3382275402545929,0.5494559407234192,-0.8170731067657471,0.09120457619428635,0.4689874053001404,-0.3687559962272644
1749033595.9629514,0.8001985549926758,-2.130899568597311,1.500948731099264,2.4074720579334716,-1.8971956411944788,3.3311588764190674,-0.0876544639468193,0.06789670884609222,-0.06844504177570343,-0.14514964818954468,0.14810439944267273,-0.6345692276954651,-0.3478878140449524,0.5317994356155396,-0.8053378462791443,0.07602937519550323,0.48444682359695435,-0.36500388383865356
1749033595.9629884,0.8000449538230896,-2.1307717762389125,1.5008052031146448,2.4071685510822753,-1.8968504110919397,3.3298442363739014,-0.08813267201185226,0.061678122729063034,-0.06854303926229477,-0.14551806449890137,0.15021763741970062,-0.6370375156402588,-0.34256410598754883,0.5575540065765381,-0.8089819550514221,0.07461424171924591,0.47632884979248047,-0.2720359265804291
1749033595.9630249,0.7998616099357605,-2.1306244335570277,1.50067645708193,2.4068843561359863,-1.8965089956866663,3.3286027908325195,-0.08731145411729813,0.0645982027053833,-0.06794822961091995,-0.14666064083576202,0.15425167977809906,-0.631558358669281,-0.37248408794403076,0.580842137336731,-0.7997025847434998,0.07935409992933273,0.4494599997997284,-0.33300068974494934
1749033595.9636455,0.7997283935546875,-2.130467554131979,1.5005410353290003,2.4065653520771484,-1.8962376753436487,3.327345371246338,-0.08853849768638611,0.06661605834960938,-0.06791388988494873,-0.14785945415496826,0.15496888756752014,-0.6303501129150391,-0.3033006191253662,0.5485199093818665,-0.7864035964012146,0.08820951730012894,0.4481320083141327,-0.30654260516166687
1749033595.965636,0.7994990348815918,-2.130335947076315,1.5004175345050257,2.4062692362019042,-1.8959587256061,3.326057195663452,-0.08522316813468933,0.06561344116926193,-0.06805820018053055,-0.1495215743780136,0.15638568997383118,-0.6265110969543457,-0.37830913066864014,0.5063860416412354,-0.803092360496521,0.11247691512107849,0.44417804479599,-0.32352501153945923
1749033596.0062897,0.7993585467338562,-2.130200048486227,1.5002582708941858,2.405965729350708,-1.8956239859210413,3.3248047828674316,-0.0890100747346878,0.06468292325735092,-0.06739849597215652,-0.14955130219459534,0.15726913511753082,-0.6278574466705322,-0.35471856594085693,0.5719305872917175,-0.7939879894256592,0.12807346880435944,0.42380255460739136,-0.3451026380062103
1749033596.0063362,0.7991632223129272,-2.1300798855223597,1.500157658253805,2.4056731897541503,-1.895318333302633,3.323495864868164,-0.08505737036466599,0.06560812145471573,-0.06695863604545593,-0.1463523507118225,0.15527772903442383,-0.6300226449966431,-0.37663131952285767,0.5756626129150391,-0.7995481491088867,0.09082388877868652,0.4268897771835327,-0.2944139838218689
1749033596.0063765,0.7990187406539917,-2.1299287281432093,1.5000136534320276,2.405338688487671,-1.895034138356344,3.322253465652466,-0.08722171187400818,0.06667979061603546,-0.06583662331104279,-0.14899972081184387,0.15195941925048828,-0.6279146671295166,-0.37879863381385803,0.5249765515327454,-0.8191527128219604,0.10304701328277588,0.4376661777496338,-0.29020756483078003
1749033596.0064151,0.7987852096557617,-2.129819532433981,1.4999001661883753,2.4050773817249755,-1.8946779409991663,3.3209822177886963,-0.08837024122476578,0.06690434366464615,-0.06798787415027618,-0.14795775711536407,0.1547459065914154,-0.6233367919921875,-0.3416163921356201,0.5045850276947021,-0.7960764765739441,0.1280103176832199,0.4228641390800476,-0.3064415454864502
1749033596.0064528,0.7986244559288025,-2.1296869717040003,1.4997480551349085,2.4047738748737792,-1.8944175879107874,3.319784641265869,-0.08860285580158234,0.06782083213329315,-0.06482315063476562,-0.14512595534324646,0.14941367506980896,-0.6183751821517944,-0.3237588107585907,0.534195065498352,-0.8207488656044006,0.10736346989870071,0.4516505300998688,-0.3273882269859314
1749033596.006491,0.7984372973442078,-2.129554887811178,1.4996174017535608,2.4044977861591796,-1.8940919081317347,3.318507194519043,-0.08824878931045532,0.06751561909914017,-0.06382495909929276,-0.14259371161460876,0.14894451200962067,-0.6151872873306274,-0.32188472151756287,0.5116748809814453,-0.8260860443115234,0.07541622221469879,0.4761660695075989,-0.38713133335113525
1749033596.006528,0.7983037233352661,-2.1294428310790003,1.4994972387896937,2.404214068050049,-1.8938172499286097,3.317312717437744,-0.08762426674365997,0.0675475224852562,-0.06795649975538254,-0.140704944729805,0.15283074975013733,-0.6212944388389587,-0.36731988191604614,0.5279334783554077,-0.8092238903045654,0.08466675132513046,0.43696171045303345,-0.39105597138404846
1749033596.006565,0.7980818748474121,-2.129333635369772,1.4993227163897913,2.403930588359497,-1.8935096899615687,3.3160009384155273,-0.08744998276233673,0.06769382208585739,-0.06526853144168854,-0.1401423066854477,0.15064138174057007,-0.624663233757019,-0.390057772397995,0.5130689144134521,-0.8050606846809387,0.05784474313259125,0.47045624256134033,-0.33172354102134705
1749033596.0066023,0.7979302406311035,-2.129162927667135,1.4992340246783655,2.403646870250366,-1.8932231108294886,3.314697027206421,-0.08719851821660995,0.06772821396589279,-0.06577526032924652,-0.14211773872375488,0.15309709310531616,-0.6235684752464294,-0.38781625032424927,0.5221138000488281,-0.8288604617118835,0.06301049888134003,0.4613403081893921,-0.3834664225578308
1749033596.0066392,0.7977348566055298,-2.1290532551207484,1.4990900198565882,2.4033431249805908,-1.8928855101214808,3.3135643005371094,-0.08803000301122665,0.06461600214242935,-0.06705266237258911,-0.1430846005678177,0.15601307153701782,-0.625106155872345,-0.38566526770591736,0.5500328540802002,-0.8057606220245361,0.06554198265075684,0.45899486541748047,-0.33880820870399475
1749033596.0066767,0.7975896596908569,-2.128874441186422,1.4989574591266077,2.4030706125446777,-1.892590347920553,3.3123128414154053,-0.08784858882427216,0.06961489468812943,-0.06685324758291245,-0.1480441391468048,0.15492713451385498,-0.6245757937431335,-0.3765539228916168,0.5149881839752197,-0.8139633536338806,0.09868702292442322,0.44002673029899597,-0.36356300115585327
1749033596.00673,0.7975896596908569,-2.128874441186422,1.4989574591266077,2.4030706125446777,-1.892590347920553,3.3123128414154053,-0.08784858882427216,0.06961489468812943,-0.06685324758291245,-0.1480441391468048,0.15492713451385498,-0.6245757937431335,-0.3765539228916168,0.5149881839752197,-0.8139633536338806,0.09868702292442322,0.44002673029899597,-0.36356300115585327
1749033596.0067708,0.7972270250320435,-2.1286570034422816,1.4986818472491663,2.4024712282368164,-1.8919227758990687,3.309797525405884,-0.08809249848127365,0.06659499555826187,-0.06593839824199677,-0.1458565592765808,0.15726548433303833,-0.6319226026535034,-0.40201663970947266,0.5480462312698364,-0.8144297003746033,0.07416579872369766,0.42232000827789307,-0.34708723425865173
1749033596.006808,0.7970353364944458,-2.128493925134176,1.498577896748678,2.402183933848999,-1.8916433493243616,3.3085005283355713,-0.08677806705236435,0.06918157637119293,-0.06818152219057083,-0.149309441447258,0.15417362749576569,-0.6345499157905579,-0.3331685960292816,0.5082679986953735,-0.8086060285568237,0.11177864670753479,0.44696924090385437,-0.30989935994148254
1749033596.0068448,0.7968710660934448,-2.128373762170309,1.4984458128558558,2.401864691371582,-1.891322437916891,3.307321310043335,-0.08456935733556747,0.06710407882928848,-0.06599831581115723,-0.14542655646800995,0.15676572918891907,-0.6316109299659729,-0.40526247024536133,0.5103903412818909,-0.8068616986274719,0.09426558017730713,0.41208183765411377,-0.36606621742248535
1749033596.0068812,0.7966917753219604,-2.1282102070250453,1.4983137289630335,2.401592178935669,-1.8910201231585901,3.3059842586517334,-0.09009496122598648,0.06638053059577942,-0.06520861387252808,-0.14536705613136292,0.15269552171230316,-0.6316860914230347,-0.3689172863960266,0.5645286440849304,-0.8523296117782593,0.07923070341348648,0.4565284252166748,-0.3965032696723938
1749033596.006918,0.7965047955513,-2.1280933819212855,1.4981816450702112,2.4013044077106933,-1.8907097021686,3.3047945499420166,-0.08673220127820969,0.06810031831264496,-0.06779613345861435,-0.14727599918842316,0.1534724086523056,-0.6333701014518738,-0.38568806648254395,0.5303281545639038,-0.8151640892028809,0.10123523324728012,0.4294547736644745,-0.3701983094215393
1749033596.0069542,0.7963752150535583,-2.127953191796774,1.4980619589435022,2.4010328489490966,-1.8904607931720179,3.3035097122192383,-0.08706863224506378,0.06731948256492615,-0.06700538843870163,-0.1479312777519226,0.15139968693256378,-0.6380221843719482,-0.365559458732605,0.502914309501648,-0.7967976331710815,0.1023293063044548,0.45729419589042664,-0.32864028215408325
1749033596.0069907,0.796187162399292,-2.127836843530172,1.49792987505068,2.4007364946552734,-1.8901127020465296,3.302225351333618,-0.08773837983608246,0.06651963293552399,-0.06515327095985413,-0.14813058078289032,0.1509914994239807,-0.6377312541007996,-0.38320136070251465,0.54355788230896,-0.8459767699241638,0.09801137447357178,0.4743387997150421,-0.31429848074913025
1749033596.0070267,0.7960089445114136,-2.1276847324767054,1.4977825323687952,2.400444670314453,-1.8898089567767542,3.300987720489502,-0.08708244562149048,0.06711524724960327,-0.06609193980693817,-0.14776340126991272,0.15200155973434448,-0.6352605819702148,-0.4150291085243225,0.5737640857696533,-0.837652862071991,0.08604669570922852,0.464663565158844,-0.3712514340877533
1749033596.0076597,0.7957862019538879,-2.127575536767477,1.497650448475973,2.4001292425343017,-1.8894532362567347,3.2996878623962402,-0.08768391609191895,0.06808469444513321,-0.06609398126602173,-0.15051892399787903,0.15497753024101257,-0.6368974447250366,-0.3800015151500702,0.5210408568382263,-0.830706000328064,0.10326950997114182,0.46203872561454773,-0.3260699212551117
1749033596.0097127,0.7956219911575317,-2.1274129352965296,1.4975374380694788,2.3998491007038574,-1.8892157713519495,3.2984063625335693,-0.08645689487457275,0.06714512407779694,-0.06635603308677673,-0.1514541059732437,0.15599732100963593,-0.6361501216888428,-0.3635672330856323,0.5289195775985718,-0.8324229717254639,0.11711636930704117,0.4389949142932892,-0.3217572569847107
1749033596.0502877,0.7953962087631226,-2.127291818658346,1.4973982016192835,2.399514599437378,-1.8888862768756312,3.297168493270874,-0.08873964101076126,0.06823129951953888,-0.06561336666345596,-0.15072308480739594,0.1573742777109146,-0.6351990103721619,-0.34837889671325684,0.5339129567146301,-0.8314701318740845,0.12449893355369568,0.446130633354187,-0.3587852120399475
1749033596.0503345,0.7952712178230286,-2.127143999139303,1.4972856680499476,2.3992182451435546,-1.8886011282550257,3.2958524227142334,-0.0862031877040863,0.0683453306555748,-0.06607651710510254,-0.15408504009246826,0.1566954404115677,-0.6373243927955627,-0.387970507144928,0.5311774015426636,-0.8323186039924622,0.14177337288856506,0.4345190227031708,-0.28208601474761963
1749033596.0503793,0.795131266117096,-2.1269880733885707,1.4971345106707972,2.3988753992268066,-1.8882339636432093,3.29465389251709,-0.09083345532417297,0.06924110651016235,-0.06614808738231659,-0.14955846965312958,0.15593655407428741,-0.6351878643035889,-0.3577099144458771,0.522566556930542,-0.8554072976112366,0.1272837519645691,0.42337268590927124,-0.3214726150035858
1749033596.0504205,0.7949236035346985,-2.1268679104247035,1.4969990889178675,2.398587151164673,-1.887972656880514,3.2933104038238525,-0.08745729923248291,0.06775971502065659,-0.06643186509609222,-0.1491246223449707,0.15409496426582336,-0.6332470774650574,-0.36622709035873413,0.5068592429161072,-0.8401910662651062,0.13161446154117584,0.45841148495674133,-0.30684933066368103
1749033596.050459,0.7947672009468079,-2.126723428765768,1.4968555609332483,2.39829866468396,-1.8876155058490198,3.2920854091644287,-0.08816853165626526,0.07057265192270279,-0.06740103662014008,-0.14944633841514587,0.15382662415504456,-0.6309717297554016,-0.3615899980068207,0.4794657826423645,-0.8397939205169678,0.15694011747837067,0.4479523301124573,-0.3014393150806427
1749033596.0504973,0.7945489883422852,-2.1265961132445277,1.4967387358294886,2.3979717928120117,-1.8873098532306116,3.2908008098602295,-0.08866506814956665,0.06649233400821686,-0.06775577366352081,-0.14658161997795105,0.14965935051441193,-0.6275536417961121,-0.37779131531715393,0.519868791103363,-0.8334708213806152,0.13933704793453217,0.47097039222717285,-0.3714886009693146
1749033596.0505352,0.7943965792655945,-2.1264401874937953,1.4965913931476038,2.397745295161865,-1.887021843587057,3.2895405292510986,-0.08781969547271729,0.06661352515220642,-0.06812244653701782,-0.14486479759216309,0.15190990269184113,-0.6290884613990784,-0.3871234953403473,0.54461669921875,-0.8225261569023132,0.12745173275470734,0.4912378191947937,-0.3334123492240906
1749033596.0505729,0.7941930890083313,-2.1263348064818324,1.4964478651629847,2.397423191661499,-1.8867080847369593,3.2882912158966064,-0.08732805401086807,0.06938634067773819,-0.06781093776226044,-0.14369599521160126,0.15300865471363068,-0.6281939744949341,-0.37638211250305176,0.48538273572921753,-0.8212022185325623,0.10851354897022247,0.45399022102355957,-0.30802905559539795
1749033596.05061,0.7939636707305908,-2.126213689843649,1.496350113545553,2.397174282664917,-1.8864062468158167,3.2870700359344482,-0.08699408918619156,0.06589635461568832,-0.06780162453651428,-0.1415761411190033,0.1519717574119568,-0.6255131363868713,-0.3856102228164673,0.5343507528305054,-0.827608585357666,0.11429490149021149,0.4869973659515381,-0.37655338644981384
1749033596.050647,0.7938148379325867,-2.1260906658568324,1.4961560408221644,2.3969027239033203,-1.8861139456378382,3.285775899887085,-0.08737780898809433,0.06635726243257523,-0.06850838661193848,-0.14274194836616516,0.15311112999916077,-0.6266390085220337,-0.3944089710712433,0.5388457775115967,-0.823794424533844,0.08643214404582977,0.47651687264442444,-0.3465651273727417
1749033596.050684,0.7936859130859375,-2.125942369500631,1.4960711638080042,2.3966197210499267,-1.8857916037188929,3.2845311164855957,-0.08789494633674622,0.0651005357503891,-0.06810346990823746,-0.14408603310585022,0.15481357276439667,-0.6246740221977234,-0.38646531105041504,0.5491046905517578,-0.8136139512062073,0.10853497684001923,0.46523457765579224,-0.3462608754634857
1749033596.0507207,0.7935107350349426,-2.1258298359312953,1.4959343115436,2.396308107967041,-1.8854931036578577,3.283301830291748,-0.08780952543020248,0.06572233140468597,-0.06682836264371872,-0.14401990175247192,0.15507373213768005,-0.6264636516571045,-0.3893066942691803,0.537851870059967,-0.8165415525436401,0.08951041102409363,0.4616647958755493,-0.36424821615219116
1749033596.0507572,0.7932962775230408,-2.125669618646139,1.4958222548114222,2.3960351186939697,-1.8851707617389124,3.2820637226104736,-0.08799193799495697,0.06520694494247437,-0.06847665458917618,-0.1487547606229782,0.15762241184711456,-0.6269282102584839,-0.3803250789642334,0.548835039138794,-0.831705629825592,0.11403431743383408,0.43280184268951416,-0.34136274456977844
1749033596.0508006,0.7931361198425293,-2.1255375347533167,1.495690647755758,2.3957275587269287,-1.8848722616778772,3.2807600498199463,-0.08665738999843597,0.06475452333688736,-0.06786017119884491,-0.1453591138124466,0.15367740392684937,-0.6264933347702026,-0.4033164381980896,0.5423892140388489,-0.7965673208236694,0.12088824063539505,0.4379747807979584,-0.3595639169216156
1749033596.0508392,0.7929719090461731,-2.1254173717894496,1.4955552260028284,2.3954593378254394,-1.8845580259906214,3.279571294784546,-0.089334636926651,0.06527473777532578,-0.06622259318828583,-0.14712253212928772,0.15615729987621307,-0.623561441898346,-0.3519924581050873,0.5568335056304932,-0.8531767129898071,0.10143166780471802,0.45108938217163086,-0.3665199279785156
1749033596.0508766,0.7927659749984741,-2.125266214410299,1.4954116980182093,2.3951443868824462,-1.8842514196978968,3.2783143520355225,-0.08594907820224762,0.06476548314094543,-0.06733358651399612,-0.14805099368095398,0.1545981913805008,-0.625918984413147,-0.4093925356864929,0.5746802091598511,-0.8321242332458496,0.12667419016361237,0.4116317629814148,-0.3407473564147949
1749033596.0509138,0.7926129698753357,-2.1251965961852015,1.4952762762652796,2.3948439794727783,-1.8840058485614222,3.2770347595214844,-0.08892063051462173,0.06559573113918304,-0.06851083040237427,-0.14478494226932526,0.15155716240406036,-0.6258566975593567,-0.4006745517253876,0.5569349527359009,-0.796095609664917,0.1148090809583664,0.4516254961490631,-0.3825792372226715
1749033596.0509593,0.7924796342849731,-2.12502445797109,1.4951284567462366,2.394568367595337,-1.8836849371539515,3.2757816314697266,-0.08653710782527924,0.0667254775762558,-0.06729831546545029,-0.1461172103881836,0.1498154252767563,-0.6285404562950134,-0.383605420589447,0.5527304410934448,-0.8385166525840759,0.09838613867759705,0.4838244616985321,-0.36738213896751404
1749033596.0510015,0.7922651767730713,-2.1248728237547816,1.4949811140643519,2.3942617613026123,-1.8833635489093226,3.2745211124420166,-0.08865512162446976,0.06697389483451843,-0.06813693046569824,-0.14533846080303192,0.1485745906829834,-0.6304100155830383,-0.3867882788181305,0.5620920062065125,-0.827486515045166,0.09118612110614777,0.4922114610671997,-0.32887524366378784
1749033596.0510395,0.7920770645141602,-2.1247717342772425,1.4948762098895472,2.3939811426350097,-1.8830960432635706,3.273317813873291,-0.08915713429450989,0.06889619678258896,-0.06860750168561935,-0.14642702043056488,0.14800170063972473,-0.6295637488365173,-0.3481987416744232,0.5096727609634399,-0.7978016138076782,0.11079693585634232,0.5101810693740845,-0.3433980941772461
1749033596.0516567,0.7919097542762756,-2.124627252618307,1.4947636763202112,2.393686218852661,-1.8827975432025355,3.2720625400543213,-0.08826325833797455,0.06563951820135117,-0.06841792911291122,-0.14651957154273987,0.15007609128952026,-0.6309471726417542,-0.36932751536369324,0.5535933971405029,-0.7980764508247375,0.10114587843418121,0.5274543762207031,-0.3398400843143463
1749033596.0536568,0.7917072772979736,-2.124479909936422,1.4946163336383265,2.3934363561817626,-1.8824957052813929,3.2707712650299072,-0.08778593689203262,0.0667978897690773,-0.06830915808677673,-0.14807236194610596,0.15292216837406158,-0.632314920425415,-0.37215161323547363,0.5601131916046143,-0.8163281679153442,0.10299654304981232,0.5243880748748779,-0.33395811915397644
1749033596.0942924,0.791527509689331,-2.124354978600973,1.4944689909564417,2.3931137758442382,-1.8821538130389612,3.2694904804229736,-0.08731841295957565,0.06873331218957901,-0.06886841356754303,-0.14776349067687988,0.1566748172044754,-0.6313911080360413,-0.3599669933319092,0.5172056555747986,-0.78092360496521,0.11117275804281235,0.47155171632766724,-0.353096067905426
1749033596.094339,0.7913786768913269,-2.124211450616354,1.4943254629718226,2.3928024011799316,-1.8818815390216272,3.268249750137329,-0.08628756552934647,0.06563413888216019,-0.06618084013462067,-0.1485849767923355,0.15967093408107758,-0.6317353844642639,-0.41914820671081543,0.5237224698066711,-0.8334591388702393,0.10942178964614868,0.45816856622695923,-0.28716281056404114
1749033596.0943801,0.7912269830703735,-2.124106546441549,1.494197193776266,2.392514391536377,-1.8815258185016077,3.2669637203216553,-0.08758524805307388,0.06695256382226944,-0.06650694459676743,-0.14962996542453766,0.1607462465763092,-0.6290439367294312,-0.36677709221839905,0.5350629091262817,-0.8264850378036499,0.11885051429271698,0.45399707555770874,-0.31794342398643494
1749033596.0944202,0.791059136390686,-2.123911520043844,1.494061295186178,2.3922104078480224,-1.8812068144427698,3.2657177448272705,-0.08693596720695496,0.06711632013320923,-0.06999590247869492,-0.14768019318580627,0.15754476189613342,-0.6254691481590271,-0.3947964310646057,0.525205135345459,-0.7918778657913208,0.115717314183712,0.46704044938087463,-0.3367711901664734
1749033596.0944633,0.7908793091773987,-2.1238109074034632,1.4939640204059046,2.3919336038776855,-1.880918327962057,3.264457941055298,-0.0912250280380249,0.06706209480762482,-0.06670811772346497,-0.14820928871631622,0.1591503620147705,-0.6241583228111267,-0.3299878239631653,0.5233467817306519,-0.8110567927360535,0.11809635162353516,0.43994617462158203,-0.3165699243545532
1749033596.0945032,0.7906995415687561,-2.123631616631979,1.4938014189349573,2.3916546541401367,-1.8806079069720667,3.2632083892822266,-0.08733724802732468,0.06713595986366272,-0.06785160303115845,-0.15132887661457062,0.15357276797294617,-0.6233515739440918,-0.38581687211990356,0.5251240730285645,-0.8085020780563354,0.1439984291791916,0.4614759385585785,-0.36342641711235046
1749033596.0945415,0.7905637621879578,-2.1235696278014125,1.4936726729022425,2.391355200404785,-1.8803275267230433,3.2619433403015137,-0.08871924877166748,0.06582845747470856,-0.0679035484790802,-0.14798493683338165,0.15302956104278564,-0.6273583769798279,-0.37576621770858765,0.5460988283157349,-0.80023592710495,0.11871135979890823,0.4973147213459015,-0.3068782687187195
1749033596.0945792,0.7903094291687012,-2.1234337292113246,1.493537727986471,2.3910583692738037,-1.8800271193133753,3.2606148719787598,-0.08953086286783218,0.06561354547739029,-0.06839564442634583,-0.1475975662469864,0.15421804785728455,-0.6261906623840332,-0.3650510907173157,0.5482805371284485,-0.7994425892829895,0.12080083787441254,0.4697014093399048,-0.2809860408306122
1749033596.0946167,0.7901768088340759,-2.123274942437643,1.4934394995318812,2.3907672601887207,-1.8797290960894983,3.25935959815979,-0.08912704885005951,0.06588604301214218,-0.06796254217624664,-0.14612501859664917,0.15236133337020874,-0.6224997639656067,-0.3594810664653778,0.5233910083770752,-0.7964407801628113,0.12087640911340714,0.4931168556213379,-0.3258064389228821
1749033596.0946548,0.7899940013885498,-2.123118063012594,1.4932578245746058,2.390486403102539,-1.8794220129596155,3.2581844329833984,-0.08938705921173096,0.06611178070306778,-0.06792847812175751,-0.14629913866519928,0.1535397619009018,-0.6197661757469177,-0.3543407917022705,0.5344750881195068,-0.7879270911216736,0.09982457756996155,0.4976092278957367,-0.3061118721961975
1749033596.0946927,0.789852499961853,-2.122998376885885,1.4931257406817835,2.3901797968098144,-1.8791120688067835,3.256932497024536,-0.08901434391736984,0.06600130349397659,-0.06772308796644211,-0.1465606391429901,0.1543341726064682,-0.6158281564712524,-0.3518540859222412,0.5344976186752319,-0.7936210036277771,0.11343561112880707,0.4827909469604492,-0.3431694805622101
1749033596.0947304,0.7896467447280884,-2.1229096851744593,1.4930251280414026,2.3899077612110595,-1.878796402608053,3.2556633949279785,-0.08929817378520966,0.0665019080042839,-0.06657645851373672,-0.14702360332012177,0.1553029716014862,-0.6173997521400452,-0.358705997467041,0.5167193412780762,-0.7919198274612427,0.11085919290781021,0.49124619364738464,-0.3909169137477875
1749033596.0947678,0.7894400358200073,-2.122746606866354,1.4928658644305628,2.389584465617798,-1.8784545103656214,3.254443883895874,-0.08977756649255753,0.06588447839021683,-0.06596653908491135,-0.14847901463508606,0.1594141274690628,-0.6210610866546631,-0.3642330467700958,0.5685141086578369,-0.8123795390129089,0.10315936803817749,0.4995933771133423,-0.3358374238014221
1749033596.0948052,0.7892646193504333,-2.1226026020445765,1.492718521748678,2.389300747508667,-1.8781622091876429,3.2531988620758057,-0.0890999510884285,0.06707321852445602,-0.06570128351449966,-0.15244489908218384,0.16012480854988098,-0.6230841279029846,-0.3558502793312073,0.5517033934593201,-0.8239436745643616,0.12006128579378128,0.4455677568912506,-0.3371739983558655
1749033596.094843,0.7891055941581726,-2.1224733791747035,1.4926021734820765,2.389000578517578,-1.877847973500387,3.2519352436065674,-0.08807288855314255,0.0672052651643753,-0.06543251127004623,-0.14823533594608307,0.15855638682842255,-0.6213570833206177,-0.34965288639068604,0.49355605244636536,-0.8275623321533203,0.12704899907112122,0.44562360644340515,-0.348967969417572
1749033596.0948806,0.7888987064361572,-2.1223374805846156,1.4925010840045374,2.3886729913898925,-1.8775132338153284,3.250762939453125,-0.09038790315389633,0.06534778326749802,-0.06585682183504105,-0.14543579518795013,0.16045613586902618,-0.619451642036438,-0.33843135833740234,0.5351735353469849,-0.8153746724128723,0.099681556224823,0.4334307014942169,-0.3294976055622101
1749033596.0949185,0.7887342572212219,-2.1221777401366175,1.492338005696432,2.3883930879780273,-1.8772223631488245,3.249476671218872,-0.08538857102394104,0.06529095768928528,-0.06570017337799072,-0.14932581782341003,0.15587715804576874,-0.6187496185302734,-0.4101738929748535,0.5357197523117065,-0.840804398059845,0.14648044109344482,0.43384838104248047,-0.39468520879745483
1749033596.0949554,0.7885444164276123,-2.1220766506590785,1.4922063986407679,2.3880860048481445,-1.876946274434225,3.248286247253418,-0.08812666684389114,0.06846057623624802,-0.0660819411277771,-0.14519639313220978,0.1536540538072586,-0.6259881258010864,-0.3692340850830078,0.4994651675224304,-0.8334200978279114,0.10545124113559723,0.44329774379730225,-0.37403956055641174
1749033596.094997,0.7884272933006287,-2.121901651422018,1.4920743147479456,2.3877929884144287,-1.8765776793109339,3.2469208240509033,-0.08734070509672165,0.06544054299592972,-0.06622608751058578,-0.14673912525177002,0.15236304700374603,-0.6267727613449097,-0.36883753538131714,0.541941225528717,-0.8268741965293884,0.13263154029846191,0.4801577031612396,-0.3308766782283783
1749033596.0950353,0.7882753610610962,-2.1218425236144007,1.4919269720660608,2.3875395494648437,-1.8762968222247522,3.245757818222046,-0.08895919471979141,0.0667555183172226,-0.06633543968200684,-0.1461736112833023,0.15185809135437012,-0.6264445781707764,-0.4108046293258667,0.5272625088691711,-0.8374956250190735,0.12270046770572662,0.4835473895072937,-0.3641572594642639
1749033596.0957189,0.7882753610610962,-2.1218425236144007,1.4919269720660608,2.3875395494648437,-1.8762968222247522,3.245757818222046,-0.08895919471979141,0.0667555183172226,-0.06633543968200684,-0.1461736112833023,0.15185809135437012,-0.6264445781707764,-0.4108046293258667,0.5272625088691711,-0.8374956250190735,0.12270046770572662,0.4835473895072937,-0.3641572594642639
1749033596.0976768,0.7880763411521912,-2.1216560802855433,1.4918068091021937,2.387233181590698,-1.875970188771383,3.2444896697998047,-0.09098938852548599,0.06666786968708038,-0.06641180068254471,-0.1466297060251236,0.15181143581867218,-0.6266802549362183,-0.3916172683238983,0.533984363079071,-0.8311557769775391,0.12047156691551208,0.48051267862319946,-0.36156344413757324
1749033596.138289,0.7877267599105835,-2.1213885746397914,1.4915502707110804,2.386643095607422,-1.8753398100482386,3.2419943809509277,-0.0896284431219101,0.06650734692811966,-0.06783311069011688,-0.14502307772636414,0.15295393764972687,-0.6288910508155823,-0.37925755977630615,0.5539547801017761,-0.807934582233429,0.1145019605755806,0.4852800965309143,-0.40280720591545105
1749033596.1383355,0.7875192761421204,-2.1212717495360316,1.4914143721209925,2.386359377498291,-1.8750212828265589,3.2407467365264893,-0.08932474255561829,0.0664232149720192,-0.066082663834095,-0.1441500186920166,0.15437284111976624,-0.633421778678894,-0.3971007466316223,0.534618616104126,-0.8316183090209961,0.08652178943157196,0.4593992233276367,-0.36088910698890686
1749033596.1383765,0.7873468995094299,-2.1211120090880335,1.4913046995746058,2.3860785204121093,-1.8746760527240198,3.2394583225250244,-0.08949748426675797,0.06498713791370392,-0.0662785992026329,-0.14599615335464478,0.15517859160900116,-0.6338831186294556,-0.3692851662635803,0.5275948643684387,-0.8405292630195618,0.0920080840587616,0.4583902955055237,-0.3607083857059479
1749033596.1384163,0.7872456908226013,-2.1210152111449183,1.491119686757223,2.385775013560913,-1.8743723074542444,3.2382261753082275,-0.09085594117641449,0.0667639896273613,-0.06898070871829987,-0.14604951441287994,0.1536596566438675,-0.6336381435394287,-0.3867390751838684,0.5201631784439087,-0.8008812665939331,0.08437181264162064,0.4485997259616852,-0.3403133451938629
1749033596.1384556,0.7869880795478821,-2.120878835717672,1.4910104910479944,2.3854562479206542,-1.8740876356707972,3.2369489669799805,-0.08843724429607391,0.06546187400817871,-0.06592804193496704,-0.1492292582988739,0.15464742481708527,-0.630837082862854,-0.34170323610305786,0.4822268486022949,-0.8297642469406128,0.1356354057788849,0.39115312695503235,-0.25104373693466187
1749033596.1384943,0.7868297100067139,-2.1207224331297816,1.4908750692950647,2.3852338033863525,-1.8738349119769495,3.2356810569763184,-0.0867089107632637,0.06417766213417053,-0.06623575091362,-0.14395488798618317,0.14837394654750824,-0.6240865588188171,-0.36677414178848267,0.5089559555053711,-0.8280708193778992,0.10717996954917908,0.42652425169944763,-0.27613192796707153
1749033596.1385322,0.7867119312286377,-2.120579858819479,1.4907429854022425,2.3849186140247802,-1.8735373655902308,3.2344608306884766,-0.08822084963321686,0.062134336680173874,-0.06603299826383591,-0.14470221102237701,0.14341694116592407,-0.6204502582550049,-0.32863694429397583,0.49364134669303894,-0.8297797441482544,0.08561623096466064,0.4683363139629364,-0.3155289888381958
1749033596.138569,0.7865170836448669,-2.1204544506468714,1.4906113783465784,2.3846120077320556,-1.8732345739947718,3.23319673538208,-0.08543816953897476,0.06091872230172157,-0.06565725803375244,-0.14457091689109802,0.14477764070034027,-0.6161836385726929,-0.41338127851486206,0.5661512017250061,-0.8197726011276245,0.11885061860084534,0.4547901153564453,-0.2672295570373535
1749033596.1386068,0.7863068580627441,-2.1203342876830042,1.490478817616598,2.3843392568775634,-1.8729284445392054,3.2320199012756348,-0.08671685308218002,0.06208188459277153,-0.06538167595863342,-0.14151589572429657,0.1417100876569748,-0.612952709197998,-0.4336300492286682,0.5811672210693359,-0.8540612459182739,0.07544465363025665,0.5322213172912598,-0.40442124009132385
1749033596.1386452,0.7861551642417908,-2.12020268062734,1.4903586546527308,2.384032650584839,-1.8726170698748987,3.230756998062134,-0.08877810090780258,0.06706477701663971,-0.06640536338090897,-0.14346708357334137,0.14420072734355927,-0.6168637275695801,-0.43493223190307617,0.5395222306251526,-0.8297488689422607,0.08350570499897003,0.5391883850097656,-0.3957919180393219
1749033596.138687,0.7860025763511658,-2.1201168499388636,1.4902389685260218,2.3837758737751464,-1.8723962942706507,3.2295238971710205,-0.08950384706258774,0.06497256457805634,-0.06377443671226501,-0.1437593251466751,0.14925171434879303,-0.622901439666748,-0.4185665249824524,0.5706648230552673,-0.86391681432724,0.07446060329675674,0.5294449329376221,-0.3870046138763428
1749033596.1387248,0.7857885360717773,-2.1199499569334925,1.4901159445392054,2.383500023479126,-1.871981445943014,3.228273868560791,-0.09117718786001205,0.06801295280456543,-0.06423681974411011,-0.14519259333610535,0.15319359302520752,-0.6252852082252502,-0.38867634534835815,0.5377521514892578,-0.8551614880561829,0.07617293298244476,0.4892388582229614,-0.38164907693862915
1749033596.1387618,0.7856248021125793,-2.119845529595846,1.490009609852926,2.383216066951416,-1.87172776857485,3.2270326614379883,-0.09041719883680344,0.06698097288608551,-0.06804191321134567,-0.14487610757350922,0.15615496039390564,-0.6281487345695496,-0.38339507579803467,0.5090961456298828,-0.8283569812774658,0.06370407342910767,0.45413485169410706,-0.3107298016548157
1749033596.1387982,0.7854373455047607,-2.119697233239645,1.4898741880999964,2.38293640195813,-1.8714044729815882,3.225752830505371,-0.08995228260755539,0.06653178483247757,-0.06507251411676407,-0.14481714367866516,0.15959544479846954,-0.6281577348709106,-0.35696160793304443,0.5403850674629211,-0.8508175611495972,0.05552123486995697,0.4603143036365509,-0.3174806237220764
1749033596.138835,0.7852580547332764,-2.119565626183981,1.4897201696978968,2.3826209741779785,-1.8710745016681116,3.2245266437530518,-0.0891214981675148,0.06642459332942963,-0.06623119860887527,-0.1483922004699707,0.15671035647392273,-0.6247159242630005,-0.39501720666885376,0.5118647217750549,-0.8534073829650879,0.056579090654850006,0.4452500343322754,-0.3557180166244507
1749033596.1388717,0.7850321531295776,-2.1194054088988246,1.4895485083209437,2.3823372560688476,-1.8707450071917933,3.2233002185821533,-0.08795320242643356,0.06656670570373535,-0.06775731593370438,-0.14827153086662292,0.15358465909957886,-0.6235690712928772,-0.4058976173400879,0.5062940716743469,-0.8498662114143372,0.059528760612010956,0.4572950601577759,-0.32083091139793396
1749033596.1389084,0.7849023342132568,-2.119272848168844,1.4894269148456019,2.382033510799072,-1.8704059759723108,3.222003698348999,-0.09243369102478027,0.06623387336730957,-0.06765706837177277,-0.1487957239151001,0.15605373680591583,-0.6249315738677979,-0.3491637706756592,0.5204453468322754,-0.8565930724143982,0.07942187041044235,0.42501646280288696,-0.3620700240135193
1749033596.1389456,0.7847000360488892,-2.1191379032530726,1.489279572163717,2.381737394923828,-1.8701484839068812,3.22068190574646,-0.08880679309368134,0.0668191909790039,-0.06798066198825836,-0.15398135781288147,0.15191525220870972,-0.6271570920944214,-0.3877961039543152,0.542272686958313,-0.833114743232727,0.0898737907409668,0.4447745084762573,-0.34781718254089355
1749033596.138982,0.7845367193222046,-2.1189848385252894,1.4891355673419397,2.3814491468616943,-1.8698270956622522,3.2194952964782715,-0.09196112304925919,0.06852136552333832,-0.06817416101694107,-0.15068204700946808,0.15175871551036835,-0.6287140846252441,-0.36921611428260803,0.5029093623161316,-0.8165370225906372,0.09813475608825684,0.4507855176925659,-0.3260415494441986
1749033596.1390193,0.7844005227088928,-2.118887563745016,1.4890192190753382,2.3811308580585937,-1.869547192250387,3.218188524246216,-0.0873606875538826,0.06726722419261932,-0.06830066442489624,-0.14984165132045746,0.15180610120296478,-0.6263250708580017,-0.3832297921180725,0.523067057132721,-0.8345485329627991,0.09288260340690613,0.4638187885284424,-0.34832754731178284
1749033596.1396494,0.7842174768447876,-2.118767400781149,1.488863770161764,2.3807996946522216,-1.8691981474505823,3.217007875442505,-0.08996720612049103,0.06690007448196411,-0.06669528782367706,-0.15018364787101746,0.1521233469247818,-0.6268296837806702,-0.3746695816516876,0.5125595331192017,-0.8381897807121277,0.0921265184879303,0.46825188398361206,-0.3336881697177887
1749033596.1416292,0.7840501070022583,-2.1186090908446253,1.4887431303607386,2.380507393474243,-1.8689058462726038,3.2156848907470703,-0.08986362814903259,0.06648489832878113,-0.06628713756799698,-0.14906887710094452,0.1520870327949524,-0.6262288093566895,-0.39664316177368164,0.5372731685638428,-0.8367873430252075,0.09649025648832321,0.4595932066440582,-0.3396337330341339
1749033596.1822958,0.7838226556777954,-2.1185394726195277,1.4886043707477015,2.3801919656940917,-1.8686216513263147,3.21443772315979,-0.08914011716842651,0.06578581035137177,-0.06589872390031815,-0.14930957555770874,0.15391121804714203,-0.6273060441017151,-0.38980066776275635,0.543631911277771,-0.8470568060874939,0.07876071333885193,0.4540278911590576,-0.3741733431816101
1749033596.1823432,0.7836598753929138,-2.118422647515768,1.4884689489947718,2.37988726675,-1.8682645002948206,3.213165283203125,-0.08812816441059113,0.06755801290273666,-0.06670097261667252,-0.14951184391975403,0.15373361110687256,-0.6290597319602966,-0.3985929787158966,0.5272891521453857,-0.8444466590881348,0.09682344645261765,0.4361097812652588,-0.3358202576637268
1749033596.1823845,0.7834910154342651,-2.118267675439352,1.4883440176593226,2.379622383708618,-1.867983643208639,3.211925745010376,-0.08942082524299622,0.0662434846162796,-0.06685221195220947,-0.1493997424840927,0.1543925255537033,-0.6297925710678101,-0.38979363441467285,0.5353073477745056,-0.8672508001327515,0.10199875384569168,0.45135676860809326,-0.36498886346817017
1749033596.1824236,0.78333979845047,-2.1180764637389125,1.488227669392721,2.379296227092407,-1.867668930684225,3.2106754779815674,-0.09053350985050201,0.06562290340662003,-0.06706893444061279,-0.14999182522296906,0.1543673872947693,-0.6303512454032898,-0.38648462295532227,0.577285885810852,-0.8730365633964539,0.10827174782752991,0.4381297826766968,-0.37267744541168213
1749033596.1824625,0.7831287980079651,-2.117978712121481,1.4880841414081019,2.3789843755909423,-1.8673508802997034,3.209425210952759,-0.0895719900727272,0.06730334460735321,-0.06798023730516434,-0.14782078564167023,0.15814778208732605,-0.6343980431556702,-0.36140871047973633,0.5653336048126221,-0.8351488709449768,0.1017448902130127,0.42493298649787903,-0.3527572453022003
1749033596.182501,0.7829694151878357,-2.1178819141783656,1.4879277388202112,2.3787006574818115,-1.8670275847064417,3.2081353664398193,-0.09084928035736084,0.06808636337518692,-0.06849056482315063,-0.14938703179359436,0.15366242825984955,-0.6353790163993835,-0.3591475188732147,0.5075017213821411,-0.8418228626251221,0.1038486510515213,0.4210284948348999,-0.3562338352203369
1749033596.1825392,0.7827547192573547,-2.117702623406881,1.4878113905536097,2.378408117885254,-1.8667133490191858,3.206878662109375,-0.08896707743406296,0.06393277645111084,-0.06938749551773071,-0.14706595242023468,0.15013106167316437,-0.6374177932739258,-0.40900465846061707,0.5602530241012573,-0.8253440260887146,0.10186886042356491,0.4409099221229553,-0.33137962222099304
1749033596.1825802,0.7825793623924255,-2.1175905666747035,1.4876330534564417,2.378112478847168,-1.8664096037494105,3.2055914402008057,-0.09201996773481369,0.06602385640144348,-0.06865476071834564,-0.14362743496894836,0.15300114452838898,-0.6383704543113708,-0.3812263309955597,0.5702410340309143,-0.8319461345672607,0.09535862505435944,0.4248417317867279,-0.28883230686187744
1749033596.1826184,0.7824073433876038,-2.1174851856627406,1.4874733130084437,2.3778249460407714,-1.866110626851217,3.204277753829956,-0.08859673142433167,0.06631087511777878,-0.07092005014419556,-0.14652808010578156,0.14927592873573303,-0.6341292262077332,-0.3697429895401001,0.565364420413971,-0.805459201335907,0.07018841803073883,0.437612920999527,-0.3116055727005005
1749033596.1826558,0.7822319269180298,-2.11733402828359,1.4873293081866663,2.37754408895459,-1.865861717854635,3.203026056289673,-0.09031093865633011,0.065736323595047,-0.06792223453521729,-0.14523497223854065,0.1495237946510315,-0.6314423084259033,-0.3699836730957031,0.545657753944397,-0.8173624277114868,0.09676848351955414,0.46503913402557373,-0.30883800983428955
1749033596.1826935,0.7820022702217102,-2.117186208764547,1.4872201124774378,2.377237005824707,-1.8655126730548304,3.201765775680542,-0.09109167754650116,0.06612161546945572,-0.06739751994609833,-0.14559929072856903,0.15052828192710876,-0.6291193962097168,-0.37391090393066406,0.558067798614502,-0.8331164121627808,0.08752591907978058,0.46979016065597534,-0.34464016556739807
1749033596.1827304,0.7818613052368164,-2.1170574627318324,1.4870575110064905,2.3769559103199462,-1.8651626745807093,3.200519561767578,-0.09077609330415726,0.06710366904735565,-0.06956084072589874,-0.14751391112804413,0.15169265866279602,-0.630759060382843,-0.3599396347999573,0.5672295093536377,-0.8040943145751953,0.1174306720495224,0.4712367653846741,-0.3759402334690094
1749033596.1827674,0.7816694974899292,-2.1168586216368617,1.4869063536273401,2.3766612249561767,-1.864922825490133,3.199249267578125,-0.0882912278175354,0.06558597087860107,-0.06852307915687561,-0.14905408024787903,0.15241862833499908,-0.6345523595809937,-0.3508172929286957,0.5634099841117859,-0.7854200005531311,0.11256726831197739,0.45978349447250366,-0.31154999136924744
1749033596.182808,0.7814985513687134,-2.1167923412718714,1.4868090788470667,2.37640826284375,-1.8646376768695276,3.197934865951538,-0.08843154460191727,0.06705397367477417,-0.0675179734826088,-0.14930394291877747,0.15192711353302002,-0.633886456489563,-0.39729243516921997,0.523807168006897,-0.8176835179328918,0.1120968759059906,0.4674255847930908,-0.3041221499443054
1749033596.1828456,0.7813157439231873,-2.1166020832457484,1.4866684118853968,2.376070185298584,-1.864288632069723,3.1966118812561035,-0.08780362457036972,0.0697048231959343,-0.06793449074029922,-0.14689548313617706,0.15542255342006683,-0.6305955052375793,-0.38154006004333496,0.5357234477996826,-0.8080732822418213,0.0837792232632637,0.4827914834022522,-0.3221644163131714
1749033596.1828823,0.7811790704727173,-2.1165014706053675,1.4865482489215296,2.3757738310047607,-1.8640435377704065,3.1954095363616943,-0.08701054751873016,0.06650494784116745,-0.06831319630146027,-0.15078063309192657,0.154338538646698,-0.6249253153800964,-0.3862770199775696,0.5165326595306396,-0.8025738000869751,0.11506211757659912,0.4607419967651367,-0.2992125153541565
1749033596.1829185,0.7809731364250183,-2.116337915460104,1.4864075819598597,2.3754581648060302,-1.8636825720416468,3.1942081451416016,-0.08621654659509659,0.06646815687417984,-0.06809871643781662,-0.14718058705329895,0.15278299152851105,-0.621337354183197,-0.40697574615478516,0.5488355159759521,-0.8125750422477722,0.11244615167379379,0.4632587432861328,-0.37850695848464966
1749033596.1829548,0.7808052897453308,-2.1162125072874964,1.4862883726703089,2.3751937586018066,-1.8634026686297815,3.1929361820220947,-0.0894690752029419,0.06862051784992218,-0.0670844316482544,-0.14547976851463318,0.15726597607135773,-0.6253278851509094,-0.35984089970588684,0.5279097557067871,-0.7997327446937561,0.09270866960287094,0.4468008279800415,-0.3830447196960449
1749033596.182991,0.7806525826454163,-2.1160923443236292,1.4861562887774866,2.3748625951954345,-1.8631227652179163,3.1916861534118652,-0.0873393714427948,0.06811396032571793,-0.07031060755252838,-0.14998477697372437,0.155394047498703,-0.6294769644737244,-0.39503011107444763,0.5042436718940735,-0.7883321642875671,0.1247585266828537,0.4506968855857849,-0.3100751042366028
1749033596.1830275,0.7804669737815857,-2.1159831486144007,1.48602801958193,2.3745781618305664,-1.862741772328512,3.1903645992279053,-0.09063936024904251,0.06688779592514038,-0.06514235585927963,-0.14757180213928223,0.15426750481128693,-0.6255953311920166,-0.372511088848114,0.5241578817367554,-0.8108012676239014,0.10952278971672058,0.4489891827106476,-0.35110002756118774
1749033596.1836693,0.7804669737815857,-2.1159831486144007,1.48602801958193,2.3745781618305664,-1.862741772328512,3.1903645992279053,-0.09063936024904251,0.06688779592514038,-0.06514235585927963,-0.14757180213928223,0.15426750481128693,-0.6255953311920166,-0.372511088848114,0.5241578817367554,-0.8108012676239014,0.10952278971672058,0.4489891827106476,-0.35110002756118774
1749033596.1856396,0.7803135514259338,-2.115776678124899,1.4858234564410608,2.3742944437214355,-1.862481419240133,3.189147472381592,-0.0870094895362854,0.06874609738588333,-0.06427723169326782,-0.14816290140151978,0.15430566668510437,-0.625605046749115,-0.4015549123287201,0.49666130542755127,-0.835241436958313,0.12236881256103516,0.4455299973487854,-0.35959744453430176
1749033596.2269444,0.7799394726753235,-2.1155711613097132,1.4855697790728968,2.3737098413654785,-1.861828629170553,3.186687469482422,-0.08940243721008301,0.06649988144636154,-0.06585777550935745,-0.1467491239309311,0.15507562458515167,-0.6254623532295227,-0.4052997827529907,0.5310431122779846,-0.7991822361946106,0.1001339927315712,0.4548565745353699,-0.39051660895347595
1749033596.227013,0.7797289490699768,-2.1154076061644496,1.4854539076434534,2.3733836847492675,-1.8615487257586878,3.1854751110076904,-0.09003755450248718,0.06656713783740997,-0.06583580374717712,-0.14646749198436737,0.15503688156604767,-0.6321882009506226,-0.39881980419158936,0.5403903126716614,-0.8256478905677795,0.11302796006202698,0.46065470576286316,-0.3700307309627533
1749033596.2270794,0.7795809507369995,-2.115279336968893,1.4853251616107386,2.373070641154907,-1.861206356679098,3.18416428565979,-0.0901777520775795,0.06582335382699966,-0.06621687114238739,-0.1460425704717636,0.15611131489276886,-0.6353216767311096,-0.37469232082366943,0.5471807718276978,-0.8101097345352173,0.10093972086906433,0.4519788324832916,-0.33637934923171997
1749033596.2271318,0.7793743014335632,-2.115150590936178,1.4852202574359339,2.372774525279663,-1.860910717641012,3.1828832626342773,-0.08963295072317123,0.06572480499744415,-0.06656219065189362,-0.14589372277259827,0.1550733894109726,-0.6336274147033691,-0.3735327124595642,0.5545763373374939,-0.8230911493301392,0.10522650182247162,0.43929344415664673,-0.37049755454063416
1749033596.2271733,0.7791870832443237,-2.1149994335570277,1.4850385824786585,2.3724896150776367,-1.8605926672564905,3.1815972328186035,-0.08925947546958923,0.06481026858091354,-0.06641657650470734,-0.14706310629844666,0.15764054656028748,-0.6337853670120239,-0.36775755882263184,0.5319457054138184,-0.806185781955719,0.12846983969211578,0.44239649176597595,-0.32263702154159546
1749033596.2272139,0.7789812684059143,-2.114890237847799,1.4849260489093226,2.372201843852661,-1.8603060881244105,3.1803905963897705,-0.08614366501569748,0.06475912034511566,-0.06581719219684601,-0.14778673648834229,0.1551847904920578,-0.6307117342948914,-0.4147302508354187,0.5525975823402405,-0.8076820373535156,0.09556596726179123,0.4352198541164398,-0.3821732699871063
1749033596.227253,0.7788631319999695,-2.114781518975729,1.4847834745990198,2.3719357687183837,-1.8599746862994593,3.1791505813598633,-0.09155819565057755,0.06508675217628479,-0.06596774607896805,-0.14572113752365112,0.15527953207492828,-0.6350377202033997,-0.3650690019130707,0.5669424533843994,-0.82947838306427,0.13088268041610718,0.4456343650817871,-0.37769025564193726
1749033596.2272923,0.7787032127380371,-2.1146136722960414,1.484649960194723,2.371624632472656,-1.8596394697772425,3.1778955459594727,-0.08731479197740555,0.06595414876937866,-0.06595481932163239,-0.14841271936893463,0.15921851992607117,-0.6364402174949646,-0.40111207962036133,0.5670843124389648,-0.8275116682052612,0.11706138402223587,0.38922396302223206,-0.28723907470703125
1749033596.2273302,0.7785124778747559,-2.1144477329649867,1.4845183531390589,2.371332569713257,-1.8593595663653772,3.176608085632324,-0.08864501118659973,0.0656578540802002,-0.06607969850301743,-0.14447994530200958,0.15475085377693176,-0.6344408988952637,-0.4306718409061432,0.5771414041519165,-0.8323150277137756,0.10617417097091675,0.41454771161079407,-0.3471945524215698
1749033596.2273684,0.7783212661743164,-2.114310403863424,1.4844015280352991,2.371032639140747,-1.8590558210956019,3.1753463745117188,-0.0888887420296669,0.06617115437984467,-0.0659097284078598,-0.1427745819091797,0.15566863119602203,-0.6347453594207764,-0.37194517254829407,0.5557186603546143,-0.8138551712036133,0.09640449285507202,0.4210910201072693,-0.3374001383781433
1749033596.2274063,0.7781694531440735,-2.1142131290831507,1.4842231909381312,2.370744152660034,-1.8587186972247522,3.1741013526916504,-0.08941388130187988,0.06664223968982697,-0.0653262734413147,-0.1474117934703827,0.15542952716350555,-0.6350854635238647,-0.41091468930244446,0.5539317727088928,-0.8287316560745239,0.10136399418115616,0.4208299219608307,-0.3664012551307678
1749033596.2274444,0.7779710292816162,-2.1140619717040003,1.4841449896441858,2.3704592424580078,-1.85838491121401,3.172775983810425,-0.0903814360499382,0.07034455984830856,-0.0661698579788208,-0.14537844061851501,0.15460467338562012,-0.6346193552017212,-0.36667102575302124,0.4703413248062134,-0.841076135635376,0.09806482493877411,0.413899302482605,-0.385345458984375
1749033596.227488,0.7777762413024902,-2.1139141521849574,1.4840248266803187,2.3701676565357666,-1.8581398169146937,3.1715166568756104,-0.08998916298151016,0.06563438475131989,-0.06445853412151337,-0.14748692512512207,0.1530284881591797,-0.637377917766571,-0.38283899426460266,0.544937252998352,-0.8240137696266174,0.1192387044429779,0.45000532269477844,-0.3283173739910126
1749033596.2275312,0.7776627540588379,-2.1138011417784632,1.483877960835592,2.36988274633374,-1.8578017393695276,3.1702303886413574,-0.0895899087190628,0.06573149561882019,-0.06414040923118591,-0.1496427357196808,0.15299206972122192,-0.6361451148986816,-0.41434991359710693,0.558804452419281,-0.849797248840332,0.11139152199029922,0.4455013573169708,-0.3248927593231201
1749033596.2275693,0.7774553298950195,-2.113688131371969,1.4837072531329554,2.369598551387451,-1.8575452009784144,3.168954610824585,-0.09032075107097626,0.06868360191583633,-0.06516286730766296,-0.15054182708263397,0.15278391540050507,-0.63523930311203,-0.38570666313171387,0.5034725069999695,-0.8404402732849121,0.12935234606266022,0.4624582529067993,-0.33401790261268616
1749033596.227607,0.7772761583328247,-2.1135360203185023,1.4835909048663538,2.369270010585449,-1.8572271505938929,3.167691230773926,-0.0904216542840004,0.06570972502231598,-0.06533263623714447,-0.14982494711875916,0.15760675072669983,-0.6323884129524231,-0.3753310441970825,0.515899658203125,-0.844222903251648,0.1373234987258911,0.4142712354660034,-0.28844910860061646
1749033596.227649,0.7771214842796326,-2.1134044132628382,1.4834469000445765,2.3689703184315185,-1.8569195906268519,3.166409492492676,-0.0903104618191719,0.0661921575665474,-0.0651308074593544,-0.15166793763637543,0.1525232195854187,-0.6280049085617065,-0.38168689608573914,0.5412087440490723,-0.8510314226150513,0.14687828719615936,0.4504167437553406,-0.34691211581230164
1749033596.2277017,0.7768984436988831,-2.113288541833395,1.483331028615133,2.368666334743164,-1.8565977255450647,3.1651344299316406,-0.09011223167181015,0.06714519113302231,-0.06776243448257446,-0.14768488705158234,0.1501343995332718,-0.6280196905136108,-0.38494592905044556,0.5362128019332886,-0.8263168334960938,0.13761338591575623,0.4794968366622925,-0.3491705358028412
1749033596.227748,0.7767268419265747,-2.1131016216673792,1.4831679503070276,2.3683695036121826,-1.8562787214862269,3.163940906524658,-0.09217828512191772,0.067764513194561,-0.06476942449808121,-0.14640983939170837,0.15211491286754608,-0.6274077296257019,-0.3550170660018921,0.5183346271514893,-0.8568486571311951,0.1347743421792984,0.46467703580856323,-0.3159964978694916
1749033596.2277868,0.776508092880249,-2.1130243740477503,1.483070198689596,2.368065281505249,-1.8560226599322718,3.1626789569854736,-0.08911928534507751,0.06770941615104675,-0.06508882343769073,-0.15093518793582916,0.14934492111206055,-0.6270993947982788,-0.34631937742233276,0.4860329031944275,-0.8498311638832092,0.15512681007385254,0.49450206756591797,-0.33756959438323975
1749033596.2279248,0.776508092880249,-2.1130243740477503,1.483070198689596,2.368065281505249,-1.8560226599322718,3.1626789569854736,-0.08911928534507751,0.06770941615104675,-0.06508882343769073,-0.15093518793582916,0.14934492111206055,-0.6270993947982788,-0.34631937742233276,0.4860329031944275,-0.8498311638832092,0.15512681007385254,0.49450206756591797,-0.33756959438323975
1749033596.2296784,0.7761964201927185,-2.112734933892721,1.4827912489520472,2.367511673564575,-1.8553698698626917,3.160187244415283,-0.09020005911588669,0.06754060089588165,-0.06644618511199951,-0.14589713513851166,0.15266703069210052,-0.625038206577301,-0.35087937116622925,0.5185046792030334,-0.8404392600059509,0.14214478433132172,0.4824352562427521,-0.3781746029853821
1749033596.270305,0.7760009765625,-2.1125999889769496,1.482659165059225,2.367192192668579,-1.855058495198385,3.158932685852051,-0.08736927807331085,0.06611470878124237,-0.06642249971628189,-0.1437644064426422,0.15343265235424042,-0.6283973455429077,-0.42734017968177795,0.5339608192443848,-0.8518534898757935,0.11895165592432022,0.4739583432674408,-0.3904796242713928
1749033596.270352,0.7758106589317322,-2.1124755344786585,1.4825275580035608,2.3668998914906005,-1.8548100630389612,3.1576812267303467,-0.08953900635242462,0.06944126635789871,-0.06628067791461945,-0.14296622574329376,0.153467059135437,-0.6303988099098206,-0.3578323423862457,0.4836994409561157,-0.8363120555877686,0.10265243053436279,0.4719340205192566,-0.306643009185791
1749033596.2704015,0.7756268382072449,-2.112335344354147,1.4823797384845179,2.3666156965443115,-1.8544400374041956,3.156425952911377,-0.08897483348846436,0.06469225883483887,-0.0668473169207573,-0.14367151260375977,0.1533576101064682,-0.6303985714912415,-0.3876546621322632,0.5641641616821289,-0.8114593625068665,0.08774609118700027,0.49224036931991577,-0.39522626996040344
1749033596.270457,0.7754546999931335,-2.1121870479979457,1.4822357336627405,2.3663508135029296,-1.8541377226458948,3.1551742553710938,-0.09012070298194885,0.06577159464359283,-0.06534479558467865,-0.14454154670238495,0.15345874428749084,-0.6300542950630188,-0.3621290922164917,0.5241252779960632,-0.8450501561164856,0.11185859888792038,0.47500234842300415,-0.34161317348480225
1749033596.2704973,0.775280237197876,-2.1120320759215296,1.4821108023272913,2.366043730373047,-1.8537920157061976,3.1539292335510254,-0.08941318094730377,0.06858480721712112,-0.06568115204572678,-0.1448148638010025,0.15469510853290558,-0.6312150359153748,-0.36330199241638184,0.4931735396385193,-0.8562211990356445,0.09076885879039764,0.4868842363357544,-0.33790770173072815
1749033596.2705355,0.7751357555389404,-2.111938615838522,1.4820063749896448,2.365771456355713,-1.8534963766681116,3.1526505947113037,-0.08875095099210739,0.06475032866001129,-0.06620171666145325,-0.14661602675914764,0.1573691964149475,-0.6287712454795837,-0.36119723320007324,0.5166232585906982,-0.8554407358169556,0.11292967200279236,0.4439757466316223,-0.36453863978385925
1749033596.2705739,0.7749211192131042,-2.111775060693258,1.48185903230776,2.3654512602039794,-1.8531888167010706,3.1513869762420654,-0.08673522621393204,0.0649796649813652,-0.06780363619327545,-0.14560995995998383,0.15521705150604248,-0.62828129529953,-0.38368648290634155,0.5597786903381348,-0.827202320098877,0.083114854991436,0.4540488123893738,-0.3671070337295532
1749033596.2706156,0.7747614979743958,-2.1117059193053187,1.4817150274859827,2.3651627737232666,-1.8528865019427698,3.1501200199127197,-0.09081978350877762,0.06612828373908997,-0.06558091193437576,-0.14577709138393402,0.15705887973308563,-0.630111038684845,-0.3382367491722107,0.5222863554954529,-0.8368842005729675,0.1044553816318512,0.4219934940338135,-0.3496570587158203
1749033596.2706542,0.7745470404624939,-2.1115461788573207,1.4815986792193812,2.364913149470947,-1.852567497883932,3.14890456199646,-0.08707525581121445,0.0659128874540329,-0.0654231533408165,-0.1459047794342041,0.15564823150634766,-0.6279911994934082,-0.39781635999679565,0.5297339558601379,-0.8541275262832642,0.09763534367084503,0.4396390914916992,-0.3824794292449951
1749033596.2706916,0.7744032144546509,-2.1114098034300746,1.4814360777484339,2.364578886623047,-1.8522570768939417,3.1476759910583496,-0.09048452228307724,0.06688719242811203,-0.06929034739732742,-0.1498897820711136,0.15493494272232056,-0.6320646405220032,-0.3544275462627411,0.49945977330207825,-0.8021702766418457,0.11194048821926117,0.446020245552063,-0.30207473039627075
1749033596.270729,0.7742233872413635,-2.111300607720846,1.4813192526446741,2.3643247324177246,-1.8519771734820765,3.14638614654541,-0.08852556347846985,0.06647149473428726,-0.06641814857721329,-0.14897575974464417,0.1535922735929489,-0.632398784160614,-0.3326488435268402,0.5192804932594299,-0.8270500898361206,0.12591449916362762,0.47006791830062866,-0.32678210735321045
1749033596.2707696,0.7740558981895447,-2.1111580334105433,1.4811490217791956,2.36402074872937,-1.8517010847674769,3.145111322402954,-0.08794960379600525,0.06697584688663483,-0.0664043202996254,-0.1474551409482956,0.15326564013957977,-0.6325008273124695,-0.3711445927619934,0.5047234892845154,-0.8384160995483398,0.10857824981212616,0.46507641673088074,-0.3594563603401184
1749033596.270807,0.7738969326019287,-2.111020704308981,1.4810436407672327,2.363720341319702,-1.8513715902911585,3.143841028213501,-0.08824378997087479,0.06698227673768997,-0.06675677001476288,-0.15365207195281982,0.1525077223777771,-0.6334326863288879,-0.3810070753097534,0.5221920609474182,-0.803867757320404,0.1292770504951477,0.4719949960708618,-0.2935483753681183
1749033596.2708442,0.7736864686012268,-2.1108814678587855,1.4808996359454554,2.36340515195813,-1.8510530630694788,3.1425940990448,-0.08803271502256393,0.06656675040721893,-0.06786086410284042,-0.14897210896015167,0.1531970500946045,-0.6321704387664795,-0.3871268928050995,0.5115377306938171,-0.8097772598266602,0.14446277916431427,0.4789799153804779,-0.30016016960144043
1749033596.2708807,0.77354496717453,-2.110714098016256,1.4807570616351526,2.3631509977528076,-1.8507493177997034,3.1413393020629883,-0.0867447555065155,0.0661700889468193,-0.06552384793758392,-0.14989019930362701,0.15384100377559662,-0.6272314190864563,-0.398358017206192,0.5211111903190613,-0.8291029334068298,0.13904279470443726,0.46862560510635376,-0.33400699496269226
1749033596.270921,0.7733620405197144,-2.11062016109609,1.4806478659259241,2.3628198343464355,-1.8504622618304651,3.1400809288024902,-0.08734165877103806,0.06698054075241089,-0.06558752059936523,-0.14858661592006683,0.16064995527267456,-0.6265535950660706,-0.3833763003349304,0.5080453157424927,-0.8380575180053711,0.1334974765777588,0.44656896591186523,-0.30807244777679443
1749033596.2709584,0.773151695728302,-2.1104570827879847,1.4804919401751917,2.3625311094471435,-1.8501651922809046,3.138774871826172,-0.08718818426132202,0.06677647680044174,-0.06537850201129913,-0.1465480476617813,0.1577804833650589,-0.6258776187896729,-0.3720113933086395,0.5127236843109131,-0.830845296382904,0.13265560567378998,0.43558990955352783,-0.3484484553337097
1749033596.270995,0.7729617357254028,-2.110340734521383,1.480375115071432,2.3622471529194335,-1.849889103566305,3.137565851211548,-0.08758608251810074,0.06638500839471817,-0.06587643921375275,-0.14825864136219025,0.15564213693141937,-0.6297375559806824,-0.3895794153213501,0.5235214233398438,-0.821744978427887,0.11936629563570023,0.46516087651252747,-0.3212863802909851
1749033596.2710311,0.7728050947189331,-2.110232015649313,1.4802363554583948,2.36196677267041,-1.8495362440692347,3.13625168800354,-0.08814411610364914,0.06649920344352722,-0.06606267392635345,-0.14586086571216583,0.1574717015028,-0.6284918189048767,-0.3790470063686371,0.5265989303588867,-0.8221818208694458,0.11174940317869186,0.437235563993454,-0.2993120849132538
1749033596.2710712,0.7726132273674011,-2.1100803814330042,1.4800928274737757,2.361666126842163,-1.8492324987994593,3.134969711303711,-0.0874893069267273,0.06587408483028412,-0.06635382026433945,-0.14491316676139832,0.1553552895784378,-0.6261113286018372,-0.3493862748146057,0.525068998336792,-0.8192600607872009,0.10309962183237076,0.4481068551540375,-0.3060348927974701
1749033596.2716537,0.772465169429779,-2.1099521122374476,1.4799521605121058,2.3613621431538085,-1.8489297072040003,3.1337385177612305,-0.09042085707187653,0.06680987775325775,-0.0662531703710556,-0.1487882286310196,0.15383878350257874,-0.6230284571647644,-0.31353309750556946,0.515516459941864,-0.8075961470603943,0.09773647040128708,0.45620572566986084,-0.29076483845710754
1749033596.2737284,0.7722939848899841,-2.1098200283446253,1.4798482100116175,2.361076994533203,-1.8485925833331507,3.1325364112854004,-0.08662975579500198,0.06661182641983032,-0.06642279028892517,-0.14754152297973633,0.1546284556388855,-0.6177435517311096,-0.38738638162612915,0.5139798521995544,-0.8160430192947388,0.12680454552173615,0.4475153386592865,-0.3461812138557434
1749033596.3142953,0.7721149921417236,-2.109699865380758,1.4796932379352015,2.360795422191284,-1.848311726246969,3.1313302516937256,-0.0890321433544159,0.06513102352619171,-0.06666480004787445,-0.1462961733341217,0.15558522939682007,-0.6197839379310608,-0.36260613799095154,0.5464266538619995,-0.81513911485672,0.11138361692428589,0.45052310824394226,-0.36453545093536377
1749033596.314343,0.7718779444694519,-2.1095434627928675,1.4795716444598597,2.3604609209248046,-1.8479884306537073,3.1300551891326904,-0.08786972612142563,0.06702722609043121,-0.0666094571352005,-0.14756624400615692,0.15563245117664337,-0.6226052641868591,-0.32277029752731323,0.5530722737312317,-0.8015893697738647,0.12497031688690186,0.43273332715034485,-0.31647974252700806
1749033596.3143842,0.7717356085777283,-2.109392305413717,1.4794090429889124,2.3601791101643066,-1.8477018515216272,3.1288390159606934,-0.08807121962308884,0.06816527247428894,-0.06701143085956573,-0.14914491772651672,0.15523625910282135,-0.6229856014251709,-0.3573005199432373,0.48809826374053955,-0.8080101013183594,0.12734651565551758,0.44467008113861084,-0.35092693567276
1749033596.314424,0.7715501189231873,-2.1092759571471156,1.4792612234698694,2.3598481851765136,-1.8473556677447718,3.1275060176849365,-0.08882854133844376,0.06583856046199799,-0.06557326763868332,-0.14807438850402832,0.15430030226707458,-0.6205176115036011,-0.3603925406932831,0.551470935344696,-0.8156093955039978,0.14058440923690796,0.434591144323349,-0.360868901014328
1749033596.3144624,0.7713853716850281,-2.1091467342772425,1.479145352040426,2.359544201488159,-1.8470328489886683,3.126260280609131,-0.08819179981946945,0.06786679476499557,-0.06727787852287292,-0.14755868911743164,0.15203127264976501,-0.6194916367530823,-0.3588159680366516,0.5182451605796814,-0.7860720157623291,0.16568954288959503,0.4557429850101471,-0.3604898154735565
1749033596.3145037,0.7712096571922302,-2.1090389690794886,1.4790094534503382,2.359302206630371,-1.846764866505758,3.12512469291687,-0.08790548145771027,0.06773711740970612,-0.06494379788637161,-0.1455337405204773,0.15537695586681366,-0.6207951903343201,-0.36465659737586975,0.49603065848350525,-0.8236193656921387,0.11742712557315826,0.41825878620147705,-0.3867453336715698
1749033596.3145492,0.7710106372833252,-2.108851572076315,1.4788811842547815,2.3589867788502197,-1.8464387098895472,3.1237599849700928,-0.08708319067955017,0.06765631586313248,-0.06526067107915878,-0.14401739835739136,0.15399882197380066,-0.6268351078033447,-0.35011082887649536,0.5172737836837769,-0.8223798871040344,0.12078569829463959,0.42496517300605774,-0.35369884967803955
1749033596.3145893,0.770846962928772,-2.108729978600973,1.4787457625018519,2.35872928678479,-1.8461669127093714,3.1225876808166504,-0.08526712656021118,0.06772366166114807,-0.06801962852478027,-0.14368806779384613,0.15158583223819733,-0.6271436810493469,-0.3845902383327484,0.47211867570877075,-0.7856707572937012,0.11240877956151962,0.43675586581230164,-0.3121837079524994
1749033596.314627,0.7706758975982666,-2.1086026630797328,1.478617016469137,2.3584255415150146,-1.845802132283346,3.121309518814087,-0.0873345211148262,0.06691841781139374,-0.06526651233434677,-0.1444951444864273,0.15486188232898712,-0.6257488131523132,-0.3739650249481201,0.5106359124183655,-0.7967889308929443,0.09627795219421387,0.43645936250686646,-0.35386765003204346
1749033596.3146636,0.7706758975982666,-2.1086026630797328,1.478617016469137,2.3584255415150146,-1.845802132283346,3.121309518814087,-0.0873345211148262,0.06691841781139374,-0.06526651233434677,-0.1444951444864273,0.15486188232898712,-0.6257488131523132,-0.3739650249481201,0.5106359124183655,-0.7967889308929443,0.09627795219421387,0.43645936250686646,-0.35386765003204346
1749033596.314701,0.7705439925193787,-2.108473917047018,1.4784815947162073,2.358133478755615,-1.8455570379840296,3.1200473308563232,-0.08480094373226166,0.06652263551950455,-0.06576035171747208,-0.14564143121242523,0.1518525779247284,-0.6255117058753967,-0.40182721614837646,0.5295642018318176,-0.8071755766868591,0.1138923168182373,0.46497321128845215,-0.3441630005836487
1749033596.314737,0.7703797221183777,-2.108361383477682,1.4783538023578089,2.357860966319702,-1.845257584248678,3.1187827587127686,-0.08620841801166534,0.0684192031621933,-0.06682722270488739,-0.14630265533924103,0.1534956395626068,-0.6250132322311401,-0.4179181456565857,0.4791850447654724,-0.7902724146842957,0.12514322996139526,0.4679720401763916,-0.3418664336204529
1749033596.3147743,0.7699666619300842,-2.1080814800658167,1.4780858198748987,2.3572534757801513,-1.8446081320392054,3.1163201332092285,-0.08796966075897217,0.06548864394426346,-0.06663387268781662,-0.14396697282791138,0.15354567766189575,-0.6305254101753235,-0.4046448767185211,0.5551222562789917,-0.8034583330154419,0.10171669721603394,0.46507614850997925,-0.36598366498947144
1749033596.3148165,0.7698274850845337,-2.1079613171019496,1.4779580275165003,2.3569368559071044,-1.8442848364459437,3.1150693893432617,-0.08907267451286316,0.06961006671190262,-0.06507644057273865,-0.14312207698822021,0.15399254858493805,-0.6320453882217407,-0.38006114959716797,0.5139666795730591,-0.8136533498764038,0.09253144264221191,0.44561123847961426,-0.37146416306495667
1749033596.3148553,0.7696244120597839,-2.1078602276244105,1.4778221289264124,2.356656475658081,-1.8439667860614222,3.1137890815734863,-0.08952176570892334,0.065910704433918,-0.06378060579299927,-0.14675945043563843,0.15399403870105743,-0.6336153149604797,-0.3543769121170044,0.5382177233695984,-0.8218424916267395,0.11944778263568878,0.43539270758628845,-0.33386167883872986
1749033596.3148928,0.7694517374038696,-2.1076423130431117,1.4776747862445276,2.356355829829834,-1.8436787764178675,3.112550735473633,-0.08846347033977509,0.0677373930811882,-0.06499093770980835,-0.14369355142116547,0.1579470932483673,-0.631191074848175,-0.3637811541557312,0.4938463568687439,-0.8429306745529175,0.09861189126968384,0.420459508895874,-0.3023608326911926
1749033596.3149292,0.76927250623703,-2.107615133325094,1.4775775114642542,2.356067343349121,-1.8433402220355433,3.111283302307129,-0.08760306984186172,0.06601084023714066,-0.06595007330179214,-0.14438790082931519,0.15177035331726074,-0.6277652978897095,-0.3085346817970276,0.4429588317871094,-0.8047144412994385,0.12607866525650024,0.39394569396972656,-0.28398075699806213
1749033596.3149655,0.7690577507019043,-2.107424875298971,1.4774416128741663,2.355794592494629,-1.8430293242083948,3.1100242137908936,-0.08542830497026443,0.06356015801429749,-0.06302201747894287,-0.14493809640407562,0.14969806373119354,-0.6233436465263367,-0.3498280644416809,0.5168095827102661,-0.8286013007164001,0.1315830498933792,0.42843154072761536,-0.29608476161956787
1749033596.3150022,0.7688940763473511,-2.1073204479613246,1.4773104826556605,2.355498953456543,-1.842727009450094,3.1087896823883057,-0.08512386679649353,0.06297778338193893,-0.06345410645008087,-0.14147399365901947,0.1502438187599182,-0.6169564127922058,-0.34898582100868225,0.541088342666626,-0.833160936832428,0.10574746131896973,0.4205437898635864,-0.26468896865844727
1749033596.315039,0.7687614560127258,-2.1071955166258753,1.477166477833883,2.3552114206501464,-1.842426602040426,3.1075263023376465,-0.0850483849644661,0.06350665539503098,-0.06605114042758942,-0.14097954332828522,0.14588060975074768,-0.6108427047729492,-0.34746068716049194,0.5261263251304626,-0.7891706228256226,0.09849078953266144,0.4467878043651581,-0.30495741963386536
1749033596.3156593,0.7685785293579102,-2.1070438824095667,1.4770496527301233,2.354938192958496,-1.842156235371725,3.10638165473938,-0.08452906459569931,0.06405191123485565,-0.06276579946279526,-0.1406787782907486,0.14710243046283722,-0.6090399622917175,-0.33232128620147705,0.5160328149795532,-0.8014809489250183,0.10576985031366348,0.42367857694625854,-0.3063000738620758
1749033596.3176408,0.768430233001709,-2.1069399319090785,1.4769452253924769,2.3546740251728515,-1.8418329397784632,3.105116605758667,-0.08290724456310272,0.06513172388076782,-0.06304109841585159,-0.13821569085121155,0.1458124965429306,-0.6076083779335022,-0.4299299716949463,0.5608718991279602,-0.8442329168319702,0.042923327535390854,0.4413257837295532,-0.4003579020500183
1749033596.3582897,0.7682629823684692,-2.1068040333189906,1.4768136183368128,2.354389114970825,-1.8415115515338343,3.103903293609619,-0.08708740770816803,0.06795082241296768,-0.06362271308898926,-0.14210619032382965,0.14689262211322784,-0.6102633476257324,-0.40138164162635803,0.5491379499435425,-0.8244528770446777,0.0863240659236908,0.46533849835395813,-0.43374931812286377
1749033596.3583388,0.7680418491363525,-2.1066438160338343,1.476677719746725,2.3540941911884765,-1.8412402311908167,3.1026370525360107,-0.08538026362657547,0.0692170038819313,-0.06294065713882446,-0.1467132717370987,0.14894132316112518,-0.616507351398468,-0.39395153522491455,0.5238704681396484,-0.829973042011261,0.09320329129695892,0.4562249183654785,-0.3896653652191162
1749033596.3583806,0.7678619623184204,-2.106535573998922,1.4765856901751917,2.353825493449829,-1.8409674803363245,3.101386308670044,-0.08650176972150803,0.06871427595615387,-0.06316621601581573,-0.14447133243083954,0.15010568499565125,-0.6219766139984131,-0.4186261296272278,0.49903279542922974,-0.8387706279754639,0.09579554200172424,0.4370250999927521,-0.36428382992744446
1749033596.3584201,0.767682671546936,-2.1064263782896937,1.4764226118670862,2.3534812170216064,-1.8406184355365198,3.1001803874969482,-0.08754126727581024,0.0682755708694458,-0.06310132890939713,-0.14619165658950806,0.15116021037101746,-0.6224879622459412,-0.32412925362586975,0.5259467363357544,-0.8505079746246338,0.09425373375415802,0.43297314643859863,-0.3553733825683594
1749033596.3584585,0.767507016658783,-2.106310030023092,1.4763267675982874,2.353189392680786,-1.8402846495257776,3.0989058017730713,-0.08670036494731903,0.06762097775936127,-0.06410809606313705,-0.1453905552625656,0.15264953672885895,-0.6214380264282227,-0.3881939649581909,0.5328198671340942,-0.8578975796699524,0.10101140290498734,0.42581677436828613,-0.32047271728515625
1749033596.3584974,0.7673624753952026,-2.106149812737936,1.47618276277651,2.3529514509388427,-1.8399809042560022,3.09765625,-0.08763518929481506,0.06782110035419464,-0.06639987975358963,-0.14637014269828796,0.15260358154773712,-0.6227890849113464,-0.3592580556869507,0.49841174483299255,-0.8372783064842224,0.10368171334266663,0.42359665036201477,-0.3968595862388611
1749033596.358536,0.7671789526939392,-2.1060148678221644,1.4760735670672815,2.3526195722767334,-1.8396957556353968,3.0964157581329346,-0.0869031548500061,0.06747587770223618,-0.06742384284734726,-0.14771074056625366,0.15189281105995178,-0.6248292326927185,-0.37373319268226624,0.48958560824394226,-0.8497390747070312,0.08618388324975967,0.4421461224555969,-0.3638635277748108
1749033596.358575,0.7670122981071472,-2.1058036289610804,1.475884739552633,2.352311535472534,-1.839393440877096,3.095165729522705,-0.08647433668375015,0.0665496289730072,-0.06825758516788483,-0.14748893678188324,0.1525217741727829,-0.6272802948951721,-0.3609056770801544,0.5272402763366699,-0.7998676896095276,0.119306281208992,0.4044749140739441,-0.3295486867427826
1749033596.3586133,0.7668059468269348,-2.1057259045042933,1.4757784048663538,2.3520354467579345,-1.8390753904925745,3.0939128398895264,-0.08712216466665268,0.06952562183141708,-0.06881557404994965,-0.14737266302108765,0.14868533611297607,-0.6266740560531616,-0.38350215554237366,0.4610791802406311,-0.8069246411323547,0.10946991294622421,0.4391283690929413,-0.3559187650680542
1749033596.3586504,0.7666739225387573,-2.1055623493590296,1.4756344000445765,2.35175530492749,-1.8387845198260706,3.092639923095703,-0.08630140870809555,0.0661657527089119,-0.06878846138715744,-0.14486439526081085,0.15047448873519897,-0.6274637579917908,-0.3939553499221802,0.532337486743927,-0.7966285347938538,0.09085115790367126,0.45327454805374146,-0.3517371416091919
1749033596.358688,0.766486644744873,-2.1054378948607386,1.4754837195025843,2.351482792491577,-1.8384421507464808,3.0914063453674316,-0.08997539430856705,0.06602994352579117,-0.06746628880500793,-0.14422225952148438,0.1513291597366333,-0.6281320452690125,-0.34139689803123474,0.5188907384872437,-0.809342086315155,0.07751776278018951,0.432265043258667,-0.36213788390159607
1749033596.35873,0.7663301229476929,-2.1053015194334925,1.475358788167135,2.3511780935474853,-1.838188950215475,3.090150833129883,-0.08746776729822159,0.06914281100034714,-0.06690271943807602,-0.14293280243873596,0.15066401660442352,-0.6287356019020081,-0.36172378063201904,0.4661693871021271,-0.8282243609428406,0.06268500536680222,0.444377064704895,-0.386186808347702
1749033596.3587682,0.7661005854606628,-2.1051417789854945,1.4752233664142054,2.3508898454853515,-1.8378708998309534,3.0889110565185547,-0.09087866544723511,0.06600430607795715,-0.06623822450637817,-0.14752964675426483,0.15228156745433807,-0.6304380297660828,-0.33234405517578125,0.4959224462509155,-0.817209005355835,0.07512219995260239,0.4338419437408447,-0.3565463423728943
1749033596.3588054,0.7659053206443787,-2.105044504205221,1.475091282521383,2.3505896764942626,-1.8375285307513636,3.0876259803771973,-0.0864325612783432,0.06633356213569641,-0.06960459053516388,-0.14768022298812866,0.15487544238567352,-0.6309746503829956,-0.37108802795410156,0.5179698467254639,-0.8137181401252747,0.09174121916294098,0.4152377247810364,-0.3285819888114929
1749033596.3588433,0.7657768726348877,-2.1048699818053187,1.4749563376056116,2.3503054815479736,-1.8371928373919886,3.0863699913024902,-0.08725887537002563,0.06683654338121414,-0.06542668491601944,-0.14787203073501587,0.15416061878204346,-0.6322144865989685,-0.38467276096343994,0.5165267586708069,-0.8229040503501892,0.07886667549610138,0.40519776940345764,-0.3807039260864258
1749033596.3588805,0.765581488609314,-2.1047450504698695,1.474828068410055,2.3500043588825683,-1.8369410673724573,3.085146188735962,-0.08885836601257324,0.06681901961565018,-0.0647125169634819,-0.1505172997713089,0.15482932329177856,-0.6354807019233704,-0.3725205361843109,0.5231918096542358,-0.8549026250839233,0.08292073756456375,0.4391481578350067,-0.3313613533973694
1749033596.358918,0.7654020190238953,-2.10460962871694,1.4747231642352503,2.3496853548237304,-1.8365948835956019,3.0838868618011475,-0.08772465586662292,0.067515067756176,-0.06797877699136734,-0.14846691489219666,0.15593762695789337,-0.638666033744812,-0.37003278732299805,0.5163711905479431,-0.8303520083427429,0.0756940245628357,0.4113084077835083,-0.37770411372184753
1749033596.3589551,0.7652493715286255,-2.1045037708678187,1.4745877424823206,2.3493971067615966,-1.8362568060504358,3.082545757293701,-0.08834373950958252,0.06688559055328369,-0.06698007881641388,-0.14749258756637573,0.15164104104042053,-0.6416061520576477,-0.3263101875782013,0.49962231516838074,-0.8166764974594116,0.0614653080701828,0.4210808277130127,-0.33042025566101074
1749033596.3589926,0.7650747895240784,-2.1043526134886683,1.4744508902179163,2.349076672191284,-1.8360188643084925,3.081273317337036,-0.0884653702378273,0.0688701719045639,-0.06659351289272308,-0.14768396317958832,0.15344063937664032,-0.6417976021766663,-0.3848320543766022,0.49081915616989136,-0.8486593961715698,0.06250166893005371,0.42078906297683716,-0.28137698769569397
1749033596.3590298,0.7648763060569763,-2.104185243646139,1.4743121306048792,2.348776264781616,-1.8356621901141565,3.0799970626831055,-0.08812922984361649,0.06644048541784286,-0.06738515198230743,-0.14892560243606567,0.15248121321201324,-0.6379730105400085,-0.39837560057640076,0.48387888073921204,-0.8353763222694397,0.06773216277360916,0.40725892782211304,-0.3191390335559845
1749033596.3596687,0.7647120356559753,-2.1040760479369105,1.4741681257831019,2.34845678388562,-1.835409943257467,3.0787031650543213,-0.08914472907781601,0.06641610711812973,-0.0677904486656189,-0.14863915741443634,0.1500200480222702,-0.6354299187660217,-0.38155707716941833,0.5169408321380615,-0.8198379278182983,0.0710439682006836,0.46173685789108276,-0.34686601161956787
1749033596.3616748,0.7644932866096497,-2.10394348720693,1.4740331808673304,2.348156138057373,-1.8350837866412562,3.0774669647216797,-0.08835196495056152,0.06902888417243958,-0.06872878968715668,-0.14901509881019592,0.15135537087917328,-0.6329227685928345,-0.3804316520690918,0.49251025915145874,-0.8157748579978943,0.06879971921443939,0.44721242785453796,-0.3241316080093384
1749033596.4022872,0.7643413543701172,-2.103819032708639,1.473907772694723,2.347902937526367,-1.8347647825824183,3.076176166534424,-0.08831212669610977,0.06791587918996811,-0.06869486719369888,-0.15058815479278564,0.15038417279720306,-0.6343582272529602,-0.37829142808914185,0.4486643671989441,-0.8033570647239685,0.0945422574877739,0.45220625400543213,-0.3875032663345337
1749033596.4023335,0.7641623020172119,-2.1036435566344203,1.4737518469439905,2.347590370769165,-1.834508244191305,3.0749008655548096,-0.08787928521633148,0.06701065599918365,-0.06857027113437653,-0.14856109023094177,0.15046259760856628,-0.637911856174469,-0.3519214987754822,0.4659309387207031,-0.7922754883766174,0.08255408704280853,0.4533982574939728,-0.2818416357040405
1749033596.4023736,0.7639757990837097,-2.103535314599508,1.473635498677389,2.347278042430542,-1.8341591993915003,3.073633909225464,-0.09127248823642731,0.06683886051177979,-0.06799211353063583,-0.15105804800987244,0.15246853232383728,-0.6375930905342102,-0.3409782946109772,0.5136134624481201,-0.8108048439025879,0.08870049566030502,0.4424005150794983,-0.286807656288147
1749033596.402412,0.7638221979141235,-2.103391309777731,1.4734652678119105,2.3469740587421875,-1.8338668982135218,3.072300910949707,-0.08780518174171448,0.06675805151462555,-0.06989657878875732,-0.15236103534698486,0.15375101566314697,-0.6332572102546692,-0.36767327785491943,0.4853023886680603,-0.7923293709754944,0.13965830206871033,0.4417709410190582,-0.30147475004196167
1749033596.4024675,0.7636082768440247,-2.1032549343504847,1.4733246008502405,2.3466338354298095,-1.833517853413717,3.0710415840148926,-0.08782371878623962,0.0661461129784584,-0.06763023883104324,-0.14879851043224335,0.15704113245010376,-0.6276875138282776,-0.3711342513561249,0.4833541810512543,-0.7964232563972473,0.11551383137702942,0.43951958417892456,-0.2836748957633972
1749033596.4025102,0.76345294713974,-2.1031109295287074,1.4732049147235315,2.3463684755512695,-1.8332260290728968,3.069735288619995,-0.08710392564535141,0.06594544649124146,-0.06675741076469421,-0.14711067080497742,0.15833064913749695,-0.6237246990203857,-0.3289068341255188,0.49498221278190613,-0.8101221919059753,0.1255866438150406,0.43209370970726013,-0.36481285095214844
1749033596.402556,0.7633047103881836,-2.103014131585592,1.4730489889727991,2.34604994832959,-1.8328998724566858,3.068546772003174,-0.08697633445262909,0.06524312496185303,-0.0684470683336258,-0.14586958289146423,0.15827986598014832,-0.6271837949752808,-0.4030248820781708,0.5078504681587219,-0.8028693199157715,0.09712973237037659,0.3995405435562134,-0.35050293803215027
1749033596.402596,0.7630632519721985,-2.1028815708556117,1.4729402701007288,2.345761223430298,-1.8325923124896448,3.0672695636749268,-0.08684992045164108,0.06559434533119202,-0.06794608384370804,-0.14583449065685272,0.15870696306228638,-0.6293147802352905,-0.37844401597976685,0.5096001029014587,-0.7847068309783936,0.10762768238782883,0.40838590264320374,-0.32415273785591125
1749033596.4026344,0.7629491686820984,-2.1026951275267542,1.472804371510641,2.345456762904785,-1.83226186433901,3.066067695617676,-0.0867757722735405,0.06572948396205902,-0.06618361920118332,-0.1464093178510666,0.15708328783512115,-0.624899685382843,-0.38976508378982544,0.5288437008857727,-0.8341694474220276,0.12264330685138702,0.3850473463535309,-0.3481590747833252
1749033596.4026766,0.7627160549163818,-2.102617403069967,1.4726913611041468,2.345215006465576,-1.8319619337665003,3.064757823944092,-0.08774340897798538,0.06557486951351166,-0.06789524108171463,-0.14597146213054657,0.15296322107315063,-0.6247854232788086,-0.3830386996269226,0.5022943615913391,-0.8036350607872009,0.12261326611042023,0.41273123025894165,-0.3722890615463257
1749033596.4027152,0.7625870704650879,-2.102462430993551,1.4725249449359339,2.3449463087269287,-1.8316939512835901,3.063513994216919,-0.08735539764165878,0.06549274921417236,-0.0682089626789093,-0.14540980756282806,0.15578056871891022,-0.6261231899261475,-0.36024636030197144,0.5168311595916748,-0.7946178317070007,0.10440187156200409,0.41896265745162964,-0.3593815565109253
1749033596.4027524,0.7623923420906067,-2.1023336849608363,1.4723809401141565,2.3446385103413085,-1.8313711325274866,3.0623350143432617,-0.09120218455791473,0.06494715809822083,-0.06787732988595963,-0.14542755484580994,0.15170012414455414,-0.626449704170227,-0.36116352677345276,0.5306218862533569,-0.8018271327018738,0.10619597136974335,0.4162362813949585,-0.4298389256000519
1749033596.4027898,0.7622314095497131,-2.102201601068014,1.4722684065448206,2.3443121153065185,-1.8310607115374964,3.061028480529785,-0.0891633927822113,0.06569848209619522,-0.06769365072250366,-0.14523184299468994,0.15308630466461182,-0.6331071257591248,-0.3814314305782318,0.5392486453056335,-0.8033570051193237,0.08427085727453232,0.43762409687042236,-0.3519599437713623
1749033596.4028323,0.761989951133728,-2.102076669732565,1.4721172491656702,2.344034119243286,-1.830749813710348,3.059809446334839,-0.08945176005363464,0.06606246531009674,-0.06710822880268097,-0.15038219094276428,0.15500518679618835,-0.6355471611022949,-0.3945445120334625,0.5174078345298767,-0.7998197674751282,0.11633804440498352,0.42655253410339355,-0.3408653438091278
1749033596.40287,0.7618036866188049,-2.1019169292845667,1.4719660917865198,2.343691511745117,-1.830477539693014,3.058464288711548,-0.08717340230941772,0.06634361296892166,-0.06619107723236084,-0.15078459680080414,0.15559987723827362,-0.6331168413162231,-0.37669676542282104,0.5080968737602234,-0.8033860921859741,0.1255938857793808,0.43998435139656067,-0.36514735221862793
1749033596.4029071,0.7617063522338867,-2.101792951623434,1.471860710774557,2.343374653453491,-1.8301542440997522,3.0572338104248047,-0.0884612426161766,0.06615990400314331,-0.06681065261363983,-0.1501106172800064,0.155807763338089,-0.6338871121406555,-0.39847806096076965,0.5022630095481873,-0.7985588312149048,0.13524682819843292,0.40989503264427185,-0.3395610451698303
1749033596.4029443,0.7615020275115967,-2.101645132104391,1.4717405478106897,2.343050404185913,-1.8298209349261683,3.0559840202331543,-0.0893281027674675,0.0649697557091713,-0.0663885846734047,-0.15332654118537903,0.15812282264232635,-0.631316065788269,-0.35513535141944885,0.5217119455337524,-0.811297595500946,0.15020747482776642,0.3994549810886383,-0.39790233969688416
1749033596.402981,0.7612999081611633,-2.1014939747252406,1.4715703169452112,2.342785282725952,-1.8295109907733362,3.0546746253967285,-0.08983342349529266,0.0667254775762558,-0.06657857447862625,-0.14798851311206818,0.1555318534374237,-0.635242223739624,-0.3482808470726013,0.5086643099784851,-0.80913907289505,0.16058741509914398,0.40247368812561035,-0.3656077980995178
1749033596.403018,0.7611132264137268,-2.1013690433897914,1.4714420477496546,2.342472954387329,-1.829243008290426,3.0534584522247314,-0.08923088759183884,0.06674177944660187,-0.06684184074401855,-0.14670586585998535,0.15591196715831757,-0.6365966200828552,-0.35061925649642944,0.48088935017585754,-0.809754490852356,0.15197664499282837,0.4335268437862396,-0.3172909915447235
1749033596.403055,0.7609570026397705,-2.101260324517721,1.4713290373431605,2.3421570497700195,-1.8288663069354456,3.0522239208221436,-0.08892334997653961,0.06514526903629303,-0.06648694723844528,-0.14570298790931702,0.15502889454364777,-0.6360197067260742,-0.3509764075279236,0.5094097256660461,-0.8146372437477112,0.11592308431863785,0.39886176586151123,-0.3257405757904053
1749033596.4036481,0.7607885599136353,-2.10113587001943,1.471243683491842,2.3418847757526855,-1.8286054770099085,3.050971746444702,-0.08813586831092834,0.06546437740325928,-0.06539268046617508,-0.14448437094688416,0.15308748185634613,-0.6361098885536194,-0.33819815516471863,0.5398896932601929,-0.8169809579849243,0.11577265709638596,0.4338091015815735,-0.34931957721710205
1749033596.405666,0.7605977654457092,-2.1009770832457484,1.4710620085345667,2.341611548061035,-1.828360382710592,3.0496225357055664,-0.08902303874492645,0.06834568083286285,-0.06773892790079117,-0.1430792361497879,0.15226341784000397,-0.6348627805709839,-0.353400319814682,0.46933668851852417,-0.8090677857398987,0.1163657009601593,0.42861342430114746,-0.32746684551239014
1749033596.4462833,0.7603955864906311,-2.1008836231627406,1.4709332625018519,2.341296597118042,-1.8279956022845667,3.0483720302581787,-0.08694575726985931,0.06581724435091019,-0.06587287038564682,-0.1418258398771286,0.15140552818775177,-0.6330597996711731,-0.3623163104057312,0.5330720543861389,-0.8015799522399902,0.12437400221824646,0.43641266226768494,-0.37784308195114136
1749033596.4463286,0.7602391242980957,-2.1007734737791957,1.470773998891012,2.3410274225422363,-1.827735726033346,3.0471127033233643,-0.08670169860124588,0.06667109578847885,-0.06476239860057831,-0.14227421581745148,0.15172822773456573,-0.6352056860923767,-0.3776303231716156,0.491346538066864,-0.8354412913322449,0.11656734347343445,0.4369443655014038,-0.31143635511398315
1749033596.4463727,0.7600881457328796,-2.1006461582579554,1.4706524054156702,2.34074775754895,-1.8274214903460901,3.045839548110962,-0.08730781078338623,0.06662514805793762,-0.06594661623239517,-0.14463219046592712,0.15311552584171295,-0.6335247755050659,-0.37111854553222656,0.5397124886512756,-0.836226224899292,0.1297205537557602,0.44865283370018005,-0.3287835419178009
1749033596.4464142,0.7599200010299683,-2.100530286828512,1.470513645802633,2.3404788213917236,-1.8270915190326136,3.0445709228515625,-0.08762406557798386,0.06711748242378235,-0.06718666851520538,-0.1446126401424408,0.15559160709381104,-0.6331449747085571,-0.3850371241569519,0.5217199921607971,-0.802821159362793,0.12883302569389343,0.4456096291542053,-0.3352566063404083
1749033596.4464686,0.7597562074661255,-2.100335260430807,1.4703744093524378,2.3401784139820556,-1.8267958799945276,3.0432944297790527,-0.09190131723880768,0.06694241613149643,-0.06421742588281631,-0.1472625583410263,0.15685942769050598,-0.6319901943206787,-0.340231329202652,0.5045563578605652,-0.8313816785812378,0.09997670352458954,0.45768433809280396,-0.31694987416267395
1749033596.446509,0.7595385909080505,-2.1002141437926234,1.4702613989459437,2.3399061399647216,-1.8265069166766565,3.0420312881469727,-0.08837144076824188,0.07001971453428268,-0.064850352704525,-0.14619192481040955,0.15867792069911957,-0.6298567056655884,-0.34434735774993896,0.4433090388774872,-0.8357367515563965,0.13144060969352722,0.4346684515476227,-0.36260688304901123
1749033596.4465473,0.7593560218811035,-2.100090642968649,1.4701264540301722,2.3395821291157226,-1.8261702696429651,3.0407299995422363,-0.09035951644182205,0.06505564600229263,-0.06526277214288712,-0.14325617253780365,0.15961594879627228,-0.6297208666801453,-0.38436320424079895,0.5052168369293213,-0.8441684246063232,0.10681995749473572,0.42983171343803406,-0.3413521647453308
1749033596.446585,0.7591683864593506,-2.0999394855894984,1.46999437013735,2.3393098550983886,-1.825850788746969,3.039496898651123,-0.08787336200475693,0.06511195749044418,-0.0651007741689682,-0.14309470355510712,0.15821975469589233,-0.6289065480232239,-0.33654627203941345,0.5215203166007996,-0.8452572226524353,0.09427693486213684,0.42583662271499634,-0.2853935956954956
1749033596.4466221,0.7590004205703735,-2.0998345814146937,1.469846550618307,2.3390213686176757,-1.825555149708883,3.0382044315338135,-0.08829492330551147,0.06722398102283478,-0.06505589187145233,-0.14547431468963623,0.15920598804950714,-0.6265081167221069,-0.3791673481464386,0.5091809034347534,-0.8411781191825867,0.12782664597034454,0.41398265957832336,-0.32561370730400085
1749033596.4466598,0.7588292956352234,-2.099659582177633,1.4697182814227503,2.3387061792561035,-1.8252232710467737,3.0369808673858643,-0.08949374407529831,0.06449094414710999,-0.06686443835496902,-0.148039773106575,0.15314631164073944,-0.6243888139724731,-0.32821133732795715,0.4993833899497986,-0.8321700096130371,0.11333109438419342,0.4222482442855835,-0.31501591205596924
1749033596.446697,0.7586609721183777,-2.099558492700094,1.469567600880758,2.33842055379834,-1.824925724660055,3.0357491970062256,-0.08820652961730957,0.06494851410388947,-0.06607171893119812,-0.14913785457611084,0.15039464831352234,-0.6213365793228149,-0.3645492494106293,0.5594955682754517,-0.8305279612541199,0.12418856471776962,0.46468016505241394,-0.3465842604637146
1749033596.4467335,0.7584747672080994,-2.0994302235045375,1.4694731871234339,2.3381361204334716,-1.8245909849749964,3.0344793796539307,-0.08786578476428986,0.06588894128799438,-0.06652829796075821,-0.14880315959453583,0.15438653528690338,-0.6234508752822876,-0.34478747844696045,0.5183421969413757,-0.8351444602012634,0.1309877187013626,0.4367755055427551,-0.4021833539009094
1749033596.4467733,0.7583449482917786,-2.099302907983297,1.4693263212787073,2.3378357130238037,-1.8243110815631312,3.033263683319092,-0.09048591554164886,0.06655187904834747,-0.0658930316567421,-0.1500479131937027,0.1519845873117447,-0.6257215142250061,-0.3368958532810211,0.4835611879825592,-0.8363597393035889,0.13836362957954407,0.45313525199890137,-0.341633677482605
1749033596.446811,0.7581499814987183,-2.0991465053954066,1.469175163899557,2.3375324445911865,-1.8240121046649378,3.0319786071777344,-0.08635465800762177,0.06617098301649094,-0.06949792802333832,-0.14987964928150177,0.15403975546360016,-0.6261199116706848,-0.36122405529022217,0.5264607071876526,-0.8041289448738098,0.15515202283859253,0.45146408677101135,-0.34351205825805664
1749033596.4468482,0.7579444050788879,-2.0989986858763636,1.4690864721881312,2.337200327510498,-1.8236730734454554,3.0307934284210205,-0.08786822855472565,0.0662560760974884,-0.06567329168319702,-0.15087834000587463,0.15582919120788574,-0.6245110630989075,-0.3891047537326813,0.5467722415924072,-0.8302579522132874,0.1409710794687271,0.4297044277191162,-0.3597252070903778
1749033596.446885,0.7577999234199524,-2.098866125146383,1.4689458052264612,2.3368887144276123,-1.8233931700335901,3.0295169353485107,-0.08741036057472229,0.06623031944036484,-0.06568025797605515,-0.15118050575256348,0.1561865508556366,-0.6259650588035583,-0.3189700245857239,0.5219053626060486,-0.836774468421936,0.2001749873161316,0.43047791719436646,-0.3206144869327545
1749033596.4469233,0.7576243281364441,-2.0987497768797816,1.4688103834735315,2.3365601736256103,-1.823094669972555,3.0283095836639404,-0.08730803430080414,0.06648989766836166,-0.06903497874736786,-0.14886614680290222,0.16076794266700745,-0.6247313618659973,-0.37644773721694946,0.513757586479187,-0.8102916479110718,0.17567753791809082,0.39191365242004395,-0.38215914368629456
1749033596.4469643,0.7574217319488525,-2.0986491642394007,1.4686873594867151,2.3362950521656494,-1.8227604071246546,3.0270204544067383,-0.08797702193260193,0.06659030169248581,-0.06609062850475311,-0.15067991614341736,0.15567795932292938,-0.6249830722808838,-0.35904616117477417,0.5050082802772522,-0.8194674849510193,0.1762961894273758,0.388116717338562,-0.37164822220802307
1749033596.447002,0.757261335849762,-2.0984889469542445,1.4685738722430628,2.336010141963623,-1.822402302418844,3.025764226913452,-0.08817911893129349,0.06919314712285995,-0.06565441936254501,-0.1485709547996521,0.1541908085346222,-0.6278718709945679,-0.3670929968357086,0.485429048538208,-0.8448314070701599,0.21093042194843292,0.424380362033844,-0.33815330266952515
1749033596.447039,0.7571067214012146,-2.0983759365477503,1.468419377003805,2.3357061582752685,-1.8221309820758265,3.0245468616485596,-0.0886041522026062,0.06689075380563736,-0.06599906086921692,-0.14460474252700806,0.1562177687883377,-0.6267561912536621,-0.36477532982826233,0.5065425038337708,-0.8302412629127502,0.18241900205612183,0.3786068558692932,-0.34930819272994995
1749033596.4476728,0.7569112777709961,-2.09824337581777,1.4683030287372034,2.3354174333759765,-1.8218186537372034,3.0232207775115967,-0.08999615162611008,0.0672588050365448,-0.06666409969329834,-0.14289849996566772,0.15173503756523132,-0.6286535263061523,-0.3752779960632324,0.5131124258041382,-0.8414523005485535,0.15994197130203247,0.44438204169273376,-0.3376918137073517
1749033596.449642,0.7567558288574219,-2.098130842248434,1.4681595007525843,2.335141583079956,-1.8215315977679651,3.0219886302948,-0.08821391314268112,0.06778628379106522,-0.06719233095645905,-0.14157262444496155,0.1528555303812027,-0.6289942264556885,-0.3508816361427307,0.5179089307785034,-0.8173058032989502,0.15075579285621643,0.4159647226333618,-0.3313332200050354
1749033596.4902847,0.7565836906433105,-2.0979649029173792,1.4680464903460901,2.3348802763172607,-1.8212645689593714,3.020777940750122,-0.08893889933824539,0.0669083297252655,-0.0672689825296402,-0.13941314816474915,0.15401756763458252,-0.6314567923545837,-0.3678174912929535,0.5153208374977112,-0.8348041772842407,0.13887090981006622,0.4279938042163849,-0.3612810969352722
1749033596.4903321,0.7564008235931396,-2.0978485546507777,1.4678991476642054,2.3346478182026367,-1.8209651152240198,3.0194709300994873,-0.08923427015542984,0.06669080257415771,-0.06785908341407776,-0.14012181758880615,0.1536308377981186,-0.6343450546264648,-0.347473680973053,0.5351032018661499,-0.8156083822250366,0.1386638879776001,0.42385971546173096,-0.3016566038131714
1749033596.4903772,0.7561954259872437,-2.097731729547018,1.4677360693561,2.334312840098999,-1.8206504026996058,3.018176555633545,-0.08952449262142181,0.06690502911806107,-0.06813453882932663,-0.1415468156337738,0.15211661159992218,-0.6341512799263,-0.3768466114997864,0.5148470997810364,-0.8266940116882324,0.09838755428791046,0.45899179577827454,-0.31126272678375244
1749033596.4904177,0.756050705909729,-2.0975877247252406,1.4676230589496058,2.3340396124073486,-1.8203085104571741,3.0169641971588135,-0.08919144421815872,0.06698593497276306,-0.06792596727609634,-0.14410418272018433,0.15208441019058228,-0.6291998624801636,-0.3553128242492676,0.5194883942604065,-0.8124575018882751,0.1042061597108841,0.46556147933006287,-0.3227248191833496
1749033596.4904559,0.755890965461731,-2.097471376458639,1.467494312916891,2.3337325292774658,-1.820040527974264,3.0157082080841064,-0.08877608180046082,0.06538509577512741,-0.06740844249725342,-0.14782951772212982,0.15208101272583008,-0.6281586289405823,-0.38995471596717834,0.5424482226371765,-0.8193870782852173,0.15459169447422028,0.47827059030532837,-0.3224813938140869
1749033596.4904943,0.7556759119033813,-2.097318311730856,1.467356030141012,2.333444042796753,-1.8196757475482386,3.014446496963501,-0.08895035833120346,0.06883643567562103,-0.0685150995850563,-0.14528335630893707,0.15495432913303375,-0.627538800239563,-0.3973061442375183,0.5018187165260315,-0.8218268156051636,0.12505003809928894,0.4641464948654175,-0.36286598443984985
1749033596.4905322,0.7554931640625,-2.097154756585592,1.4672001043902796,2.333143396968506,-1.8194153944598597,3.013094902038574,-0.09107514470815659,0.06561227142810822,-0.0684644803404808,-0.149402916431427,0.15740960836410522,-0.6324731707572937,-0.33594298362731934,0.5310934782028198,-0.7987663745880127,0.12374693155288696,0.42997831106185913,-0.3301774859428406
1749033596.4905694,0.7553293704986572,-2.0970660648741664,1.4670804182635706,2.3328584867664794,-1.8191073576556605,3.0118799209594727,-0.08804289251565933,0.06592389196157455,-0.06725731492042542,-0.14856919646263123,0.157331183552742,-0.6341067552566528,-0.39044082164764404,0.5487180948257446,-0.8272137641906738,0.1654893308877945,0.44260090589523315,-0.2664644122123718
1749033596.4906073,0.7551686763763428,-2.096868177453512,1.4669483343707483,2.332554979915283,-1.8187626043902796,3.010620355606079,-0.09150788187980652,0.06835871189832687,-0.07006417959928513,-0.146506667137146,0.15941429138183594,-0.6296626925468445,-0.36087387800216675,0.5365824699401855,-0.7916736602783203,0.1413104087114334,0.4331287741661072,-0.31897681951522827
1749033596.4906454,0.7549703121185303,-2.096767087975973,1.4667885939227503,2.332263155574463,-1.8184784094439905,3.0093257427215576,-0.08851449191570282,0.06655047088861465,-0.06677474826574326,-0.14777900278568268,0.15549752116203308,-0.6276336312294006,-0.3859778642654419,0.4991336464881897,-0.8019762635231018,0.14053001999855042,0.4108353853225708,-0.28554999828338623
1749033596.4906845,0.7548221349716187,-2.0966502628722132,1.4667027632342737,2.331993504161499,-1.818165127431051,3.008053779602051,-0.08952426165342331,0.06617461889982224,-0.06617677211761475,-0.14558467268943787,0.15311603248119354,-0.6220220923423767,-0.38547948002815247,0.562801718711853,-0.8246618509292603,0.13827751576900482,0.43481653928756714,-0.31664708256721497
1749033596.490723,0.7546119689941406,-2.0965029201903285,1.4665558973895472,2.3317054945179443,-1.8178775946246546,3.006808280944824,-0.090384840965271,0.06686432659626007,-0.06966176629066467,-0.14647892117500305,0.1552555114030838,-0.6214306354522705,-0.34935319423675537,0.5206157565116882,-0.8112912774085999,0.14015337824821472,0.4429998993873596,-0.3980403244495392
1749033596.4907608,0.7544481754302979,-2.096417089501852,1.4664047400103968,2.331385775203369,-1.8175671736346644,3.005577564239502,-0.08889321982860565,0.06809385120868683,-0.06719246506690979,-0.14641675353050232,0.15250524878501892,-0.6227085590362549,-0.38426798582077026,0.5105299949645996,-0.7992845177650452,0.12535780668258667,0.4568523168563843,-0.3091931939125061
1749033596.4907985,0.7542563676834106,-2.096257349053854,1.4662922064410608,2.331129236812256,-1.8172896544085901,3.004344940185547,-0.09175761044025421,0.06523638218641281,-0.06649741530418396,-0.1477104127407074,0.15461987257003784,-0.6219093203544617,-0.33755651116371155,0.5208069682121277,-0.8129359483718872,0.1522800475358963,0.4588473439216614,-0.32824403047561646
1749033596.4908366,0.7540853023529053,-2.096133371392721,1.4661720434771937,2.33081237852063,-1.8169720808612269,3.003119707107544,-0.08971543610095978,0.068757064640522,-0.0677294135093689,-0.14792945981025696,0.1558127999305725,-0.6191787719726562,-0.35979312658309937,0.5366998910903931,-0.7932669520378113,0.12806792557239532,0.4651300609111786,-0.3622826933860779
1749033596.490874,0.7539181709289551,-2.09600891689443,1.4660399595843714,2.330500050182007,-1.8166421095477503,3.001858711242676,-0.0890248715877533,0.06597023457288742,-0.06835243105888367,-0.15053650736808777,0.15651564300060272,-0.617491602897644,-0.3920213580131531,0.506379246711731,-0.7951909899711609,0.14276205003261566,0.4619233310222626,-0.34535452723503113
1749033596.4909122,0.7537460327148438,-2.09584965328359,1.4658806959735315,2.330212278957031,-1.8163130919085901,3.0006213188171387,-0.08855413645505905,0.06682310253381729,-0.06809387356042862,-0.15082122385501862,0.1578836590051651,-0.617322564125061,-0.3468473255634308,0.5408030152320862,-0.795710027217865,0.1700628250837326,0.44380465149879456,-0.42478233575820923
1749033596.4909527,0.7535732984542847,-2.0957523785033167,1.4657366911517542,2.329928084010742,-1.815993611012594,2.9994022846221924,-0.08998975902795792,0.06971824169158936,-0.0682002604007721,-0.14796429872512817,0.1608715057373047,-0.6262143850326538,-0.35159170627593994,0.5025245547294617,-0.7813629508018494,0.15010419487953186,0.4049740433692932,-0.38214462995529175
1749033596.4909909,0.7533640265464783,-2.095604558984274,1.4655893484698694,2.3296231466480712,-1.8156793753253382,2.998155117034912,-0.09065497666597366,0.06738567352294922,-0.06843797117471695,-0.148110032081604,0.15614120662212372,-0.6282973885536194,-0.34948447346687317,0.49053260684013367,-0.7915527820587158,0.1270301640033722,0.42444729804992676,-0.3216962218284607
1749033596.491028,0.7532039880752563,-2.095464368859762,1.4654524962054651,2.329338951701782,-1.8153756300555628,2.9969377517700195,-0.08972205966711044,0.06719489395618439,-0.06795420497655869,-0.14753377437591553,0.155613973736763,-0.6279175877571106,-0.3568107485771179,0.5480864644050598,-0.7800562977790833,0.15583840012550354,0.4414501190185547,-0.34910881519317627
1749033596.4916716,0.7530403137207031,-2.095308919946188,1.4653289953814905,2.3290230470844726,-1.81504995027651,2.9956166744232178,-0.08943593502044678,0.06805561482906342,-0.06788807362318039,-0.14582116901874542,0.1554003357887268,-0.6273762583732605,-0.350311815738678,0.5166728496551514,-0.7812674045562744,0.1496383398771286,0.4217642545700073,-0.34416672587394714
1749033596.493685,0.7528455257415771,-2.0952187977232875,1.4652159849749964,2.3287417131611328,-1.8147900740252894,2.99438738822937,-0.08913858234882355,0.06721222400665283,-0.06622911989688873,-0.1467118263244629,0.15394246578216553,-0.6277177929878235,-0.3733729124069214,0.5180176496505737,-0.7962838411331177,0.12941785156726837,0.4139407277107239,-0.3367658257484436
1749033596.5342822,0.7526811361312866,-2.0950480900206507,1.4650533835040491,2.3284494119831542,-1.814467732106344,2.9931437969207764,-0.08816758543252945,0.06753788143396378,-0.06925561279058456,-0.146237313747406,0.15265293419361115,-0.6279826164245605,-0.3361995816230774,0.5111361145973206,-0.7684633731842041,0.14227589964866638,0.4143124520778656,-0.38927310705184937
1749033596.534328,0.7525142431259155,-2.094966550866598,1.4649093786822718,2.3281618791767578,-1.8141582647906702,2.9918603897094727,-0.0883866474032402,0.0670868530869484,-0.06599419564008713,-0.1472216248512268,0.1501011997461319,-0.6325856447219849,-0.38013988733291626,0.5175556540489197,-0.7840467095375061,0.15513892471790314,0.46855640411376953,-0.32712966203689575
1749033596.5343685,0.7523070573806763,-2.0948311291136683,1.4648202101336878,2.3278693395802,-1.8138626257525843,2.9906411170959473,-0.08830317854881287,0.0668647512793541,-0.0651393011212349,-0.14628872275352478,0.1503346711397171,-0.6317746043205261,-0.36375585198402405,0.5490090847015381,-0.8031372427940369,0.127033069729805,0.478458046913147,-0.35269811749458313
1749033596.5344083,0.7523070573806763,-2.0948311291136683,1.4648202101336878,2.3278693395802,-1.8138626257525843,2.9906411170959473,-0.08830317854881287,0.0668647512793541,-0.0651393011212349,-0.14628872275352478,0.1503346711397171,-0.6317746043205261,-0.36375585198402405,0.5490090847015381,-0.8031372427940369,0.127033069729805,0.478458046913147,-0.35269811749458313
1749033596.5344474,0.7521522045135498,-2.094658990899557,1.464653793965475,2.3275696474262695,-1.8135598341571253,2.989407539367676,-0.0892401710152626,0.0676753968000412,-0.06821997463703156,-0.14708030223846436,0.152564138174057,-0.6319833993911743,-0.3709990680217743,0.5235080718994141,-0.7802765965461731,0.1455671191215515,0.4551900327205658,-0.35496392846107483
1749033596.5344858,0.7517649531364441,-2.09440340618276,1.4643867651568812,2.3269962507435302,-1.8128998915301722,2.986894369125366,-0.08971256017684937,0.06741154193878174,-0.06540302187204361,-0.1526092290878296,0.1560114622116089,-0.6309080123901367,-0.37389737367630005,0.5139270424842834,-0.8138560056686401,0.15576383471488953,0.44863438606262207,-0.3774980902671814
1749033596.5345232,0.751624584197998,-2.0942589245238246,1.464292351399557,2.3266727167316894,-1.812622372304098,2.9856209754943848,-0.08798277378082275,0.06615279614925385,-0.06639272719621658,-0.14935912191867828,0.15669400990009308,-0.6339761018753052,-0.3860049843788147,0.5315449833869934,-0.8121651411056519,0.16262628138065338,0.4339602291584015,-0.3641747534275055
1749033596.5345604,0.7514190673828125,-2.0941268406310023,1.4641602675067347,2.326392336482666,-1.8122685591327112,2.984309434890747,-0.09002844989299774,0.06623943895101547,-0.06545668095350266,-0.148405060172081,0.15548443794250488,-0.6339701414108276,-0.3618324398994446,0.5293098092079163,-0.7984842658042908,0.1345677226781845,0.41788166761398315,-0.30302780866622925
1749033596.5345979,0.7512470483779907,-2.0940171680846156,1.464013401662008,2.326110525722168,-1.8119548002826136,2.983081579208374,-0.08785314112901688,0.06688982248306274,-0.06676588952541351,-0.15125486254692078,0.158584862947464,-0.6321985721588135,-0.3777630627155304,0.5410280227661133,-0.808744490146637,0.1687280684709549,0.41111746430397034,-0.34177765250205994
1749033596.5346348,0.7510604858398438,-2.093837877313131,1.463905159627096,2.3258067804523925,-1.8116439024554651,2.981821298599243,-0.08834142237901688,0.06727687269449234,-0.06691530346870422,-0.14500851929187775,0.15402519702911377,-0.6312442421913147,-0.35230255126953125,0.4711361825466156,-0.786878764629364,0.1549658328294754,0.3907877504825592,-0.23735995590686798
1749033596.5346715,0.7508917450904846,-2.093710561791891,1.4637649695025843,2.325514717692993,-1.8113487402545374,2.9805450439453125,-0.08775322884321213,0.06473976373672485,-0.06607156991958618,-0.14323057234287262,0.14789818227291107,-0.6233693957328796,-0.27536675333976746,0.45474404096603394,-0.7913492918014526,0.16720250248908997,0.4171128571033478,-0.22510220110416412
1749033596.5347087,0.7507017254829407,-2.093577047387594,1.4636533896075647,2.325230522746704,-1.8111208120929163,2.9792985916137695,-0.08562850952148438,0.06459268927574158,-0.06549568474292755,-0.14088575541973114,0.14963491261005402,-0.6145951747894287,-0.41287901997566223,0.5581501126289368,-0.8104385137557983,0.14683300256729126,0.42589908838272095,-0.38689330220222473
1749033596.534745,0.7504910230636597,-2.0934421024718226,1.4635127226458948,2.3249258238026123,-1.810758415852682,2.978057622909546,-0.08780627697706223,0.06730051338672638,-0.06529729813337326,-0.1431613266468048,0.14614646136760712,-0.6172033548355103,-0.3667142987251282,0.5113494992256165,-0.8120467066764832,0.1157861277461052,0.4648517072200775,-0.3631226718425751
1749033596.5347817,0.7503272294998169,-2.093356271783346,1.4633896986590784,2.3246497350880126,-1.810483757649557,2.9768447875976562,-0.08759568631649017,0.06881612539291382,-0.0651523545384407,-0.14429189264774323,0.14774839580059052,-0.6205252408981323,-0.3287726640701294,0.509914219379425,-0.8194794654846191,0.12213114649057388,0.46247661113739014,-0.34972047805786133
1749033596.5348184,0.7501396536827087,-2.093170305291647,1.4632695356952112,2.3243846136280517,-1.810145680104391,2.9756155014038086,-0.08881209790706635,0.0698336735367775,-0.06490415334701538,-0.1462147980928421,0.15067853033542633,-0.6213085651397705,-0.3081263303756714,0.45808714628219604,-0.8233403563499451,0.12625452876091003,0.4593660235404968,-0.3448212742805481
1749033596.5348551,0.7499804496765137,-2.093048711816305,1.463137451802389,2.3240699011036376,-1.8098514715777796,2.9743213653564453,-0.08441595733165741,0.06562991440296173,-0.06465541571378708,-0.14436151087284088,0.1527831107378006,-0.6214479207992554,-0.38372451066970825,0.5432959794998169,-0.8208003640174866,0.13156896829605103,0.44907522201538086,-0.3258379399776459
1749033596.5348918,0.7498561143875122,-2.0928975544371546,1.463005844746725,2.32377736150708,-1.8095281759845179,2.9730868339538574,-0.08594339340925217,0.06752834469079971,-0.06515219062566757,-0.14365625381469727,0.15373528003692627,-0.6222500801086426,-0.4061864912509918,0.5377397537231445,-0.8359212279319763,0.1150716096162796,0.445524126291275,-0.3714631199836731
1749033596.5349288,0.7496768236160278,-2.092772146264547,1.4628856817828577,2.323484345073364,-1.8091910521136683,2.9718589782714844,-0.08725536614656448,0.06922419369220734,-0.06583820283412933,-0.14290808141231537,0.1562553346157074,-0.623683750629425,-0.3543286919593811,0.4535118341445923,-0.8327428102493286,0.10774465650320053,0.4425116181373596,-0.35668641328811646
1749033596.534966,0.7494982481002808,-2.0926715336241664,1.4627540747271937,2.323199911708496,-1.808868710194723,2.9706127643585205,-0.08664186298847198,0.06420491635799408,-0.06431844085454941,-0.14533619582653046,0.15667998790740967,-0.6254613995552063,-0.38073796033859253,0.5363824367523193,-0.843816339969635,0.13633540272712708,0.3920895755290985,-0.3375316560268402
1749033596.5350025,0.749348521232605,-2.092480321923727,1.4626219908343714,2.3229307371326904,-1.80858022371401,2.9693374633789062,-0.08780566602945328,0.06661679595708847,-0.06602192670106888,-0.14287297427654266,0.1543615311384201,-0.6233205199241638,-0.37892571091651917,0.5425394177436829,-0.8454483151435852,0.12481249868869781,0.4092767834663391,-0.3453042507171631
1749033596.535657,0.7491657137870789,-2.092403551141256,1.4624899069415491,2.3226427274891357,-1.8082502524005335,2.968130588531494,-0.08807485550642014,0.06559833139181137,-0.06925171613693237,-0.14648135006427765,0.15459831058979034,-0.6240692138671875,-0.37848570942878723,0.509442925453186,-0.8065513372421265,0.0884363204240799,0.3974164128303528,-0.36124542355537415
1749033596.537636,0.7489901781082153,-2.0921927891173304,1.4623549620257776,2.322366877193115,-1.807962719594137,2.9668166637420654,-0.08830670267343521,0.0658104419708252,-0.0660986378788948,-0.14695648849010468,0.1511709988117218,-0.6242122650146484,-0.35080641508102417,0.5295366644859314,-0.8308454155921936,0.13122564554214478,0.3973855972290039,-0.3582563102245331
1749033596.578281,0.7487798929214478,-2.0920564136900843,1.4622071425067347,2.3221022325703125,-1.8076604048358362,2.9656455516815186,-0.08888982981443405,0.0662209689617157,-0.06672587990760803,-0.14426134526729584,0.1506294459104538,-0.6259527802467346,-0.3871173858642578,0.5104143023490906,-0.8230246901512146,0.09238716959953308,0.40984389185905457,-0.39225226640701294
1749033596.578327,0.7486469745635986,-2.09194340328359,1.4621136824237269,2.321791334743164,-1.807380501423971,2.9643092155456543,-0.08932184427976608,0.06683312356472015,-0.06831581145524979,-0.14558017253875732,0.14913925528526306,-0.6277243494987488,-0.3483594059944153,0.5050229430198669,-0.825746476650238,0.09113136678934097,0.40537524223327637,-0.3449423313140869
1749033596.578368,0.7484481334686279,-2.0918389759459437,1.4619553724872034,2.321502848262451,-1.8070524374591272,2.963085174560547,-0.08931738138198853,0.06723508983850479,-0.0683911070227623,-0.1452491134405136,0.14931312203407288,-0.6282021999359131,-0.35424894094467163,0.48221346735954285,-0.8149120211601257,0.08569473773241043,0.4205293655395508,-0.351471483707428
1749033596.5784063,0.7483241558074951,-2.091686864892477,1.4618309179889124,2.3212341505238037,-1.8067567984210413,2.9618418216705322,-0.08935469388961792,0.06514082103967667,-0.06795622408390045,-0.14659081399440765,0.14917336404323578,-0.6278685927391052,-0.3533332049846649,0.5264951586723328,-0.8265493512153625,0.09534535557031631,0.4317314922809601,-0.35720837116241455
1749033596.5784442,0.7480949759483337,-2.091570039788717,1.4617145697223108,2.320941372508667,-1.806446377431051,2.9606001377105713,-0.0897987112402916,0.06674255430698395,-0.06664595007896423,-0.14718101918697357,0.15115971863269806,-0.6315069198608398,-0.3757724165916443,0.5217326283454895,-0.8298013210296631,0.06964068114757538,0.4345824718475342,-0.352902889251709
1749033596.5784826,0.7479293942451477,-2.0914417705931605,1.4615791479693812,2.320645256633423,-1.806126896535055,2.959383964538574,-0.08862249553203583,0.06967280060052872,-0.0667245164513588,-0.14817631244659424,0.15302398800849915,-0.6330854296684265,-0.3629206418991089,0.4725682735443115,-0.8394092917442322,0.09982121735811234,0.4222537577152252,-0.3565049171447754
1749033596.5785306,0.7477238774299622,-2.091306348840231,1.461447540913717,2.3203412729450683,-1.8058159987079065,2.958073854446411,-0.0888771265745163,0.06549230962991714,-0.06618364155292511,-0.15219679474830627,0.15194693207740784,-0.6361056566238403,-0.37022364139556885,0.5339598059654236,-0.8441979289054871,0.09396825730800629,0.43157529830932617,-0.3634335994720459
1749033596.5785701,0.7475908994674683,-2.0911466083922328,1.461323086415426,2.320009632701538,-1.8054898420916956,2.956792116165161,-0.08768953382968903,0.06750430166721344,-0.06716307252645493,-0.15118436515331268,0.15208004415035248,-0.6388307213783264,-0.3807646632194519,0.5018250942230225,-0.850418746471405,0.09720953553915024,0.42006373405456543,-0.2810656726360321
1749033596.5786083,0.7473891973495483,-2.0909983120360316,1.4611566702472132,2.31974379598584,-1.8052380720721644,2.9555585384368896,-0.08688736706972122,0.06681658327579498,-0.06778546422719955,-0.15031571686267853,0.15280529856681824,-0.6355004906654358,-0.3920518159866333,0.5233073830604553,-0.844497561454773,0.0998430922627449,0.42076075077056885,-0.30317801237106323
1749033596.5786462,0.7472099661827087,-2.0908976993956507,1.4610250631915491,2.319424791927002,-1.804880444203512,2.9542396068573,-0.08967329561710358,0.06663361936807632,-0.06806136667728424,-0.1555820107460022,0.1520957201719284,-0.6324831247329712,-0.3454315662384033,0.4927467703819275,-0.8534939885139465,0.11824551224708557,0.3990316689014435,-0.3184076249599457
1749033596.5786834,0.7470446825027466,-2.090757509271139,1.4608691374408167,2.319096251125,-1.8045972029315394,2.9529802799224854,-0.08723647892475128,0.06657885760068893,-0.06993236392736435,-0.15180720388889313,0.15014980733394623,-0.6284791827201843,-0.3830050528049469,0.5020485520362854,-0.796540379524231,0.11696276068687439,0.44186756014823914,-0.3433443307876587
1749033596.5787282,0.7468498349189758,-2.090593477288717,1.4607251326190394,2.318811817760132,-1.8043296972857874,2.9518048763275146,-0.09083721786737442,0.06644347310066223,-0.06844379752874374,-0.15017038583755493,0.15313707292079926,-0.6300255060195923,-0.3990185558795929,0.5017596483230591,-0.8385849595069885,0.12643760442733765,0.41639378666877747,-0.3734428584575653
1749033596.5787673,0.7466899156570435,-2.090480466882223,1.460609261189596,2.318476362819336,-1.8039911429034632,2.950455904006958,-0.08774004131555557,0.06651099026203156,-0.06731975078582764,-0.14999426901340485,0.15150530636310577,-0.6337511539459229,-0.36722898483276367,0.5143627524375916,-0.8394145369529724,0.1048077642917633,0.409085750579834,-0.32048189640045166
1749033596.5788047,0.7465189099311829,-2.0903331242003382,1.460438076649801,2.318211479777954,-1.80369741121401,2.949159860610962,-0.08869090676307678,0.0663563683629036,-0.07117046415805817,-0.14884592592716217,0.15014636516571045,-0.634644091129303,-0.4040757119655609,0.5295795798301697,-0.8012999892234802,0.10378389805555344,0.4552866816520691,-0.34064555168151855
1749033596.5788417,0.7463306784629822,-2.090193887750143,1.4603217283831995,2.3178955751606445,-1.8033893744098108,2.9479572772979736,-0.08968276530504227,0.0664733499288559,-0.06858732551336288,-0.1503858119249344,0.150954008102417,-0.6330863237380981,-0.3678366541862488,0.5013768672943115,-0.8191807866096497,0.11306090652942657,0.4249439835548401,-0.3217962682247162
1749033596.5788786,0.7461358904838562,-2.090080877343649,1.4602020422564905,2.317606135005615,-1.803079907094137,2.946632146835327,-0.08814287930727005,0.06594715267419815,-0.06857041269540787,-0.1511051505804062,0.15155476331710815,-0.6282435655593872,-0.39005520939826965,0.5289623141288757,-0.8162165284156799,0.11637606471776962,0.4380781650543213,-0.3018467426300049
1749033596.5789158,0.7459409832954407,-2.0899678669371546,1.4600546995746058,2.3172899919697265,-1.8027966658221644,2.9453530311584473,-0.09118366986513138,0.06600485742092133,-0.06877116113901138,-0.15074032545089722,0.15246722102165222,-0.6243685483932495,-0.3559456467628479,0.5301806330680847,-0.8219130635261536,0.12593023478984833,0.44230419397354126,-0.35371285676956177
1749033596.5789526,0.7458049058914185,-2.0897885761656703,1.459902588521139,2.3169426160999755,-1.8024581114398401,2.9440927505493164,-0.08817565441131592,0.06558669358491898,-0.06807655841112137,-0.15047045052051544,0.15467123687267303,-0.627393364906311,-0.370186448097229,0.5358647108078003,-0.8230676054954529,0.1375279575586319,0.4083828330039978,-0.33337369561195374
1749033596.5789893,0.7456441521644592,-2.0896479092040003,1.459736172352926,2.316685600871704,-1.8021906057940882,2.942883253097534,-0.09100136160850525,0.06527817249298096,-0.06810403615236282,-0.14656421542167664,0.15488773584365845,-0.6293508410453796,-0.36257949471473694,0.5366508364677429,-0.8123191595077515,0.1298595368862152,0.4261278808116913,-0.2877541482448578
1749033596.5790381,0.7454420924186707,-2.0895239315428675,1.4596198240863245,2.316377564067505,-1.8018644491778772,2.9416089057922363,-0.08773715049028397,0.06537655740976334,-0.06828732788562775,-0.1504308134317398,0.15731100738048553,-0.6237512230873108,-0.35778725147247314,0.5314306020736694,-0.8173493146896362,0.1289319396018982,0.38885053992271423,-0.34738433361053467
1749033596.5796924,0.7452436089515686,-2.08937992672109,1.4594948927508753,2.3161117273518066,-1.8015349547015589,2.9404027462005615,-0.08844318240880966,0.06469070911407471,-0.06851617246866226,-0.14683616161346436,0.15331672132015228,-0.6230114698410034,-0.3732597827911377,0.5475317239761353,-0.8192601203918457,0.14206057786941528,0.4161059260368347,-0.35037416219711304
1749033596.5816722,0.7450944781303406,-2.089287420312399,1.4593942801104944,2.3158010679432373,-1.801227871571676,2.9391000270843506,-0.08871954679489136,0.06452713161706924,-0.0687706470489502,-0.14401288330554962,0.1535893678665161,-0.6232714653015137,-0.373924195766449,0.5316144227981567,-0.8119725584983826,0.11554521322250366,0.4337458610534668,-0.36790192127227783
1749033596.6225321,0.7450944781303406,-2.089287420312399,1.4593942801104944,2.3158010679432373,-1.801227871571676,2.9391000270843506,-0.08871954679489136,0.06452713161706924,-0.0687706470489502,-0.14401288330554962,0.1535893678665161,-0.6232714653015137,-0.373924195766449,0.5316144227981567,-0.8119725584983826,0.11554521322250366,0.4337458610534668,-0.36790192127227783
1749033596.6225843,0.744728147983551,-2.0890194378294886,1.4590891043292444,2.3152312475391845,-1.8006065527545374,2.9366214275360107,-0.08878632634878159,0.06605049967765808,-0.06898501515388489,-0.1442662924528122,0.15377803146839142,-0.6295448541641235,-0.35912024974823,0.5053613185882568,-0.7974474430084229,0.10479758679866791,0.41442009806632996,-0.3417053520679474
1749033596.622627,0.744560718536377,-2.0888787708678187,1.4589718023883265,2.314896269435547,-1.8003037611590784,2.9354300498962402,-0.0888812318444252,0.06478797644376755,-0.06845179945230484,-0.1433117836713791,0.1545676589012146,-0.6312453746795654,-0.3851928114891052,0.5711290240287781,-0.802558958530426,0.11246417462825775,0.4237959682941437,-0.3416534662246704
1749033596.6226676,0.7443814873695374,-2.0887156925597132,1.4588635603534144,2.3146111208149414,-1.7999933401690882,2.9341700077056885,-0.08934857696294785,0.06643259525299072,-0.07140173017978668,-0.14457611739635468,0.15597239136695862,-0.6306395530700684,-0.371735155582428,0.5411499738693237,-0.7828145623207092,0.11047748476266861,0.4090692400932312,-0.39382296800613403
1749033596.6227076,0.7442179322242737,-2.0885988674559535,1.458689037953512,2.3142759042927246,-1.7997053305255335,2.932908296585083,-0.0896739512681961,0.06964944303035736,-0.06848638504743576,-0.14677384495735168,0.156280517578125,-0.6329524517059326,-0.3679429888725281,0.50890052318573,-0.7793592810630798,0.1475999504327774,0.40504536032676697,-0.3413933515548706
1749033596.6227472,0.7439799308776855,-2.088475366631979,1.4585607687579554,2.3140107828327636,-1.7993877569781702,2.9316246509552,-0.08968521654605865,0.06606980413198471,-0.0669509693980217,-0.14746533334255219,0.15462742745876312,-0.6323516964912415,-0.36815595626831055,0.5162194967269897,-0.8118349313735962,0.1328466236591339,0.4061102569103241,-0.36973655223846436
1749033596.622789,0.7438430786132812,-2.0883499584593714,1.4584134260760706,2.313741369838379,-1.799053970967428,2.930342674255371,-0.08821361511945724,0.0664963647723198,-0.06897510588169098,-0.14487749338150024,0.1542300432920456,-0.6350339651107788,-0.3567718267440796,0.48128241300582886,-0.7960568070411682,0.14575964212417603,0.39066171646118164,-0.2860853374004364
1749033596.6228273,0.7436673641204834,-2.088221689263815,1.4582727591144007,2.313429995174072,-1.7987664381610315,2.929138422012329,-0.08681618422269821,0.06485139578580856,-0.06744274497032166,-0.14733648300170898,0.15296806395053864,-0.6301621198654175,-0.3484434187412262,0.46576982736587524,-0.7799221277236938,0.1707521378993988,0.39192140102386475,-0.21958641707897186
1749033596.6228657,0.7434809803962708,-2.088066717187399,1.45815354982485,2.3131725031086425,-1.7984398047076624,2.9278807640075684,-0.08617899566888809,0.06423619389533997,-0.06583346426486969,-0.14062967896461487,0.15119950473308563,-0.6217295527458191,-0.3600574731826782,0.48544374108314514,-0.7993184328079224,0.12418129295110703,0.39680570363998413,-0.27476993203163147
1749033596.6229033,0.7433106303215027,-2.087961813012594,1.4580023924456995,2.312865658397339,-1.7981446425067347,2.926643133163452,-0.085139200091362,0.06376679241657257,-0.0661437138915062,-0.13897168636322021,0.15189628303050995,-0.6151787042617798,-0.394896537065506,0.49827107787132263,-0.8017253279685974,0.11199510842561722,0.37471503019332886,-0.28310009837150574
1749033596.622941,0.7431347966194153,-2.087829729119772,1.457893196736471,2.3125931459614257,-1.7978461424456995,2.9254307746887207,-0.08827194571495056,0.06356849521398544,-0.06544126570224762,-0.14272040128707886,0.14974546432495117,-0.6101831793785095,-0.33921533823013306,0.4975030720233917,-0.8177118301391602,0.13050301373004913,0.38733071088790894,-0.30816006660461426
1749033596.6229784,0.7429668307304382,-2.0876976452269496,1.4577649275409144,2.312304659480713,-1.7975905577289026,2.924206018447876,-0.08504704385995865,0.0650065690279007,-0.06470648944377899,-0.14070120453834534,0.15269258618354797,-0.6068432331085205,-0.38664472103118896,0.5011003017425537,-0.8121931552886963,0.12842440605163574,0.3844403028488159,-0.38826465606689453
1749033596.6230159,0.7427875399589539,-2.087581296960348,1.4576228300677698,2.3120288091846923,-1.79730731645693,2.923015832901001,-0.08742642402648926,0.06567520648241043,-0.06393763422966003,-0.14165304601192474,0.15031830966472626,-0.6102519631385803,-0.40934571623802185,0.48577824234962463,-0.8217239379882812,0.12965913116931915,0.3725586235523224,-0.3356298804283142
1749033596.6230533,0.7425783276557922,-2.087426324883932,1.4574602285968226,2.3117400842854003,-1.7970169226275843,2.921773672103882,-0.08457258343696594,0.06517858058214188,-0.06283950060606003,-0.14197057485580444,0.14964988827705383,-0.6120655536651611,-0.36047786474227905,0.5137736797332764,-0.824800431728363,0.13247135281562805,0.3905133605003357,-0.30911582708358765
1749033596.6230907,0.7424530982971191,-2.0873247585692347,1.4573715368853968,2.311436100597046,-1.796659294758932,2.9205422401428223,-0.08526136726140976,0.0656149610877037,-0.0631866529583931,-0.14146721363067627,0.14805352687835693,-0.6101490259170532,-0.37727808952331543,0.5130082368850708,-0.8325316905975342,0.14757658541202545,0.40536046028137207,-0.3071143627166748
1749033596.6231291,0.7422932386398315,-2.0871879063048304,1.4572513739215296,2.311148090953491,-1.7963569800006312,2.91928768157959,-0.08435732871294022,0.06768723577260971,-0.06278768181800842,-0.1416480392217636,0.14736996591091156,-0.6095155477523804,-0.3996035158634186,0.45493602752685547,-0.8296672105789185,0.14283286035060883,0.41231805086135864,-0.29571425914764404
1749033596.6231673,0.7421130537986755,-2.0870634518065394,1.4571078459369105,2.310864134425781,-1.7960622946368616,2.918097496032715,-0.08514156937599182,0.06332064419984818,-0.06207196041941643,-0.14153559505939484,0.14619700610637665,-0.6050475239753723,-0.3914111256599426,0.5223463177680969,-0.8424451947212219,0.16023264825344086,0.4496549963951111,-0.3379911184310913
1749033596.6232047,0.7419038414955139,-2.0869513950743617,1.4569914976703089,2.310561342830322,-1.7958062330829065,2.91689395904541,-0.08406799286603928,0.06531944870948792,-0.06185245141386986,-0.14031697809696198,0.1461871862411499,-0.6051116585731506,-0.3887612819671631,0.49557310342788696,-0.8455491662025452,0.1385323703289032,0.423578143119812,-0.36740007996559143
1749033596.6232424,0.7417712211608887,-2.086780687371725,1.456837002431051,2.3102728563496093,-1.7955039183246058,2.915663242340088,-0.08707942813634872,0.06481767445802689,-0.06450475007295609,-0.1400696337223053,0.1467646360397339,-0.6061990857124329,-0.34943047165870667,0.48976340889930725,-0.8319255709648132,0.15937426686286926,0.41839635372161865,-0.3025181293487549
1749033596.623281,0.7416264414787292,-2.0866643391051234,1.4567292372332972,2.3099729257770996,-1.7952507177936,2.9144327640533447,-0.08365458995103836,0.06426822394132614,-0.061997413635253906,-0.13955369591712952,0.14756745100021362,-0.6043873429298401,-0.42068082094192505,0.5131136775016785,-0.8473745584487915,0.13656824827194214,0.4190525412559509,-0.32943153381347656
1749033596.623704,0.7414242625236511,-2.0865403614439906,1.4566357771502894,2.309701128596924,-1.7949307600604456,2.9131925106048584,-0.08530981093645096,0.06542303413152695,-0.06174841895699501,-0.1382574588060379,0.15101222693920135,-0.6023529171943665,-0.39013421535491943,0.5019217133522034,-0.8603886961936951,0.14551755785942078,0.3920539617538452,-0.3617732524871826
1749033596.6256502,0.7412415146827698,-2.0864159069456996,1.4564693609820765,2.3094181257435302,-1.7946317831622522,2.912038803100586,-0.08577235043048859,0.06398862600326538,-0.06465983390808105,-0.13843494653701782,0.14774811267852783,-0.6040425300598145,-0.40416720509529114,0.555124044418335,-0.860668957233429,0.11634589731693268,0.4606225788593292,-0.4271644949913025
1749033596.6663628,0.7410849928855896,-2.0862795315184535,1.4563253561602991,2.309149904842041,-1.7943256537066858,2.9107954502105713,-0.08731202036142349,0.06599803268909454,-0.06499285995960236,-0.14231498539447784,0.150798499584198,-0.6111969351768494,-0.4184219241142273,0.5454715490341187,-0.8406208157539368,0.11493571847677231,0.4438766837120056,-0.45411139726638794
1749033596.66641,0.740901529788971,-2.086163183251852,1.4562128225909632,2.308858557338379,-1.7940500418292444,2.9095489978790283,-0.089390829205513,0.06757380813360214,-0.06417243182659149,-0.1409371793270111,0.15264372527599335,-0.6205761432647705,-0.39435136318206787,0.52689528465271,-0.8723080158233643,0.10696807503700256,0.42215216159820557,-0.41526293754577637
1749033596.6664526,0.7407495975494385,-2.0860067806639613,1.4560859839068812,2.3086299139210205,-1.7937200705157679,2.908295154571533,-0.08912152796983719,0.06756481528282166,-0.06578659266233444,-0.1420208066701889,0.15261492133140564,-0.6266804933547974,-0.3861355185508728,0.49926599860191345,-0.8680837154388428,0.0996842160820961,0.4365467131137848,-0.34966346621513367
1749033596.6664934,0.7405703663825989,-2.0858713589110316,1.4559300581561487,2.3083576399036865,-1.79340106645693,2.9070262908935547,-0.08887248486280441,0.06623777002096176,-0.06521249562501907,-0.14514490962028503,0.1550016850233078,-0.6270827651023865,-0.38495883345603943,0.5312482118606567,-0.8491020202636719,0.1372862160205841,0.42232364416122437,-0.36914217472076416
1749033596.6665328,0.7404104471206665,-2.085766454736227,1.4558022657977503,2.308039112682007,-1.79311448732485,2.9058432579040527,-0.08887162804603577,0.06669475883245468,-0.06772564351558685,-0.14317895472049713,0.15580131113529205,-0.6300798058509827,-0.38075459003448486,0.5198677182197571,-0.8480193018913269,0.09657810628414154,0.42547598481178284,-0.3649686872959137
1749033596.6665716,0.7401845455169678,-2.0856386623778285,1.455670181904928,2.3077315527149658,-1.7927606741534632,2.9045026302337646,-0.08821156620979309,0.06699354201555252,-0.06810803711414337,-0.14491447806358337,0.15768827497959137,-0.6310063600540161,-0.3812664747238159,0.49083012342453003,-0.8244192600250244,0.09673251211643219,0.4293833374977112,-0.37127694487571716
1749033596.666609,0.7399782538414001,-2.0854398212828578,1.4555266539203089,2.307459517116211,-1.7924378553973597,2.9032955169677734,-0.08768884092569351,0.06606830656528473,-0.06866533309221268,-0.1466103047132492,0.15817923843860626,-0.6333301067352295,-0.39693909883499146,0.5002511143684387,-0.8384246230125427,0.11785972863435745,0.4163818359375,-0.408176064491272
1749033596.6666458,0.7398526668548584,-2.0853387318053187,1.4553945700274866,2.3071600633808593,-1.792149845753805,2.9020378589630127,-0.08689364790916443,0.06618649512529373,-0.06858640909194946,-0.14951267838478088,0.1573552042245865,-0.6350871324539185,-0.45246249437332153,0.5131443738937378,-0.8347195386886597,0.12268892675638199,0.4116552770137787,-0.35998690128326416
1749033596.6666827,0.7396770715713501,-2.085252424279684,1.4552629629718226,2.3068482118793945,-1.7918360869037073,2.900770902633667,-0.08764717727899551,0.0667940303683281,-0.0689179077744484,-0.14843131601810455,0.15470243990421295,-0.6379774212837219,-0.43815746903419495,0.5186863541603088,-0.8322227001190186,0.12426875531673431,0.41690969467163086,-0.3599730432033539
1749033596.6667192,0.739456057548523,-2.0850430927672328,1.4551342169391077,2.3065799909779052,-1.791556183491842,2.8994264602661133,-0.08781905472278595,0.067939892411232,-0.06886620819568634,-0.15215753018856049,0.15593203902244568,-0.6376094222068787,-0.4037514925003052,0.5282593965530396,-0.8303647637367249,0.12930040061473846,0.4254004955291748,-0.36764952540397644
1749033596.6667564,0.7393335700035095,-2.0848990879454554,1.4549687544452112,2.306245728130005,-1.791222874318258,2.8982012271881104,-0.08867829293012619,0.06916500627994537,-0.06824105232954025,-0.1495177149772644,0.15305845439434052,-0.6414803266525269,-0.40285566449165344,0.4547591507434845,-0.8459936380386353,0.11703651398420334,0.43253883719444275,-0.35659873485565186
1749033596.6667929,0.7391626238822937,-2.0847774944701136,1.4548590818988245,2.3059376913258056,-1.7909310499774378,2.8968913555145264,-0.08997943252325058,0.06748778373003006,-0.06767681986093521,-0.15010669827461243,0.15254084765911102,-0.6438525915145874,-0.4030417799949646,0.5216304063796997,-0.834911584854126,0.09971283376216888,0.4583864212036133,-0.38811326026916504
1749033596.6668296,0.7389522790908813,-2.084642072717184,1.4547269980060022,2.30564992010083,-1.7906196753131312,2.895632028579712,-0.08877363055944443,0.06793378293514252,-0.0662759393453598,-0.1526925265789032,0.1584041714668274,-0.6469279527664185,-0.40520647168159485,0.4983904957771301,-0.8710997104644775,0.15195490419864655,0.4464113116264343,-0.3559774160385132
1749033596.6668656,0.7387731671333313,-2.0845047436156214,1.4545920530902308,2.3053459364124755,-1.7902630011187952,2.8942534923553467,-0.08830996602773666,0.07065578550100327,-0.06906554102897644,-0.14990660548210144,0.1567307710647583,-0.6476425528526306,-0.41094884276390076,0.43822652101516724,-0.8481307029724121,0.1248973160982132,0.44142332673072815,-0.3113778531551361
1749033596.6669023,0.7385867834091187,-2.0843659840025843,1.454432789479391,2.305022879237793,-1.7899835745440882,2.8930187225341797,-0.09154988080263138,0.06582804769277573,-0.06675354391336441,-0.1492840200662613,0.1590498685836792,-0.6445601582527161,-0.3569851517677307,0.4956957697868347,-0.855243980884552,0.13462646305561066,0.42581433057785034,-0.30971887707710266
1749033596.6669395,0.7383984327316284,-2.0842367611327113,1.45433217683901,2.304727001781128,-1.789685074483053,2.8917040824890137,-0.08944303542375565,0.06719759851694107,-0.06714718788862228,-0.14898665249347687,0.16049495339393616,-0.6426088809967041,-0.42525309324264526,0.4928756356239319,-0.8603993654251099,0.1390206217765808,0.4083419144153595,-0.2895996570587158
1749033596.6669767,0.738207221031189,-2.0841084919371546,1.4541452566729944,2.30438415586438,-1.789351765309469,2.8904387950897217,-0.09202409535646439,0.06667836010456085,-0.07060811668634415,-0.1488683968782425,0.15929406881332397,-0.6393122673034668,-0.3776401877403259,0.46788498759269714,-0.8508902788162231,0.12038899958133698,0.4344004988670349,-0.3437424898147583
1749033596.6670146,0.7380123734474182,-2.0839764080443324,1.454047981892721,2.304131193751953,-1.7890551725970667,2.8891594409942627,-0.09010101854801178,0.06629706919193268,-0.06974796950817108,-0.15002907812595367,0.15788988769054413,-0.6411985754966736,-0.3921439051628113,0.524025022983551,-0.8252374529838562,0.14986774325370789,0.42618328332901,-0.3735795319080353
1749033596.6670523,0.737847626209259,-2.0838400326170863,1.4539044539081019,2.3037969309040527,-1.7887256781207483,2.887882709503174,-0.09102488309144974,0.06663411855697632,-0.06970187276601791,-0.14930376410484314,0.15767662227153778,-0.6450658440589905,-0.3870907127857208,0.4941440522670746,-0.8321173787117004,0.12918876111507416,0.47285306453704834,-0.34364885091781616
1749033596.667089,0.7376840710639954,-2.083707948724264,1.453757111226217,2.3035096365162353,-1.788379971181051,2.886570692062378,-0.08972077071666718,0.06682971864938736,-0.07045628875494003,-0.14959919452667236,0.15833866596221924,-0.6440229415893555,-0.3859007954597473,0.5013516545295715,-0.8303167819976807,0.13637377321720123,0.4626963138580322,-0.3212973177433014
1749033596.6676233,0.7374628782272339,-2.0835758648314417,1.4535792509662073,2.3032285410114746,-1.7880852858172815,2.885286331176758,-0.09091295301914215,0.06506691128015518,-0.07036380469799042,-0.14924976229667664,0.15952180325984955,-0.6398158073425293,-0.3420880138874054,0.5029460787773132,-0.8169147968292236,0.13813845813274384,0.4232359826564789,-0.30865478515625
1749033596.6696794,0.7373186349868774,-2.0834318600096644,1.453454319630758,2.302956743831299,-1.7877848784076136,2.8839480876922607,-0.08728247135877609,0.06798291206359863,-0.07037385553121567,-0.14753973484039307,0.15755048394203186,-0.6358098983764648,-0.4035261273384094,0.48239681124687195,-0.8250712752342224,0.1376621276140213,0.4212888479232788,-0.33485645055770874
1749033596.7102969,0.7371071577072144,-2.0833193264403285,1.4533136526690882,2.30266182004895,-1.7874510923968714,2.8827390670776367,-0.09179271757602692,0.06524553149938583,-0.07012977451086044,-0.14659851789474487,0.16175416111946106,-0.6321089267730713,-0.37367355823516846,0.5090143084526062,-0.8113893270492554,0.09294729679822922,0.40853607654571533,-0.37506604194641113
1749033596.7103446,0.7369436025619507,-2.083140035668844,1.4531515280352991,2.302358790034912,-1.7871015707599085,2.8813986778259277,-0.08710487186908722,0.06539291143417358,-0.06964322179555893,-0.14653280377388,0.1602116972208023,-0.6339910626411438,-0.4037768840789795,0.5347382426261902,-0.8061696290969849,0.08744508028030396,0.4050597548484802,-0.33277779817581177
1749033596.7103863,0.7368137836456299,-2.0830351314940394,1.4530108610736292,2.3020941454121093,-1.7868292967425745,2.880187749862671,-0.08888254314661026,0.0680709034204483,-0.06889864802360535,-0.1473667174577713,0.15988312661647797,-0.6344393491744995,-0.38174569606781006,0.49850139021873474,-0.8005805015563965,0.10788039863109589,0.37288036942481995,-0.31944143772125244
1749033596.7104254,0.7365723848342896,-2.082918783227438,1.452860180531637,2.3018063741871337,-1.7865145842181605,2.878866195678711,-0.08931146562099457,0.06753504276275635,-0.06791868805885315,-0.14657655358314514,0.15830260515213013,-0.630034327507019,-0.37129905819892883,0.46622487902641296,-0.8134063482284546,0.10389736294746399,0.4121026396751404,-0.36221083998680115
1749033596.7104642,0.7364206314086914,-2.0827747784056605,1.452766243611471,2.3014871317097167,-1.7862041632281702,2.8776495456695557,-0.08940660953521729,0.06644481420516968,-0.06928344070911407,-0.15146079659461975,0.15721464157104492,-0.6290198564529419,-0.37172970175743103,0.5192838907241821,-0.8048866391181946,0.10835012793540955,0.4149605631828308,-0.35962003469467163
1749033596.7105095,0.7362568378448486,-2.082630296746725,1.4526193777667444,2.3011879163929443,-1.7859042326556605,2.8763558864593506,-0.08947431296110153,0.06833183765411377,-0.06718071550130844,-0.15174314379692078,0.15744347870349884,-0.6260248422622681,-0.3707767128944397,0.48105886578559875,-0.8100488185882568,0.14150124788284302,0.4061189591884613,-0.39969974756240845
1749033596.7105489,0.7360381484031677,-2.082494398156637,1.452486817036764,2.300860567683838,-1.785562817250387,2.8751420974731445,-0.08888987451791763,0.06758612394332886,-0.06585074216127396,-0.1514044851064682,0.15752717852592468,-0.6321043372154236,-0.38163048028945923,0.4917510449886322,-0.8283970355987549,0.11834093928337097,0.40583306550979614,-0.41530656814575195
1749033596.7105918,0.7358554005622864,-2.0823542080321253,1.4523518721209925,2.3005801874348144,-1.7852171103106897,2.873894691467285,-0.08870375156402588,0.06731025874614716,-0.06780955940485,-0.15112434327602386,0.15836425125598907,-0.6374521255493164,-0.37787574529647827,0.48802053928375244,-0.8204578161239624,0.13604743778705597,0.4012179672718048,-0.3602093458175659
1749033596.71063,0.7356497645378113,-2.0821906528868617,1.4521930853473108,2.3002685743519287,-1.7849324385272425,2.8725786209106445,-0.08861076831817627,0.06757890433073044,-0.06696122884750366,-0.1514870822429657,0.15714050829410553,-0.636138916015625,-0.37371230125427246,0.4786829650402069,-0.8154798150062561,0.12777084112167358,0.3850313425064087,-0.35537663102149963
1749033596.7106674,0.7355236411094666,-2.0820776424803675,1.452064339314596,2.2999493318745117,-1.7846534887896937,2.8713903427124023,-0.08846743404865265,0.06746584177017212,-0.0665884017944336,-0.1507038176059723,0.15666644275188446,-0.6351391077041626,-0.3822311460971832,0.46718284487724304,-0.828779399394989,0.12014605104923248,0.401786744594574,-0.3440230190753937
1749033596.7107048,0.7353406548500061,-2.0819102726378382,1.4519293943988245,2.299672766322754,-1.7842753569232386,2.870072841644287,-0.08907052129507065,0.06758034229278564,-0.0674920305609703,-0.15273365378379822,0.1564449816942215,-0.6343182325363159,-0.36739155650138855,0.4783056080341339,-0.8084678649902344,0.16660621762275696,0.36942970752716064,-0.3354499638080597
1749033596.7107418,0.7351232767105103,-2.081813474694723,1.4517701307879847,2.2993694978901367,-1.784004036580221,2.868863821029663,-0.08835353702306747,0.06749629229307175,-0.067708320915699,-0.1489723175764084,0.1528947949409485,-0.6348393559455872,-0.3599584102630615,0.49099892377853394,-0.7995985746383667,0.13839471340179443,0.3972942531108856,-0.3962658643722534
1749033596.710778,0.7349547743797302,-2.081665178338522,1.4516881147967737,2.2990848261066894,-1.7836983839618128,2.8675286769866943,-0.09068613499403,0.0671328455209732,-0.06727995723485947,-0.1512424200773239,0.15418320894241333,-0.6383678913116455,-0.380709171295166,0.47228527069091797,-0.8080377578735352,0.1434396207332611,0.3849077820777893,-0.32788729667663574
1749033596.710814,0.7349547743797302,-2.081665178338522,1.4516881147967737,2.2990848261066894,-1.7836983839618128,2.8675286769866943,-0.09068613499403,0.0671328455209732,-0.06727995723485947,-0.1512424200773239,0.15418320894241333,-0.6383678913116455,-0.380709171295166,0.47228527069091797,-0.8080377578735352,0.1434396207332611,0.3849077820777893,-0.32788729667663574
1749033596.7108505,0.7347521185874939,-2.0815211735167445,1.4515445868121546,2.2987777429768066,-1.783449951802389,2.8662595748901367,-0.08650558441877365,0.06678161770105362,-0.06742195785045624,-0.15026219189167023,0.15276479721069336,-0.6382890939712524,-0.37636125087738037,0.47932878136634827,-0.7891898155212402,0.14439509809017181,0.3894847631454468,-0.3177330195903778
1749033596.710887,0.7344437837600708,-2.0812846622862757,1.4512770811664026,2.2982401090809326,-1.7828181425677698,2.8637654781341553,-0.0892137885093689,0.06788133084774017,-0.06671977043151855,-0.14772342145442963,0.15256448090076447,-0.6350069642066956,-0.3535802364349365,0.4828770160675049,-0.796545147895813,0.11387430131435394,0.4421115517616272,-0.3310391902923584
1749033596.7109232,0.7342454791069031,-2.0811525783934535,1.4510992209063929,2.2979187208363037,-1.7824762503253382,2.862462282180786,-0.08687218278646469,0.06828849762678146,-0.0659438967704773,-0.14730961620807648,0.15323369204998016,-0.6328023672103882,-0.41587719321250916,0.4711686372756958,-0.815981388092041,0.09550236910581589,0.4474901258945465,-0.39271777868270874
1749033596.7109601,0.7340965867042542,-2.081008573571676,1.4510014692889612,2.2976366716572265,-1.7821686903582972,2.861171007156372,-0.08799709379673004,0.06764110922813416,-0.06588061153888702,-0.14733165502548218,0.15485447645187378,-0.6361520886421204,-0.38703247904777527,0.4677254557609558,-0.8159331679344177,0.09952337294816971,0.43528109788894653,-0.3510325849056244
1749033596.7109957,0.7339255809783936,-2.0808636150755824,1.4508631865130823,2.297300024623535,-1.7818306128131312,2.8598997592926025,-0.08999723196029663,0.06949479132890701,-0.06619442999362946,-0.14922422170639038,0.15626436471939087,-0.6379765272140503,-0.3629114031791687,0.4480091631412506,-0.8173961043357849,0.12551744282245636,0.42722639441490173,-0.30578842759132385
1749033596.7110322,0.7337142825126648,-2.0807401142516078,1.4507539908038538,2.296976252193115,-1.7815240065204065,2.858619213104248,-0.0878627672791481,0.06485031545162201,-0.06628811359405518,-0.1502678543329239,0.15870912373065948,-0.6357374787330627,-0.34997832775115967,0.43220752477645874,-0.7959259152412415,0.1444348692893982,0.3729260563850403,-0.2370162457227707
1749033596.7116702,0.7335659861564636,-2.080576559106344,1.4506061712848108,2.296710653895996,-1.781142536793844,2.8573830127716064,-0.08504210412502289,0.0626528412103653,-0.06563637405633926,-0.14874717593193054,0.15345418453216553,-0.6289464235305786,-0.3561526834964752,0.47444671392440796,-0.8116130828857422,0.13695016503334045,0.3656046688556671,-0.2372259795665741
1749033596.7136383,0.7333758473396301,-2.0805140934386195,1.4504745642291468,2.2964114385792236,-1.7808664480792444,2.856147289276123,-0.0843912810087204,0.06498938053846359,-0.06463447213172913,-0.1470668911933899,0.14980268478393555,-0.6195565462112427,-0.398040235042572,0.4592018723487854,-0.8129007816314697,0.16590918600559235,0.38820433616638184,-0.2804626226425171
1749033596.754282,0.733150064945221,-2.080390592614645,1.4503305594073694,2.296135826701782,-1.7805641333209437,2.8549396991729736,-0.08503872156143188,0.06319130957126617,-0.06724190711975098,-0.14456132054328918,0.1517082005739212,-0.6114068627357483,-0.3579448461532593,0.4474606513977051,-0.7878561019897461,0.15145276486873627,0.35893362760543823,-0.32020238041877747
1749033596.754328,0.7330359220504761,-2.0802232227721156,1.4501989523517054,2.2958170610615234,-1.7803123633014124,2.8536953926086426,-0.08361856639385223,0.0635889396071434,-0.06375391036272049,-0.14284110069274902,0.14675042033195496,-0.609279453754425,-0.43272456526756287,0.5471126437187195,-0.8201006650924683,0.11906081438064575,0.40325915813446045,-0.39355015754699707
1749033596.754369,0.7328847050666809,-2.080094953576559,1.4500640074359339,2.295579357738159,-1.780001465474264,2.852445125579834,-0.08969073742628098,0.06780162453651428,-0.06343219429254532,-0.1420002430677414,0.14738106727600098,-0.612906813621521,-0.3911272883415222,0.4905751347541809,-0.8377158641815186,0.12476010620594025,0.4184540808200836,-0.39267241954803467
1749033596.7544084,0.7326945662498474,-2.0799747906126917,1.4499438444720667,2.2953030306049804,-1.7796953360186976,2.8512489795684814,-0.0867186188697815,0.06871499121189117,-0.0661303848028183,-0.14665846526622772,0.149054154753685,-0.616491436958313,-0.4128188490867615,0.4673212170600891,-0.7924882769584656,0.13750261068344116,0.3995821475982666,-0.3942064344882965
1749033596.7544467,0.7325109243392944,-2.079811235467428,1.4497931639300745,2.2950171667286376,-1.7793658415423792,2.849989175796509,-0.08820135146379471,0.06821674108505249,-0.06427166610956192,-0.1441965401172638,0.14912593364715576,-0.6195695400238037,-0.3898623287677765,0.4871416985988617,-0.809360146522522,0.12093767523765564,0.41497018933296204,-0.3527114987373352
1749033596.7544847,0.7323545217514038,-2.0796824894347132,1.4496687094317835,2.2947141367145996,-1.779097859059469,2.8487532138824463,-0.08806997537612915,0.06760340183973312,-0.06326957792043686,-0.14438451826572418,0.1497727781534195,-0.6229154467582703,-0.3963365852832794,0.48538240790367126,-0.8232643604278564,0.11769607663154602,0.42638975381851196,-0.37743014097213745
1749033596.7545226,0.7321560978889465,-2.079550405541891,1.4495490233050745,2.294414682979248,-1.7787483374225062,2.8474690914154053,-0.08692803978919983,0.06563585251569748,-0.06355375796556473,-0.14789870381355286,0.15069347620010376,-0.6253229379653931,-0.41456156969070435,0.4875252842903137,-0.8372515439987183,0.1260613054037094,0.39396214485168457,-0.35924726724624634
1749033596.7545602,0.7320007681846619,-2.0794269047179164,1.4494512716876429,2.294123812312744,-1.7784646193133753,2.8462488651275635,-0.08579928427934647,0.06499544531106949,-0.06435732543468475,-0.14353355765342712,0.15076766908168793,-0.6258783340454102,-0.4378402829170227,0.4894730746746063,-0.8393340706825256,0.10731659084558487,0.39684030413627625,-0.33404773473739624
1749033596.7545977,0.7318435311317444,-2.079254766503805,1.4492815176593226,2.293818874950073,-1.7781699339496058,2.845000743865967,-0.08575993031263351,0.064644955098629,-0.0647960901260376,-0.14451724290847778,0.15236172080039978,-0.6233000755310059,-0.4339161813259125,0.5016956925392151,-0.8312866687774658,0.11503585427999496,0.40299224853515625,-0.36154183745384216
1749033596.7546427,0.7316572070121765,-2.0791574917235316,1.4491565863238733,2.29350392400708,-1.7778781096087855,2.843737840652466,-0.08616500347852707,0.06605182588100433,-0.06497511267662048,-0.14686062932014465,0.15184712409973145,-0.6247913837432861,-0.4636019766330719,0.4601205289363861,-0.820780336856842,0.1216350793838501,0.393887460231781,-0.3649788498878479
1749033596.7546818,0.7314550280570984,-2.079033514062399,1.4490025679217737,2.2932042318531494,-1.7775481382953089,2.8425416946411133,-0.08726661652326584,0.06395479291677475,-0.0646672174334526,-0.14766262471675873,0.15045800805091858,-0.6264013051986694,-0.4193970561027527,0.54428631067276,-0.839282214641571,0.13458190858364105,0.41095054149627686,-0.3446628153324127
1749033596.754719,0.7312986850738525,-2.078917165795797,1.4488981405841272,2.2929481702991943,-1.7772648970233362,2.841233491897583,-0.08810403943061829,0.06504292786121368,-0.06475012004375458,-0.14925450086593628,0.1532302349805832,-0.6277685165405273,-0.40255841612815857,0.5111696720123291,-0.8508278727531433,0.13383913040161133,0.39948663115501404,-0.39208459854125977
1749033596.7547562,0.7311389446258545,-2.078762193719381,1.448773209248678,2.292628450984619,-1.7769387404071253,2.840038537979126,-0.0887104943394661,0.06788543611764908,-0.06505697220563889,-0.1498558074235916,0.14901070296764374,-0.6287283301353455,-0.4324667751789093,0.46783506870269775,-0.8379518985748291,0.13274958729743958,0.4064815938472748,-0.3466311991214752
1749033596.754793,0.7309203147888184,-2.0786458454527796,1.4486263434039515,2.292371912593506,-1.776621166859762,2.838750123977661,-0.08780955523252487,0.06445994973182678,-0.06764397770166397,-0.14469079673290253,0.14952242374420166,-0.6298385262489319,-0.42065584659576416,0.5059623122215271,-0.8364478349685669,0.11334137618541718,0.4184209108352661,-0.33989983797073364
1749033596.7548304,0.7307912111282349,-2.0785137615599574,1.4485257307635706,2.2920772272297363,-1.7763379255877894,2.8375260829925537,-0.09063373506069183,0.06591670960187912,-0.06652052700519562,-0.14600172638893127,0.15142852067947388,-0.6311927437782288,-0.3759734332561493,0.48899173736572266,-0.8162951469421387,0.10687810182571411,0.39896249771118164,-0.36260831356048584
1749033596.7548668,0.730600118637085,-2.078388830224508,1.4483822027789515,2.2917815881916503,-1.7759960333453577,2.836207628250122,-0.08714330941438675,0.06748518347740173,-0.0653490424156189,-0.14612959325313568,0.14979273080825806,-0.633270263671875,-0.4183950126171112,0.4936402142047882,-0.8377442955970764,0.12103632092475891,0.43014419078826904,-0.31451427936553955
1749033596.754904,0.7303945422172546,-2.0782491169371546,1.4482343832599085,2.29148976385083,-1.7757681051837366,2.834965467453003,-0.09024510532617569,0.06737786531448364,-0.06688014417886734,-0.14483386278152466,0.15160107612609863,-0.6335537433624268,-0.4279389977455139,0.47757306694984436,-0.8354683518409729,0.10079614818096161,0.43751561641693115,-0.36203137040138245
1749033596.7549412,0.7302223443984985,-2.0781432590880335,1.4481027762042444,2.291174812907837,-1.7754572073565882,2.833711862564087,-0.08792505413293839,0.0675593838095665,-0.06830019503831863,-0.1473127007484436,0.15458083152770996,-0.6361460089683533,-0.4156302511692047,0.5052146911621094,-0.7946833968162537,0.09287984669208527,0.4244158864021301,-0.3693046271800995
1749033596.7549777,0.7300652861595154,-2.0780040226378382,1.4479554335223597,2.290910168285034,-1.7751033941852015,2.8324904441833496,-0.08999916911125183,0.0687246322631836,-0.06572282314300537,-0.14837010204792023,0.15619425475597382,-0.6390951871871948,-0.3857305347919464,0.49019744992256165,-0.8408414125442505,0.1178479865193367,0.4066798686981201,-0.3093429207801819
1749033596.755014,0.7298906445503235,-2.0778447590269984,1.447827164326803,2.2906226354786376,-1.7748082319842737,2.831138849258423,-0.0910395085811615,0.06830897927284241,-0.06699603796005249,-0.14963842928409576,0.15597538650035858,-0.636724591255188,-0.35545727610588074,0.4600927233695984,-0.833342969417572,0.11816699802875519,0.40447932481765747,-0.30287206172943115
1749033596.7556524,0.7296684384346008,-2.077724119225973,1.4476798216449183,2.29030625402417,-1.7744353453265589,2.829925537109375,-0.09024548530578613,0.06773116439580917,-0.0675751268863678,-0.15034760534763336,0.15883991122245789,-0.6343569755554199,-0.36240026354789734,0.47127339243888855,-0.8311644196510315,0.11581513285636902,0.3761204481124878,-0.3169720470905304
1749033596.757653,0.7294976115226746,-2.0775872669615687,1.4475515524493616,2.2900001245686035,-1.7741525808917444,2.8286545276641846,-0.08967360109090805,0.06789496541023254,-0.06710715591907501,-0.1490887850522995,0.1531040370464325,-0.6308282017707825,-0.3647308945655823,0.464871883392334,-0.8122574090957642,0.12228203564882278,0.41363435983657837,-0.3197796940803528
1749033596.7982821,0.7293529510498047,-2.077451368371481,1.4474166075335901,2.289712353343628,-1.7738211790667933,2.8273704051971436,-0.08896706998348236,0.06739383935928345,-0.06714263558387756,-0.14902405440807343,0.15418192744255066,-0.6319376826286316,-0.3800206780433655,0.47105011343955994,-0.8183032870292664,0.10921056568622589,0.4075983166694641,-0.36165934801101685
1749033596.798331,0.7291856408119202,-2.077304025689596,1.4472573439227503,2.28943578779187,-1.7734978834735315,2.8260867595672607,-0.08903513103723526,0.06775157898664474,-0.0675613284111023,-0.14852777123451233,0.15416358411312103,-0.634202778339386,-0.4106723964214325,0.4612513780593872,-0.8198717832565308,0.11482328176498413,0.3707546591758728,-0.30510324239730835
1749033596.7983725,0.7289628386497498,-2.077150960961813,1.447132412587301,2.289135618800781,-1.7731874624835413,2.8248496055603027,-0.08742576092481613,0.06753436475992203,-0.06828363984823227,-0.1483122706413269,0.15259218215942383,-0.6341882944107056,-0.3779986500740051,0.48162341117858887,-0.805438220500946,0.09771427512168884,0.4131203889846802,-0.3139756917953491
1749033596.7984116,0.7287917137145996,-2.07705082515859,1.4469779173480433,2.2888480859943847,-1.7728846708880823,2.823540449142456,-0.08831959962844849,0.06781767308712006,-0.06839869171380997,-0.14638401567935944,0.15473316609859467,-0.6325681209564209,-0.4129655361175537,0.47973722219467163,-0.8077865839004517,0.08700687438249588,0.37880221009254456,-0.32984888553619385
1749033596.7984505,0.7286471724510193,-2.076914449731344,1.4468725363360804,2.288510485286377,-1.7726286093341272,2.822256326675415,-0.09227335453033447,0.06769844144582748,-0.0677204355597496,-0.1502610146999359,0.15389209985733032,-0.6300365924835205,-0.33136552572250366,0.5039588212966919,-0.7832823395729065,0.08191250264644623,0.3903036117553711,-0.29295814037323
1749033596.7984886,0.7284560203552246,-2.076778074304098,1.4467409292804163,2.2882415491291503,-1.7722991148578089,2.8209447860717773,-0.08895500004291534,0.06949993222951889,-0.06741312146186829,-0.14662928879261017,0.15319791436195374,-0.6269391775131226,-0.37859848141670227,0.42585593461990356,-0.8067054748535156,0.10580344498157501,0.38754507899284363,-0.3645910620689392
1749033596.7985265,0.7282887101173401,-2.076630254785055,1.446608845387594,2.287961168880127,-1.7720192114459437,2.8196942806243896,-0.09015939384698868,0.06569212675094604,-0.06760954111814499,-0.14655917882919312,0.15244103968143463,-0.6293267011642456,-0.35454490780830383,0.5054622292518616,-0.7947418689727783,0.09754258394241333,0.3914651870727539,-0.3449797034263611
1749033596.7985644,0.7280814051628113,-2.076482435266012,1.4464548269854944,2.2876695829578857,-1.771677319203512,2.8184449672698975,-0.08970542252063751,0.06574319303035736,-0.06719695776700974,-0.15031015872955322,0.15091830492019653,-0.6308225393295288,-0.390982985496521,0.4898185729980469,-0.7979046702384949,0.10373486578464508,0.40321215987205505,-0.3033154010772705
1749033596.7986016,0.7279220223426819,-2.0763780079283656,1.4463227430926722,2.2873546320148925,-1.771351162587301,2.8172075748443604,-0.0896795466542244,0.06915853172540665,-0.06653144210577011,-0.14715148508548737,0.15194150805473328,-0.6255478262901306,-0.3625437915325165,0.4644075930118561,-0.7931920289993286,0.10590027272701263,0.4043269753456116,-0.3360856771469116
1749033596.7986395,0.7277310490608215,-2.0762530765929164,1.446191136037008,2.2870704370686035,-1.7710946241961878,2.815927028656006,-0.09002107381820679,0.06527450680732727,-0.06609370559453964,-0.1462690681219101,0.15386009216308594,-0.6238824725151062,-0.3453986346721649,0.4746103286743164,-0.8041775822639465,0.09122081845998764,0.3786899745464325,-0.36309415102005005
1749033596.7986772,0.7275902032852173,-2.0761176548399867,1.4460747877704065,2.286770983333252,-1.7707613150226038,2.8147315979003906,-0.09015881270170212,0.06711795181035995,-0.06833026558160782,-0.14713840186595917,0.15382857620716095,-0.6235126256942749,-0.349818617105484,0.4941073954105377,-0.7897554039955139,0.08808813989162445,0.38623249530792236,-0.36153125762939453
1749033596.7987154,0.7273338437080383,-2.0760041675963343,1.445937458668844,2.2864598470875244,-1.7704513708697718,2.813426971435547,-0.08989351987838745,0.06814468652009964,-0.06503458321094513,-0.14850489795207977,0.1544448584318161,-0.6223853826522827,-0.3466286063194275,0.46517544984817505,-0.7925623059272766,0.09198681265115738,0.38806623220443726,-0.39690613746643066
1749033596.7987533,0.7272081971168518,-2.0758091411986292,1.4457991758929651,2.286165400142334,-1.7702139059649866,2.8122284412384033,-0.08912664651870728,0.06833713501691818,-0.06418066471815109,-0.14850042760372162,0.1565457433462143,-0.6280898451805115,-0.3647192418575287,0.463611900806427,-0.8354043960571289,0.1065257117152214,0.3655826151371002,-0.34805944561958313
1749033596.7987907,0.7270289659500122,-2.0757090053954066,1.4456551710711878,2.2858688074299316,-1.7698596159564417,2.8109633922576904,-0.08904778212308884,0.06855300068855286,-0.06793555617332458,-0.15318264067173004,0.1524507999420166,-0.6310606002807617,-0.36325782537460327,0.4618244171142578,-0.8075244426727295,0.10408791154623032,0.38508597016334534,-0.33769428730010986
1749033596.798828,0.7268218994140625,-2.0755802593626917,1.445535961781637,2.28556935369458,-1.7696078459369105,2.809701681137085,-0.087690070271492,0.067640021443367,-0.06600785255432129,-0.15104897320270538,0.15415073931217194,-0.6295453310012817,-0.39794743061065674,0.47382301092147827,-0.8136881589889526,0.12700286507606506,0.4115905165672302,-0.3766440153121948
1749033596.7988648,0.7266618609428406,-2.07542147258901,1.4454110304461878,2.285276337260864,-1.7692397276507776,2.8084867000579834,-0.08992823958396912,0.0679488554596901,-0.06653400510549545,-0.14870403707027435,0.15332774817943573,-0.6317005753517151,-0.3486277461051941,0.4841572046279907,-0.8025048971176147,0.11679358780384064,0.3918735980987549,-0.35866403579711914
1749033596.7989018,0.7264670729637146,-2.075308462182516,1.4452794233905237,2.2849456506916503,-1.7689498106585901,2.8071916103363037,-0.08710791915655136,0.06807181239128113,-0.06818065047264099,-0.15326398611068726,0.15198497474193573,-0.6308282017707825,-0.39272186160087585,0.47564804553985596,-0.7830890417098999,0.12854072451591492,0.43589508533477783,-0.4028363823890686
1749033596.7989383,0.7262889742851257,-2.0751763782896937,1.4450972715960901,2.2846309381672363,-1.7686646620379847,2.8059232234954834,-0.09093125909566879,0.06668269634246826,-0.06808829307556152,-0.15039733052253723,0.15318533778190613,-0.6351982355117798,-0.3492746651172638,0.4730738699436188,-0.7800232172012329,0.1370152235031128,0.41815170645713806,-0.3563089966773987
1749033596.7989752,0.7261207699775696,-2.0750514469542445,1.4450038115130823,2.284334107036255,-1.7683284918414515,2.8046927452087402,-0.0856853723526001,0.07004314661026001,-0.06787099689245224,-0.15055149793624878,0.15513774752616882,-0.6367167830467224,-0.3922198414802551,0.4399358332157135,-0.7723551392555237,0.14177970588207245,0.41194841265678406,-0.3057650029659271
1749033596.799012,0.7260227799415588,-2.0748759708800257,1.4448531309710901,2.2840301233479003,-1.7680171171771448,2.803384304046631,-0.08964891731739044,0.06598983705043793,-0.06834612041711807,-0.14994215965270996,0.15437544882297516,-0.6358561515808105,-0.36776798963546753,0.48352935910224915,-0.7625865936279297,0.15754804015159607,0.4311889410018921,-0.364525705575943
1749033596.7996633,0.7257899641990662,-2.074798723260397,1.444752041493551,2.2837111192890625,-1.7676909605609339,2.8021726608276367,-0.09028297662734985,0.06644263863563538,-0.06787296384572983,-0.1480400711297989,0.15971019864082336,-0.6357969045639038,-0.37388885021209717,0.48258116841316223,-0.7671944499015808,0.14119912683963776,0.38113173842430115,-0.35768261551856995
1749033596.8016553,0.7255754470825195,-2.074634691277975,1.4445775190936487,2.2834388452717285,-1.7674196402179163,2.8008525371551514,-0.0897160992026329,0.06901571154594421,-0.06746626645326614,-0.14685244858264923,0.15788382291793823,-0.6359103918075562,-0.3717953860759735,0.4337937831878662,-0.7946307063102722,0.15416762232780457,0.382737398147583,-0.3353062868118286
1749033596.8422804,0.7254152297973633,-2.0745297871031703,1.4444454352008265,2.283158465022705,-1.7670405546771448,2.799622058868408,-0.08932789415121078,0.06548850238323212,-0.06850021332502365,-0.1451825201511383,0.15568315982818604,-0.634027898311615,-0.42209339141845703,0.4811033606529236,-0.7653546333312988,0.1350545436143875,0.3963044285774231,-0.39529767632484436
1749033596.8423262,0.7252634763717651,-2.0743633709349574,1.4443171660052698,2.282839460963867,-1.7667506376849573,2.798349142074585,-0.08987540006637573,0.06535914540290833,-0.06559821218252182,-0.14527951180934906,0.15736062824726105,-0.6374070644378662,-0.373149037361145,0.4938550591468811,-0.7925370931625366,0.14088767766952515,0.35107535123825073,-0.31200361251831055
1749033596.8423667,0.7250834703445435,-2.074231287042135,1.4441731611834925,2.282583160991333,-1.7664678732501429,2.7970967292785645,-0.08882269263267517,0.06611262261867523,-0.0651881992816925,-0.14579929411411285,0.15400192141532898,-0.6364622116088867,-0.381185382604599,0.47638893127441406,-0.8058521747589111,0.125848650932312,0.4018574059009552,-0.31039977073669434
1749033596.842408,0.724892258644104,-2.074118276635641,1.4440110365497034,2.2822446066090087,-1.7661808172809046,2.7958147525787354,-0.09221959114074707,0.06523098051548004,-0.06908509880304337,-0.14663545787334442,0.1524810642004013,-0.6342911720275879,-0.31957635283470154,0.483864963054657,-0.753736674785614,0.13992318511009216,0.4087907075881958,-0.33567968010902405
1749033596.8424482,0.7247638702392578,-2.0739318333067835,1.443906609212057,2.2819689947315673,-1.7658703962909144,2.7945504188537598,-0.0880163386464119,0.06540372222661972,-0.06601066142320633,-0.14501269161701202,0.15180911123752594,-0.632056713104248,-0.4196612238883972,0.49806755781173706,-0.7618758082389832,0.1102370172739029,0.3965577483177185,-0.2927279770374298
1749033596.842487,0.72456955909729,-2.0738073788084925,1.443765942250387,2.2816659647175292,-1.765564266835348,2.7932472229003906,-0.09079889953136444,0.0650511384010315,-0.06596852093935013,-0.15011410415172577,0.15248890221118927,-0.6287208199501038,-0.39925846457481384,0.49272266030311584,-0.7764270305633545,0.14751678705215454,0.4098166823387146,-0.37072843313217163
1749033596.8425252,0.7244130373001099,-2.0736943684019984,1.4436429182635706,2.2813893991657714,-1.7652552763568323,2.7920405864715576,-0.08791407942771912,0.06549558788537979,-0.06586673855781555,-0.14645187556743622,0.15266557037830353,-0.6295526623725891,-0.3876223862171173,0.492924302816391,-0.7843931913375854,0.1374272108078003,0.42158347368240356,-0.3654702305793762
1749033596.842562,0.7242110967636108,-2.0735584698119105,1.4434927145587366,2.2810630041309814,-1.7649567762957972,2.790731430053711,-0.08869171887636185,0.06683260202407837,-0.06502516567707062,-0.14708004891872406,0.15451130270957947,-0.6298728585243225,-0.40785640478134155,0.4823783040046692,-0.8074654936790466,0.15279044210910797,0.413143515586853,-0.31416139006614685
1749033596.8425994,0.7240849733352661,-2.073391099969381,1.4433944861041468,2.2808210092731933,-1.7646220366107386,2.7894480228424072,-0.08938108384609222,0.06616947054862976,-0.0645732432603836,-0.15164482593536377,0.1553570181131363,-0.6294044852256775,-0.3944705128669739,0.491291880607605,-0.7937105894088745,0.1543373465538025,0.3985849618911743,-0.3542313873767853
1749033596.8426366,0.7238672971725464,-2.073271413842672,1.443275276814596,2.2805060583302,-1.7643197218524378,2.788231611251831,-0.08807287365198135,0.06637577712535858,-0.06439691036939621,-0.14718444645404816,0.15630830824375153,-0.629650890827179,-0.40577375888824463,0.4952501654624939,-0.812245786190033,0.15609383583068848,0.4167095422744751,-0.32894784212112427
1749033596.842674,0.7236599326133728,-2.073146482507223,1.4431517759906214,2.2801899152943115,-1.7640278975116175,2.7869458198547363,-0.09082534164190292,0.0675424337387085,-0.0642826184630394,-0.14630725979804993,0.15664821863174438,-0.6274905204772949,-0.38698911666870117,0.4612075686454773,-0.8183354139328003,0.14634661376476288,0.41000378131866455,-0.34168875217437744
1749033596.8427114,0.7235428094863892,-2.0730024776854457,1.442995850239889,2.2798868852802734,-1.763705078755514,2.785677909851074,-0.09083472192287445,0.06721725314855576,-0.06416716426610947,-0.1462506353855133,0.15636205673217773,-0.6279053688049316,-0.36207592487335205,0.460977166891098,-0.8082946538925171,0.16937366127967834,0.39026033878326416,-0.35045522451400757
1749033596.8427486,0.7233253121376038,-2.0729133091368617,1.4428728262530726,2.2795914846607666,-1.7634008566485804,2.784482717514038,-0.09050685912370682,0.06605774164199829,-0.06475576758384705,-0.14653532207012177,0.15812957286834717,-0.627061665058136,-0.3739054799079895,0.4817442297935486,-0.8229504227638245,0.16252528131008148,0.39245522022247314,-0.3205931782722473
1749033596.8427863,0.7231614589691162,-2.072804113427633,1.442744557057516,2.279287500972412,-1.7630904356585901,2.7832071781158447,-0.0901484414935112,0.06899361312389374,-0.06479327380657196,-0.14672301709651947,0.15446029603481293,-0.6261136531829834,-0.383530855178833,0.4544113576412201,-0.8184691071510315,0.17043520510196686,0.38196808099746704,-0.3414890170097351
1749033596.842824,0.7229818105697632,-2.072618146935934,1.4425972143756312,2.2790228563496093,-1.7627604643451136,2.781909704208374,-0.09026448428630829,0.06586999446153641,-0.06559436023235321,-0.1452229917049408,0.15140080451965332,-0.6244579553604126,-0.3762383460998535,0.4682035446166992,-0.813153088092804,0.1736343502998352,0.4204747676849365,-0.35253286361694336
1749033596.8428607,0.722771406173706,-2.0724855862059535,1.4424689451800745,2.2786971765705566,-1.762465778981344,2.780700206756592,-0.09104292094707489,0.06596033275127411,-0.06527956575155258,-0.14688162505626678,0.15486499667167664,-0.6251972317695618,-0.3828532099723816,0.4677690267562866,-0.8228586912155151,0.1806270331144333,0.4038267135620117,-0.3552359640598297
1749033596.8428977,0.7226077914237976,-2.0723258457579554,1.4423564116107386,2.2783970075794677,-1.7621634642230433,2.7794671058654785,-0.08955316245555878,0.06824054569005966,-0.0663033276796341,-0.14398318529129028,0.15130062401294708,-0.6243998408317566,-0.3397864103317261,0.4777188003063202,-0.8070042133331299,0.15340276062488556,0.4221484661102295,-0.3709319829940796
1749033596.8429341,0.722443163394928,-2.072181840936178,1.4422085920916956,2.278124971980713,-1.7618563810931605,2.778170585632324,-0.08834739029407501,0.06749224662780762,-0.06669112294912338,-0.14187178015708923,0.15254336595535278,-0.6254711151123047,-0.4235348403453827,0.42822015285491943,-0.8060963153839111,0.1433437466621399,0.4061774015426636,-0.35704880952835083
1749033596.8429704,0.7222521901130676,-2.072081228295797,1.4420736471759241,2.277825041408203,-1.7615264097796839,2.7769503593444824,-0.09139185398817062,0.06573896110057831,-0.06592147052288055,-0.14708273112773895,0.1537076085805893,-0.6274765133857727,-0.34460100531578064,0.464282751083374,-0.8015629649162292,0.1520988494157791,0.4166303873062134,-0.3233289122581482
1749033596.843007,0.7220766544342041,-2.0719453297057093,1.441949192677633,2.277541323299072,-1.7612469832049769,2.7756776809692383,-0.08852094411849976,0.06662256270647049,-0.06650858372449875,-0.14477969706058502,0.1541624665260315,-0.6250930428504944,-0.4049071669578552,0.47825223207473755,-0.7981300354003906,0.1803894340991974,0.41585424542427063,-0.36622124910354614
1749033596.8436995,0.7218812108039856,-2.0717770061888636,1.4418204466449183,2.2772537904926757,-1.7609174887286585,2.774411678314209,-0.0892590656876564,0.06665146350860596,-0.06688625365495682,-0.14291097223758698,0.1575291007757187,-0.6275258660316467,-0.36957848072052,0.45627903938293457,-0.7898314595222473,0.17198580503463745,0.41872426867485046,-0.3455806076526642
1749033596.8456523,0.7217448353767395,-2.0716692409911097,1.4416855017291468,2.2769781786152343,-1.76060659090151,2.77317214012146,-0.08881673961877823,0.06589210778474808,-0.06537139415740967,-0.14205777645111084,0.1552441418170929,-0.6281136274337769,-0.3822409510612488,0.4839869439601898,-0.8124196529388428,0.15942725539207458,0.39009591937065125,-0.34727710485458374
1749033596.8863175,0.7215466499328613,-2.071560045281881,1.4415467421161097,2.276702805156372,-1.760299030934469,2.77190899848938,-0.08895262330770493,0.06591937690973282,-0.06635218113660812,-0.1414133906364441,0.15243057906627655,-0.6310447454452515,-0.39347121119499207,0.48712778091430664,-0.8090617060661316,0.13866230845451355,0.4139202833175659,-0.3830466568470001
1749033596.886365,0.7213987112045288,-2.071357866326803,1.4414337317096155,2.276430531139038,-1.760019604359762,2.770700693130493,-0.08870680630207062,0.06626702100038528,-0.06794681400060654,-0.14321231842041016,0.15581320226192474,-0.6337664127349854,-0.3951544761657715,0.4686512053012848,-0.7813673615455627,0.14004896581172943,0.4008174538612366,-0.31417617201805115
1749033596.8864055,0.7212267518043518,-2.0712577305235804,1.4412711302386683,2.27615134298291,-1.7597087065326136,2.7693634033203125,-0.08890412747859955,0.06558538228273392,-0.06606590002775192,-0.1442411243915558,0.1506885141134262,-0.6330657005310059,-0.4158156216144562,0.4925607442855835,-0.8052054047584534,0.14804834127426147,0.4123058617115021,-0.3089848756790161
1749033596.8864439,0.7210547924041748,-2.071132322350973,1.4411361853228968,2.2758633333393554,-1.7593944708453577,2.7681095600128174,-0.08935341984033585,0.06561371684074402,-0.06647662818431854,-0.14680762588977814,0.15050625801086426,-0.6284023523330688,-0.37642723321914673,0.481507807970047,-0.8049883842468262,0.15168623626232147,0.42006170749664307,-0.3365066647529602
1749033596.8864853,0.7208641767501831,-2.070991655389303,1.44102651277651,2.275556727046631,-1.7591179052936,2.766868829727173,-0.0906279906630516,0.06542572379112244,-0.06694983690977097,-0.14908216893672943,0.15166369080543518,-0.6275388598442078,-0.3990204632282257,0.46768394112586975,-0.7972469329833984,0.1412373185157776,0.41739457845687866,-0.3397526144981384
1749033596.8865235,0.7206189036369324,-2.070848604241842,1.4408605734454554,2.27529160558667,-1.7588275114642542,2.7656033039093018,-0.08868071436882019,0.0660787969827652,-0.06633198261260986,-0.14779949188232422,0.15280622243881226,-0.6265549063682556,-0.34795838594436646,0.4798208475112915,-0.7952823042869568,0.14754074811935425,0.4234659969806671,-0.35032856464385986
1749033596.8865654,0.7204459309577942,-2.0706855259337367,1.4407599608050745,2.274960442180298,-1.75847036043276,2.7643070220947266,-0.08812204748392105,0.06675470620393753,-0.06532590836286545,-0.15155445039272308,0.1541314423084259,-0.6301997900009155,-0.3901151716709137,0.4359402060508728,-0.817272424697876,0.16743963956832886,0.4182632863521576,-0.3307403028011322
1749033596.8866055,0.7202898859977722,-2.0705911121764125,1.4406002203570765,2.2746218877979736,-1.7581961790667933,2.763096332550049,-0.09098225831985474,0.0639769583940506,-0.06563452631235123,-0.15028944611549377,0.15544390678405762,-0.6306906938552856,-0.33093610405921936,0.4925829768180847,-0.8187313675880432,0.17683635652065277,0.40684938430786133,-0.28966832160949707
1749033596.8866448,0.720126211643219,-2.0704366169371546,1.4404962698565882,2.2742981153675537,-1.757953945790426,2.7618298530578613,-0.08884137868881226,0.06552722305059433,-0.06548373401165009,-0.15080775320529938,0.15513424575328827,-0.6263266205787659,-0.3875090181827545,0.49675482511520386,-0.8260205388069153,0.18163150548934937,0.41766658425331116,-0.34704771637916565
1749033596.8866873,0.7199589014053345,-2.070308347741598,1.4403331915484827,2.2740093904682617,-1.7575433889972132,2.7606072425842285,-0.09006033837795258,0.06989260017871857,-0.06728918105363846,-0.15716134011745453,0.15461227297782898,-0.625013530254364,-0.34447184205055237,0.41638654470443726,-0.7983748912811279,0.24154768884181976,0.4233800172805786,-0.33070144057273865
1749033596.8867466,0.7197329998016357,-2.070179601708883,1.4402201811419886,2.2736784654804687,-1.7572792212115687,2.75929594039917,-0.08999259769916534,0.0647285208106041,-0.06436989456415176,-0.15286561846733093,0.15381692349910736,-0.6216332316398621,-0.3752742111682892,0.4855309724807739,-0.8303099274635315,0.24104709923267365,0.43698662519454956,-0.37613043189048767
1749033596.8868136,0.7195878624916077,-2.0700518093504847,1.4400847593890589,2.2733945089527587,-1.7569568792926233,2.7580132484436035,-0.08958639949560165,0.06712891906499863,-0.0646289587020874,-0.14771342277526855,0.1548704355955124,-0.6229041218757629,-0.3544284701347351,0.4770721197128296,-0.8261882066726685,0.21469947695732117,0.41232261061668396,-0.3843337893486023
1749033596.8868797,0.7194050550460815,-2.069907327691549,1.4399531523333948,2.2731031614490966,-1.7566421667682093,2.756742477416992,-0.08704376965761185,0.06692232191562653,-0.06789934635162354,-0.14451901614665985,0.1552245318889618,-0.6260559558868408,-0.4082210958003998,0.43119144439697266,-0.8041170835494995,0.20749656856060028,0.44330185651779175,-0.3090483546257019
1749033596.886944,0.719201922416687,-2.0697676144041957,1.4398406187640589,2.2728187280842285,-1.7563002745257776,2.7555131912231445,-0.08832158893346786,0.06618139892816544,-0.0651693195104599,-0.14299994707107544,0.15667690336704254,-0.625632643699646,-0.3663056790828705,0.42898809909820557,-0.8190252184867859,0.1901811957359314,0.3748505711555481,-0.31665194034576416
1749033596.8870118,0.7190301418304443,-2.0696708164610804,1.4397004286395472,2.2725397783466796,-1.7560127417193812,2.754272937774658,-0.08759358525276184,0.06590907275676727,-0.06662780791521072,-0.14215774834156036,0.15383616089820862,-0.621648371219635,-0.3609156012535095,0.45217078924179077,-0.817640483379364,0.17338961362838745,0.42368099093437195,-0.337429404258728
1749033596.8870795,0.7189048528671265,-2.069503446618551,1.4395373503314417,2.2722832399555664,-1.7557256857501429,2.7529993057250977,-0.08629719913005829,0.06610371917486191,-0.06802047789096832,-0.14205332100391388,0.15549831092357635,-0.617653489112854,-0.3904847800731659,0.44964420795440674,-0.8053634762763977,0.17918477952480316,0.42940035462379456,-0.3127305209636688
1749033596.8871474,0.7186874151229858,-2.0693680248656214,1.4394024054156702,2.271991415614746,-1.7554152647601526,2.7518415451049805,-0.08769605308771133,0.06548509746789932,-0.0687524750828743,-0.139614537358284,0.1519283503293991,-0.6164876818656921,-0.40109220147132874,0.4585455358028412,-0.7835167050361633,0.15152910351753235,0.4358496367931366,-0.41185301542282104
1749033596.8872156,0.7185192704200745,-2.069282194177145,1.4392898718463343,2.2717441755482177,-1.7551258246051233,2.7505877017974854,-0.08625447005033493,0.06500513106584549,-0.06812556087970734,-0.14410901069641113,0.15138225257396698,-0.6240959763526917,-0.3670900762081146,0.4418449401855469,-0.7919463515281677,0.13046951591968536,0.46847808361053467,-0.3864764869213104
1749033596.8872826,0.718370795249939,-2.0691191158690394,1.4391387144671839,2.2714363771625976,-1.754841152821676,2.7493343353271484,-0.08644457161426544,0.0658518522977829,-0.06766510754823685,-0.14163708686828613,0.1523723155260086,-0.6264601349830627,-0.4012506306171417,0.47457483410835266,-0.7966452836990356,0.1548902690410614,0.47495323419570923,-0.34109172224998474
1749033596.8873494,0.7181956768035889,-2.069002767602438,1.4389947096454065,2.2711571890064697,-1.7545431295977991,2.7480552196502686,-0.08904173970222473,0.06631752848625183,-0.06735044717788696,-0.14102692902088165,0.15406383574008942,-0.6263967752456665,-0.3489845395088196,0.45851457118988037,-0.7819797396659851,0.11995204538106918,0.4763842821121216,-0.38109272718429565
1749033596.8879213,0.7179971933364868,-2.0688988171019496,1.4388750235186976,2.2709080415913085,-1.7542007605182093,2.74686336517334,-0.08758075535297394,0.06587822735309601,-0.06714542210102081,-0.14814205467700958,0.15672379732131958,-0.6280456185340881,-0.4146975874900818,0.4801361858844757,-0.7891104221343994,0.13436804711818695,0.4521833658218384,-0.35117295384407043
1749033596.8896554,0.7178224921226501,-2.068735261956686,1.4387505690204065,2.270573778743408,-1.7539051214801233,2.745622158050537,-0.08890208601951599,0.06545554101467133,-0.06704385578632355,-0.14549502730369568,0.1643798053264618,-0.6296178698539734,-0.37921443581581116,0.46264392137527466,-0.7846919298171997,0.15162698924541473,0.40074121952056885,-0.34489375352859497
1749033596.9302886,0.7176350355148315,-2.068594594995016,1.438587490712301,2.27027337133374,-1.7535746733294886,2.7442994117736816,-0.08862315118312836,0.06757216155529022,-0.066701240837574,-0.14659573137760162,0.16154713928699493,-0.6294867396354675,-0.36113616824150085,0.4480009078979492,-0.8014624714851379,0.15605899691581726,0.3943185806274414,-0.3736833333969116
1749033596.9303348,0.7176350355148315,-2.068594594995016,1.438587490712301,2.27027337133374,-1.7535746733294886,2.7442994117736816,-0.08862315118312836,0.06757216155529022,-0.066701240837574,-0.14659573137760162,0.16154713928699493,-0.6294867396354675,-0.36113616824150085,0.4480009078979492,-0.8014624714851379,0.15605899691581726,0.3943185806274414,-0.3736833333969116
1749033596.9303756,0.7174752950668335,-2.068474432031149,1.438455883656637,2.269970341319702,-1.7532017866717737,2.7430434226989746,-0.0885709598660469,0.0608181357383728,-0.06652629375457764,-0.14676618576049805,0.15958578884601593,-0.6333310604095459,-0.37205228209495544,0.5026366710662842,-0.7918606400489807,0.16473554074764252,0.40310877561569214,-0.3206979036331177
1749033596.9304147,0.7172998189926147,-2.068380971948141,1.4383276144610804,2.269686384791992,-1.7529762426959437,2.7417941093444824,-0.0889369398355484,0.06384185701608658,-0.06700119376182556,-0.14743445813655853,0.1598076969385147,-0.6326002478599548,-0.378788560628891,0.4958947002887726,-0.7945067286491394,0.16010682284832,0.379221647977829,-0.3112523853778839
1749033596.930453,0.7169561386108398,-2.0681058369078578,1.438033405934469,2.2690786558338623,-1.7523120085345667,2.739269256591797,-0.08904605358839035,0.06517107784748077,-0.06779297441244125,-0.1492721140384674,0.15499024093151093,-0.6288373470306396,-0.38597217202186584,0.46708953380584717,-0.7761237025260925,0.1666082739830017,0.38539397716522217,-0.32437342405319214
1749033596.9304912,0.7167841196060181,-2.0679503879942835,1.43791371980776,2.268775625819824,-1.7520249525653284,2.738020420074463,-0.08770018070936203,0.06467299908399582,-0.06831970810890198,-0.14995932579040527,0.15375860035419464,-0.627686619758606,-0.42200514674186707,0.5328395366668701,-0.7826607823371887,0.1875287890434265,0.41451573371887207,-0.3918207883834839
1749033596.9305363,0.716582179069519,-2.0678416691222132,1.4377849737750452,2.2684761720844726,-1.7516716162311,2.7367773056030273,-0.0913524404168129,0.06677170842885971,-0.06737842410802841,-0.14799724519252777,0.15474839508533478,-0.6334108114242554,-0.3527611792087555,0.48980534076690674,-0.768436849117279,0.17492079734802246,0.4269125759601593,-0.36883223056793213
1749033596.9305797,0.7163866758346558,-2.067685743371481,1.4376447836505335,2.268204374904297,-1.7513640562640589,2.735549211502075,-0.0873163715004921,0.06738433986902237,-0.06913826614618301,-0.15108342468738556,0.15483076870441437,-0.6354451775550842,-0.3748664855957031,0.46013396978378296,-0.7513564229011536,0.1803206503391266,0.41748204827308655,-0.29399752616882324
1749033596.9307492,0.7162194848060608,-2.067580839196676,1.4375179449664515,2.2678915697285156,-1.7511017958270472,2.7342703342437744,-0.0897485539317131,0.06560100615024567,-0.06543387472629547,-0.14736849069595337,0.15437738597393036,-0.6326753497123718,-0.38302093744277954,0.4841095805168152,-0.7890229225158691,0.18319295346736908,0.40923038125038147,-0.3221288025379181
1749033596.9307895,0.7161017656326294,-2.067453523675436,1.4373777548419397,2.267573519343994,-1.750791374837057,2.732983112335205,-0.08685170859098434,0.06559871137142181,-0.06450303643941879,-0.1470770537853241,0.15470567345619202,-0.6314224600791931,-0.3803895115852356,0.4755072593688965,-0.8053862452507019,0.18157541751861572,0.41707390546798706,-0.3091711103916168
1749033596.9308279,0.715825617313385,-2.0673252544798792,1.4372547308551233,2.2673048216053466,-1.7504561583148401,2.7317512035369873,-0.0893254205584526,0.06607799977064133,-0.06803158670663834,-0.150725319981575,0.15550106763839722,-0.6295519471168518,-0.39675894379615784,0.5123338103294373,-0.7695542573928833,0.18042200803756714,0.401912659406662,-0.35487890243530273
1749033596.930865,0.7157241106033325,-2.0671774349608363,1.437141243611471,2.267016811961792,-1.7501142660724085,2.730442762374878,-0.09006674587726593,0.06674081087112427,-0.06581971794366837,-0.1475968211889267,0.15497341752052307,-0.6289811730384827,-0.3590560853481293,0.46694350242614746,-0.7736921310424805,0.2017502635717392,0.39490118622779846,-0.3618637025356293
1749033596.9309015,0.7155560851097107,-2.067080160180563,1.4369857946978968,2.266714020366333,-1.7498229185687464,2.7292122840881348,-0.08940453827381134,0.06651246547698975,-0.06531105190515518,-0.14591604471206665,0.15646015107631683,-0.6311264038085938,-0.33218204975128174,0.4715791344642639,-0.8040840029716492,0.18172141909599304,0.38396328687667847,-0.32510626316070557
1749033596.930938,0.7153612971305847,-2.0669170818724574,1.4368661085711878,2.266441746348999,-1.7495000998126429,2.727949619293213,-0.09060696512460709,0.06765308231115341,-0.06643909960985184,-0.14538000524044037,0.1537618339061737,-0.6313734650611877,-0.3571506142616272,0.49647077918052673,-0.7714787721633911,0.18226449191570282,0.3717193901538849,-0.34500202536582947
1749033596.9309742,0.7151939272880554,-2.0667692623534144,1.4367340246783655,2.266150637263916,-1.749197785054342,2.726632833480835,-0.0906156376004219,0.06625114381313324,-0.06665106862783432,-0.14545929431915283,0.14902547001838684,-0.6288356781005859,-0.36897778511047363,0.45032885670661926,-0.7810003757476807,0.17106032371520996,0.41355836391448975,-0.3392970860004425
1749033596.9310107,0.7150375843048096,-2.066664835015768,1.436587158833639,2.265866919154785,-1.7488754431353968,2.725376844406128,-0.09020879119634628,0.06965743750333786,-0.06654579192399979,-0.14700248837471008,0.152568057179451,-0.6275849938392639,-0.36161231994628906,0.4590075612068176,-0.794720470905304,0.18413609266281128,0.4016055762767792,-0.3137694001197815
1749033596.931047,0.7148229479789734,-2.066519876519674,1.4365018049823206,2.2655786710926513,-1.7485883871661585,2.724132537841797,-0.09019278734922409,0.06722051650285721,-0.0661759003996849,-0.1458715945482254,0.14859098196029663,-0.627740740776062,-0.37552133202552795,0.45573654770851135,-0.7822955846786499,0.15764684975147247,0.4281969368457794,-0.38347649574279785
1749033596.931084,0.7146127223968506,-2.0664197407164515,1.4363387266742151,2.2652670580097656,-1.7482779661761683,2.722846269607544,-0.08914979547262192,0.0658102035522461,-0.06789503246545792,-0.1473524570465088,0.1481805145740509,-0.6281889081001282,-0.37438979744911194,0.4956865608692169,-0.7765985727310181,0.1844201385974884,0.43509364128112793,-0.34672319889068604
1749033596.9311206,0.7144681811332703,-2.0662485561766566,1.436207119618551,2.264960213298462,-1.7480171362506312,2.7216243743896484,-0.09234579652547836,0.06692694872617722,-0.06646709144115448,-0.146853968501091,0.1498960554599762,-0.6262867450714111,-0.34331652522087097,0.47359755635261536,-0.762898862361908,0.16439692676067352,0.4288375973701477,-0.3119033873081207
1749033596.9311566,0.7142678499221802,-2.0661360226073207,1.4361065069781702,2.2646676737019042,-1.7476962248431605,2.7203495502471924,-0.08712923526763916,0.06789547950029373,-0.06528250873088837,-0.1497020572423935,0.15140707790851593,-0.6223885416984558,-0.36739081144332886,0.45950400829315186,-0.8000862002372742,0.19825038313865662,0.44144007563591003,-0.36442679166793823
1749033596.9316645,0.7140778303146362,-2.065971990624899,1.4359400908099573,2.2643560606190185,-1.7474001089679163,2.7191500663757324,-0.08858249336481094,0.0649891346693039,-0.06646046787500381,-0.14570100605487823,0.15130309760570526,-0.6227719783782959,-0.39473849534988403,0.5031920671463013,-0.7965813279151917,0.15822097659111023,0.4329926669597626,-0.3421821892261505
1749033596.9336472,0.7139106392860413,-2.0658632717528285,1.4358204046832483,2.264080448741577,-1.74709397951235,2.7178666591644287,-0.0866396501660347,0.06680188328027725,-0.06718535721302032,-0.14932870864868164,0.15290522575378418,-0.622408926486969,-0.3395838141441345,0.46703583002090454,-0.7724353075027466,0.17445509135723114,0.4040457606315613,-0.35061371326446533
1749033596.974301,0.7137585282325745,-2.0657431087889613,1.4356840292560022,2.2637812334248046,-1.7467597166644495,2.7166073322296143,-0.08780757337808609,0.06756347417831421,-0.0641729086637497,-0.14944489300251007,0.15575221180915833,-0.6236991882324219,-0.3826411962509155,0.48517096042633057,-0.8091350793838501,0.21876871585845947,0.38828974962234497,-0.3831595182418823
1749033596.9743485,0.7135758996009827,-2.06557621578359,1.4355481306659144,2.2635087209888916,-1.7464640776263636,2.715332508087158,-0.08973828703165054,0.06721525639295578,-0.06497453153133392,-0.14721007645130157,0.153189554810524,-0.6240885257720947,-0.378145694732666,0.4680590033531189,-0.8036506772041321,0.1881927102804184,0.4064919352531433,-0.3467704951763153
1749033596.9743888,0.7134344577789307,-2.0654474697508753,1.4354522863971155,2.2632173734852294,-1.7461465040790003,2.7141289710998535,-0.08895127475261688,0.06682541221380234,-0.06519772857427597,-0.14529038965702057,0.15480925142765045,-0.6258993148803711,-0.3638797402381897,0.4902559518814087,-0.8066397905349731,0.19564104080200195,0.38395941257476807,-0.3421659767627716
1749033596.9744277,0.7132166624069214,-2.0653072796263636,1.4353206793414515,2.2629212576099853,-1.7458284536944788,2.712876558303833,-0.08896945416927338,0.06753691285848618,-0.06543303281068802,-0.1428898721933365,0.1538350135087967,-0.6236028671264648,-0.37656447291374207,0.4749794602394104,-0.8152458667755127,0.14414891600608826,0.3776911795139313,-0.35151752829551697
1749033596.9744656,0.7130284905433655,-2.065202852288717,1.435157601033346,2.2626265722462158,-1.7455022970782679,2.711578130722046,-0.08888232707977295,0.06543319672346115,-0.06464625149965286,-0.14180563390254974,0.1524631530046463,-0.6257978677749634,-0.3487032949924469,0.48389995098114014,-0.8163668513298035,0.14474228024482727,0.3823971152305603,-0.3230934739112854
1749033596.9745026,0.7128738164901733,-2.0650669536986292,1.4350569883929651,2.2623423772999267,-1.7452262083636683,2.7103629112243652,-0.08835307508707047,0.0677165538072586,-0.06518733501434326,-0.14241589605808258,0.1506904512643814,-0.6261792182922363,-0.3583178222179413,0.44251036643981934,-0.8155654072761536,0.13735154271125793,0.3917749524116516,-0.35135629773139954
1749033596.97454,0.7126893401145935,-2.064922948876852,1.434913460408346,2.2620581823536376,-1.7449005285846155,2.7091269493103027,-0.0870053619146347,0.06730659306049347,-0.06600578874349594,-0.14428240060806274,0.15129218995571136,-0.6287428140640259,-0.40265190601348877,0.4860110878944397,-0.8171184659004211,0.15086707472801208,0.42027223110198975,-0.341695100069046
1749033596.9745798,0.7125109434127808,-2.0647713146605433,1.4347780386554163,2.2617668348499755,-1.7446444670306605,2.7078464031219482,-0.09040134400129318,0.06837048381567001,-0.06653402000665665,-0.1462414562702179,0.1523621380329132,-0.6329342126846313,-0.32368776202201843,0.4855250120162964,-0.8150944113731384,0.1326180249452591,0.4225867688655853,-0.29199573397636414
1749033596.9746172,0.7122964859008789,-2.0646382770934046,1.4346497694598597,2.2614828783222656,-1.7442987600909632,2.706563711166382,-0.08816792815923691,0.06753553450107574,-0.06720152497291565,-0.14638391137123108,0.1536325067281723,-0.6300939917564392,-0.38696378469467163,0.4717436730861664,-0.8102787137031555,0.16427676379680634,0.4131718575954437,-0.34412795305252075
1749033596.974654,0.7120997905731201,-2.0645228825011195,1.43451434770693,2.261195583934448,-1.7439449469195765,2.7052910327911377,-0.09165225923061371,0.07003746181726456,-0.06733717024326324,-0.1488073319196701,0.15443302690982819,-0.628828763961792,-0.3205632269382477,0.448699027299881,-0.8081571459770203,0.15505142509937286,0.3892396092414856,-0.30163294076919556
1749033596.974691,0.7120027542114258,-2.064386030236715,1.4343708197223108,2.2608608442493896,-1.743674103413717,2.704055070877075,-0.08779529482126236,0.06736832112073898,-0.06799541413784027,-0.14497967064380646,0.15408635139465332,-0.6264415979385376,-0.351229190826416,0.4580456018447876,-0.7957221865653992,0.13379481434822083,0.4076693058013916,-0.349653035402298
1749033596.974727,0.7118043303489685,-2.064238210717672,1.43427020708193,2.2605888086506347,-1.743336025868551,2.702812433242798,-0.08686750382184982,0.06658414006233215,-0.06775107234716415,-0.14266379177570343,0.15535281598567963,-0.6278811693191528,-0.3425549864768982,0.46445417404174805,-0.7982822060585022,0.13207973539829254,0.3907826542854309,-0.36948445439338684
1749033596.974763,0.7116400003433228,-2.0640903911986292,1.4340923468219202,2.260308189983032,-1.7430546919452112,2.7014882564544678,-0.08855403959751129,0.06895206868648529,-0.06772226095199585,-0.14809982478618622,0.15433207154273987,-0.6299625635147095,-0.35405975580215454,0.47261950373649597,-0.7999666333198547,0.13330593705177307,0.4014841318130493,-0.2973444163799286
1749033596.9747994,0.7114258408546448,-2.063951631585592,1.433972183858053,2.259985848064087,-1.742751423512594,2.7003066539764404,-0.08793868869543076,0.0670391246676445,-0.06738045066595078,-0.14431408047676086,0.15348786115646362,-0.6284096837043762,-0.3514215350151062,0.42812395095825195,-0.7929077744483948,0.15643486380577087,0.36733171343803406,-0.30613505840301514
1749033596.9748359,0.7112815380096436,-2.063845773736471,1.4338167349444788,2.2597085672565917,-1.7424023787127894,2.699012041091919,-0.08748622238636017,0.06626874208450317,-0.06710067391395569,-0.14564865827560425,0.14998815953731537,-0.6256146430969238,-0.3665555417537689,0.4842750132083893,-0.8147264122962952,0.13488458096981049,0.3880711793899536,-0.36383751034736633
1749033596.9748719,0.7111565470695496,-2.0636822185912074,1.4337032477008265,2.259413881892822,-1.7420843283282679,2.6977691650390625,-0.08813297003507614,0.06732074171304703,-0.06686711311340332,-0.14557971060276031,0.15147124230861664,-0.6224387288093567,-0.36796140670776367,0.48248541355133057,-0.7940913438796997,0.14177748560905457,0.39971768856048584,-0.32591092586517334
1749033596.974908,0.7109305262565613,-2.063596864739889,1.4335525671588343,2.2591537672230224,-1.7417929808246058,2.6964895725250244,-0.08873265236616135,0.06677781790494919,-0.0672474130988121,-0.14568229019641876,0.15228582918643951,-0.6217337250709534,-0.3590492606163025,0.47441208362579346,-0.8052746057510376,0.12768207490444183,0.38121116161346436,-0.36383795738220215
1749033596.9749444,0.7107634544372559,-2.063441892663473,1.4334400335894983,2.2588626581379394,-1.7415130774127405,2.6952555179595947,-0.08799216151237488,0.06652551889419556,-0.06857378035783768,-0.14587315917015076,0.15068356692790985,-0.6255854368209839,-0.36836767196655273,0.4667629599571228,-0.7729754447937012,0.1130502000451088,0.38858407735824585,-0.34994980692863464
1749033596.974981,0.7105917930603027,-2.0633017025389613,1.433307949696676,2.2585715490528564,-1.7412422339068812,2.6938657760620117,-0.08840857446193695,0.06588684767484665,-0.06666497141122818,-0.1456822156906128,0.15212221443653107,-0.6288738250732422,-0.3508947491645813,0.4784952998161316,-0.7956797480583191,0.10884781926870346,0.375302791595459,-0.3028373718261719
1749033596.9750183,0.710419774055481,-2.0631429157652796,1.4332159201251429,2.258279486293457,-1.7408888975726526,2.6926686763763428,-0.08711903542280197,0.065736323595047,-0.06638428568840027,-0.14544500410556793,0.15249493718147278,-0.6225582361221313,-0.38925713300704956,0.47668322920799255,-0.8068560361862183,0.09086374193429947,0.3911084532737732,-0.33173710107803345
1749033596.9756942,0.7102406024932861,-2.063045640985006,1.433037583027975,2.2579983907886962,-1.740582291279928,2.6915035247802734,-0.08935682475566864,0.06496740877628326,-0.06880070269107819,-0.15009811520576477,0.1503039300441742,-0.6201486587524414,-0.31285467743873596,0.4682179391384125,-0.7959603667259216,0.12583406269550323,0.4003749191761017,-0.3624272048473358
1749033596.977676,0.7100176811218262,-2.062925478021139,1.432925049458639,2.257687492961548,-1.7403457800494593,2.690255880355835,-0.08690984547138214,0.06521420180797577,-0.06651433557271957,-0.1482584923505783,0.15023265779018402,-0.6187744736671448,-0.38449063897132874,0.504533052444458,-0.8034207820892334,0.0983702763915062,0.39080965518951416,-0.35168731212615967
1749033597.018286,0.7098549604415894,-2.0627972088255824,1.4327777067767542,2.257392092342041,-1.7399657408343714,2.6890406608581543,-0.09066993743181229,0.06597627699375153,-0.06734878569841385,-0.14867930114269257,0.1491023153066635,-0.6184862852096558,-0.3522624373435974,0.5155029296875,-0.7912949323654175,0.11103379726409912,0.4188779294490814,-0.42833051085472107
1749033597.0183356,0.7096407413482666,-2.0626841984190882,1.4326804319964808,2.257139130229614,-1.739755932484762,2.687723398208618,-0.08774919807910919,0.06542672216892242,-0.06814217567443848,-0.15231215953826904,0.15321366488933563,-0.6253268122673035,-0.32665300369262695,0.4995211064815521,-0.7824931144714355,0.14552722871303558,0.38844722509384155,-0.35279446840286255
1749033597.0183773,0.7094839811325073,-2.062496324578756,1.432533089314596,2.256807966823242,-1.7393997351275843,2.686541795730591,-0.08847901970148087,0.06904923170804977,-0.0678357407450676,-0.1502290517091751,0.1507706195116043,-0.6283202171325684,-0.3400641083717346,0.45027926564216614,-0.7941285967826843,0.12841133773326874,0.430630624294281,-0.3465835750102997
1749033597.0184238,0.7094839811325073,-2.062496324578756,1.432533089314596,2.256807966823242,-1.7393997351275843,2.686541795730591,-0.08847901970148087,0.06904923170804977,-0.0678357407450676,-0.1502290517091751,0.1507706195116043,-0.6283202171325684,-0.3400641083717346,0.45027926564216614,-0.7941285967826843,0.12841133773326874,0.430630624294281,-0.3465835750102997
1749033597.0184622,0.7091373205184937,-2.0622598133482875,1.4322226683246058,2.2562057214924316,-1.7387850920306605,2.6840322017669678,-0.0875166729092598,0.06601045280694962,-0.0699974074959755,-0.15072770416736603,0.15389885008335114,-0.628563404083252,-0.3803822696208954,0.494037389755249,-0.7608093023300171,0.15694674849510193,0.3991421163082123,-0.3703509271144867
1749033597.0185046,0.708952784538269,-2.0621358356871546,1.432141129170553,2.2559022146412353,-1.7384751478778284,2.682852268218994,-0.08772233128547668,0.06787706911563873,-0.0674346536397934,-0.14956972002983093,0.1532459557056427,-0.6279076933860779,-0.3560969829559326,0.4709222614765167,-0.7849191427230835,0.14476339519023895,0.4158477783203125,-0.3997868299484253
1749033597.018543,0.7087818384170532,-2.061929842034811,1.4319723288165491,2.2556137281605224,-1.7381804625140589,2.6815474033355713,-0.08735194057226181,0.06698763370513916,-0.06693073362112045,-0.15058359503746033,0.15347754955291748,-0.6335239410400391,-0.37102174758911133,0.4645397663116455,-0.7866869568824768,0.1406359076499939,0.41893547773361206,-0.41145414113998413
1749033597.0185804,0.7086255550384521,-2.061840673486227,1.4318626562701624,2.2552949625202636,-1.7378547827350062,2.68025541305542,-0.08652514219284058,0.0671856626868248,-0.07049620896577835,-0.14998991787433624,0.155275359749794,-0.6382330060005188,-0.4147595763206482,0.5097858309745789,-0.7666103839874268,0.13365501165390015,0.41633084416389465,-0.38151341676712036
1749033597.0186176,0.7084507942199707,-2.061716218987936,1.4316847960101526,2.254948063487671,-1.737582031880514,2.678987741470337,-0.09074059873819351,0.06806901097297668,-0.06843052059412003,-0.15105850994586945,0.15641945600509644,-0.6420392990112305,-0.3534611463546753,0.47036173939704895,-0.748453676700592,0.15695726871490479,0.39886778593063354,-0.33049893379211426
1749033597.0186613,0.708236038684845,-2.061556478539938,1.4315679709063929,2.254652662868164,-1.7372248808490198,2.6777238845825195,-0.08701959252357483,0.0669158548116684,-0.06856326758861542,-0.15203815698623657,0.15585660934448242,-0.6429202556610107,-0.4159175157546997,0.4919876158237457,-0.7724079489707947,0.1595560610294342,0.407947301864624,-0.35593000054359436
1749033597.0187035,0.708068311214447,-2.0614592037596644,1.4314401785479944,2.2542974191853027,-1.7369020620929163,2.676476240158081,-0.09095728397369385,0.06666228175163269,-0.06921221315860748,-0.14916396141052246,0.15527182817459106,-0.6415916681289673,-0.36910974979400635,0.48129335045814514,-0.768307626247406,0.15479609370231628,0.4016079902648926,-0.3351348042488098
1749033597.0187402,0.7079281210899353,-2.061343332330221,1.4313047567950647,2.2540291982838134,-1.736610237752096,2.6751904487609863,-0.08702155202627182,0.0657113716006279,-0.06929615885019302,-0.15270301699638367,0.1546756774187088,-0.6387479901313782,-0.35316407680511475,0.47946029901504517,-0.7604698538780212,0.1932525634765625,0.38734251260757446,-0.3321186900138855
1749033597.0187764,0.7077017426490784,-2.061155935327047,1.431145493184225,2.2537640768238525,-1.736276928578512,2.6739420890808105,-0.08730723708868027,0.06509338319301605,-0.06940179318189621,-0.14818161725997925,0.1539609134197235,-0.639055609703064,-0.3633282780647278,0.4851973056793213,-0.7559743523597717,0.16693894565105438,0.3859645426273346,-0.28756654262542725
1749033597.0188124,0.7075424194335938,-2.0610209904112757,1.4310172239886683,2.2534798818775634,-1.7359512487994593,2.6726248264312744,-0.08724328130483627,0.06528432667255402,-0.06907951831817627,-0.1457485556602478,0.1568496823310852,-0.6373869776725769,-0.3685479760169983,0.46842315793037415,-0.7514962553977966,0.15509186685085297,0.36090442538261414,-0.3065650463104248
1749033597.0188482,0.7073588371276855,-2.060911794702047,1.430885140095846,2.2531661230274658,-1.735666577016012,2.6713802814483643,-0.0876603052020073,0.06498903036117554,-0.06881214678287506,-0.14808328449726105,0.153340682387352,-0.6335645914077759,-0.3725225329399109,0.5064979791641235,-0.7451902031898499,0.1798262894153595,0.38735249638557434,-0.34655848145484924
1749033597.018886,0.7072033882141113,-2.06076778988027,1.430753533040182,2.2529162603565673,-1.7353642622577112,2.670081853866577,-0.08828336745500565,0.06571825593709946,-0.06833111494779587,-0.14452026784420013,0.1557045578956604,-0.6319006085395813,-0.388495534658432,0.5121393799781799,-0.7529711127281189,0.14434176683425903,0.39099130034446716,-0.3033706843852997
1749033597.0189457,0.7069805860519409,-2.06065096477651,1.430640999470846,2.252609892482422,-1.7350571791278284,2.6688547134399414,-0.0885191410779953,0.06673707067966461,-0.06753544509410858,-0.1437336802482605,0.15495428442955017,-0.6297166347503662,-0.38864853978157043,0.5118692517280579,-0.7607067227363586,0.1277932971715927,0.35443049669265747,-0.37851473689079285
1749033597.0189931,0.7068597674369812,-2.0605274639525355,1.430509392415182,2.2523221212574462,-1.7347434202777308,2.6675760746002197,-0.08904491364955902,0.06612049788236618,-0.06694187223911285,-0.14495854079723358,0.1538279503583908,-0.6312411427497864,-0.36545872688293457,0.5086290836334229,-0.752766489982605,0.15313410758972168,0.37386637926101685,-0.3403855860233307
1749033597.0190318,0.7066649198532104,-2.060383459130758,1.4303582350360315,2.25200264036145,-1.734471623097555,2.66633677482605,-0.08881304413080215,0.06701111793518066,-0.0665280818939209,-0.1456906795501709,0.15446875989437103,-0.6304036974906921,-0.3622555136680603,0.4641406536102295,-0.7660755515098572,0.1444093883037567,0.39116162061691284,-0.3060172200202942
1749033597.0190728,0.7064774632453918,-2.060223241845602,1.430211369191305,2.251734419459961,-1.734145466481344,2.665069580078125,-0.08822591602802277,0.06974124163389206,-0.0660511702299118,-0.14575769007205963,0.15493066608905792,-0.6301834583282471,-0.3377419114112854,0.4348372220993042,-0.7894399166107178,0.12773604691028595,0.3680805563926697,-0.3425593376159668
1749033597.0196645,0.706271231174469,-2.0601068935790003,1.4301069418536585,2.2514077860065917,-1.733866039906637,2.6637728214263916,-0.08781984448432922,0.06547747552394867,-0.06541816890239716,-0.14622244238853455,0.15335123240947723,-0.6293505430221558,-0.3543682098388672,0.513872504234314,-0.775703489780426,0.11479470878839493,0.3740966320037842,-0.34639447927474976
1749033597.021667,0.7061063647270203,-2.0599709949889125,1.4299595991717737,2.2511321741291503,-1.7335484663592737,2.662517547607422,-0.08752735704183578,0.06556655466556549,-0.06564559787511826,-0.15066534280776978,0.15261514484882355,-0.6271117329597473,-0.3795435428619385,0.5033981800079346,-0.796089231967926,0.16510185599327087,0.4145995080471039,-0.3563908338546753
1749033597.0663438,0.7059128284454346,-2.05983891109609,1.4298279921161097,2.250804587001465,-1.7332256476031702,2.661203622817993,-0.08841569721698761,0.06929145753383636,-0.06603194773197174,-0.1478683352470398,0.1531984806060791,-0.6284192800521851,-0.35050952434539795,0.46398600935935974,-0.7930923104286194,0.14889103174209595,0.40932005643844604,-0.37235227227211
1749033597.0663917,0.7057866454124451,-2.059707304040426,1.4297307173358362,2.250528021449707,-1.7329352537738245,2.659963607788086,-0.08638903498649597,0.06593037396669388,-0.0662345290184021,-0.1490807831287384,0.15406151115894318,-0.6291235089302063,-0.38996049761772156,0.48210957646369934,-0.7862120866775513,0.16589026153087616,0.39495614171028137,-0.32210540771484375
1749033597.0664325,0.7055882215499878,-2.0595628223814906,1.4295867125140589,2.2502516943165283,-1.732624355946676,2.658701181411743,-0.09084803611040115,0.06683741509914398,-0.06611227989196777,-0.1482505202293396,0.15429672598838806,-0.627848207950592,-0.3284871578216553,0.5045741200447083,-0.791266679763794,0.17096924781799316,0.40030694007873535,-0.3629015386104584
1749033597.0664713,0.7054316997528076,-2.059434553185934,1.4294355551349085,2.249936266536377,-1.7322948614703577,2.657500982284546,-0.08592849969863892,0.0677734985947609,-0.067003533244133,-0.1459447592496872,0.15095268189907074,-0.625532329082489,-0.38928666710853577,0.4550783336162567,-0.8045883774757385,0.16918568313121796,0.4275791049003601,-0.3645365238189697
1749033597.0665097,0.7052650451660156,-2.059305330316061,1.42930776277651,2.24965683996167,-1.7320030371295374,2.6562156677246094,-0.0878017470240593,0.06815914064645767,-0.06836164742708206,-0.14609675109386444,0.15405653417110443,-0.6274492740631104,-0.3724982440471649,0.4592815339565277,-0.7719462513923645,0.1508708894252777,0.4116895794868469,-0.35215285420417786
1749033597.0665476,0.7050498723983765,-2.0591303310790003,1.4291942755328577,2.249361200923584,-1.7317422072040003,2.6549675464630127,-0.08853776752948761,0.06804162263870239,-0.065358005464077,-0.14662699401378632,0.15393662452697754,-0.62689608335495,-0.35020771622657776,0.4570438861846924,-0.7969256639480591,0.1693311482667923,0.39114394783973694,-0.3746938109397888
1749033597.066585,0.7048826813697815,-2.059010168115133,1.4290316740619105,2.2490457731434326,-1.7314627806292933,2.65372371673584,-0.08740998059511185,0.06746842712163925,-0.06536228954792023,-0.146657794713974,0.15444400906562805,-0.6273871064186096,-0.3845295310020447,0.45855507254600525,-0.8135696649551392,0.15456151962280273,0.4095970392227173,-0.3713608980178833
1749033597.066623,0.7047255039215088,-2.058870931664938,1.4289205710040491,2.248776836986206,-1.7310832182513636,2.6524596214294434,-0.08791700750589371,0.06585685908794403,-0.06803857535123825,-0.14731885492801666,0.15437722206115723,-0.629473865032196,-0.36564791202545166,0.4608992338180542,-0.7830074429512024,0.16766846179962158,0.410543292760849,-0.3245782256126404
1749033597.0666604,0.7045270800590515,-2.0587336025633753,1.4287808577166956,2.2484428125568847,-1.7308152357684534,2.651247024536133,-0.08719130605459213,0.0673288106918335,-0.06435547024011612,-0.14681178331375122,0.15541481971740723,-0.6270672082901001,-0.3582461178302765,0.4636539816856384,-0.808151125907898,0.15861794352531433,0.39925891160964966,-0.3628067970275879
1749033597.0666974,0.7043598294258118,-2.0586453876891078,1.4286406675921839,2.248145743007324,-1.73047382036318,2.6499550342559814,-0.08966038376092911,0.06685350090265274,-0.06499356776475906,-0.14786981046199799,0.15516918897628784,-0.6283196806907654,-0.3673568367958069,0.46107321977615356,-0.8260274529457092,0.18393126130104065,0.4097069203853607,-0.34546270966529846
1749033597.0667348,0.7041833996772766,-2.0584894619383753,1.4285357634173792,2.2478341299244384,-1.7301557699786585,2.648707628250122,-0.0861334502696991,0.06722187995910645,-0.06546369194984436,-0.14830107986927032,0.15407437086105347,-0.6276260018348694,-0.373955100774765,0.4621468186378479,-0.8091850876808167,0.18671175837516785,0.4150562286376953,-0.3466898202896118
1749033597.0667715,0.7039622664451599,-2.0583416424193324,1.428366486226217,2.247537775630615,-1.7298591772662562,2.6474521160125732,-0.08714704215526581,0.06602039933204651,-0.06517556309700012,-0.14677271246910095,0.15409304201602936,-0.6289147138595581,-0.37532949447631836,0.4385956823825836,-0.8191602826118469,0.1864711195230484,0.4020017385482788,-0.3468364477157593
1749033597.0668085,0.7038212418556213,-2.0581890545287074,1.4282344023333948,2.2472657400318603,-1.7295306364642542,2.646130323410034,-0.08639975637197495,0.06495083123445511,-0.06462156027555466,-0.1448318511247635,0.15315766632556915,-0.6301136016845703,-0.3684457540512085,0.527433454990387,-0.8274332880973816,0.16923151910305023,0.4291456341743469,-0.321734756231308
1749033597.0668452,0.70363849401474,-2.0580722294249476,1.4281333128558558,2.24695794164624,-1.7292268911944788,2.6449429988861084,-0.08573568612337112,0.06576451659202576,-0.06759390234947205,-0.14676322042942047,0.1573815643787384,-0.630797803401947,-0.38476037979125977,0.4733712375164032,-0.8100880980491638,0.18696816265583038,0.4082103371620178,-0.31226736307144165
1749033597.0668824,0.7034156322479248,-2.0579172573485316,1.4279864470111292,2.246642513866089,-1.7289355436908167,2.643669843673706,-0.08614501357078552,0.06728969514369965,-0.06469638645648956,-0.1439930945634842,0.15411044657230377,-0.6256122589111328,-0.3944728970527649,0.4402810037136078,-0.8249631524085999,0.1571740061044693,0.3999722898006439,-0.3455095887184143
1749033597.066919,0.7033146023750305,-2.057812830010885,1.4278886953936976,2.2464017111011962,-1.7285788694964808,2.6424317359924316,-0.08650404214859009,0.06438572704792023,-0.06527802348136902,-0.14439406991004944,0.15303383767604828,-0.6258024573326111,-0.3644879162311554,0.5028971433639526,-0.8368974328041077,0.1823134422302246,0.42780542373657227,-0.3269200325012207
1749033597.0669556,0.7031503915786743,-2.0576960049071253,1.4277070204364222,2.246110125178955,-1.7283409277545374,2.641181468963623,-0.08592496812343597,0.06570055335760117,-0.069071464240551,-0.14661173522472382,0.15685686469078064,-0.625286877155304,-0.3727680742740631,0.4801425039768219,-0.7957355380058289,0.20569133758544922,0.38625961542129517,-0.3564232289791107
1749033597.0669925,0.7029445767402649,-2.0575057468810023,1.4275878111468714,2.2458228307911376,-1.7280314604388636,2.639904022216797,-0.08640505373477936,0.0654771625995636,-0.06684686988592148,-0.14355283975601196,0.15197131037712097,-0.629751980304718,-0.3788210153579712,0.46136507391929626,-0.810795247554779,0.17215095460414886,0.4167897701263428,-0.3475452959537506
1749033597.0670297,0.7027618288993835,-2.0573607883849085,1.4274709860431116,2.2455622392841796,-1.727736775075094,2.6386618614196777,-0.08652734011411667,0.06523823738098145,-0.06702858209609985,-0.14383894205093384,0.15313348174095154,-0.6306051015853882,-0.373571515083313,0.46079009771347046,-0.8331382870674133,0.16583052277565002,0.4196126461029053,-0.28006187081336975
1749033597.0670664,0.7026129364967346,-2.0572883091368617,1.4273155371295374,2.245238943690918,-1.7274029890643519,2.637420892715454,-0.0870748832821846,0.06536691635847092,-0.06831211596727371,-0.14386297762393951,0.15433186292648315,-0.6263898611068726,-0.378692090511322,0.4726448059082031,-0.8273740410804749,0.1607799232006073,0.4119456708431244,-0.3390083611011505
1749033597.067103,0.7024025917053223,-2.057124753991598,1.4271991888629358,2.244995041484497,-1.7271197477923792,2.6361351013183594,-0.08728300034999847,0.06633231788873672,-0.06723245233297348,-0.1456088274717331,0.15574964880943298,-0.6256171464920044,-0.3734520971775055,0.46140092611312866,-0.8117187023162842,0.1489490121603012,0.4198418855667114,-0.33735182881355286
1749033597.0671396,0.7022036910057068,-2.056976934472555,1.427051846181051,2.2446786600300292,-1.7268055121051233,2.6349072456359863,-0.08756202459335327,0.06665749847888947,-0.06695670634508133,-0.14389386773109436,0.1570124626159668,-0.6236794590950012,-0.36997753381729126,0.4469785988330841,-0.8084604740142822,0.15332746505737305,0.40126335620880127,-0.3326893746852875
1749033597.0676908,0.7020477652549744,-2.056882997552389,1.4269164244281214,2.2443792062946777,-1.726468865071432,2.633631467819214,-0.08726465702056885,0.06635228544473648,-0.06760859489440918,-0.14894543588161469,0.15661978721618652,-0.6246888041496277,-0.34660810232162476,0.44421470165252686,-0.8152598142623901,0.1657334566116333,0.4326709508895874,-0.38079848885536194
1749033597.0696843,0.7018678784370422,-2.0567790470519007,1.426800552998678,2.2440950113483886,-1.7261603514300745,2.6322922706604004,-0.08602885156869888,0.06710268557071686,-0.06726418435573578,-0.14569947123527527,0.15620370209217072,-0.6273781657218933,-0.4012129306793213,0.4522917866706848,-0.7985318899154663,0.16381478309631348,0.4162740111351013,-0.2960778474807739
1749033597.1103058,0.7016778588294983,-2.056592126885885,1.4266446272479456,2.2437946039387207,-1.7258966604815882,2.6310839653015137,-0.08980907499790192,0.06686338782310486,-0.06765593588352203,-0.14612779021263123,0.15604320168495178,-0.6257785558700562,-0.3025156855583191,0.4356871247291565,-0.8029127717018127,0.16317686438560486,0.38701221346855164,-0.2967732846736908
1749033597.1103528,0.7015058398246765,-2.0565039120116175,1.4265196959124964,2.243494434947632,-1.725574795399801,2.629835844039917,-0.08680611848831177,0.06686859577894211,-0.06733772158622742,-0.15057893097400665,0.15313935279846191,-0.6209912300109863,-0.34874629974365234,0.4326587915420532,-0.8137149214744568,0.19167229533195496,0.4169023931026459,-0.3359569311141968
1749033597.1103933,0.7013451457023621,-2.0563746891417445,1.4263723532306116,2.2431914049335937,-1.725248161946432,2.6286356449127197,-0.08935970067977905,0.06645320355892181,-0.06730829179286957,-0.14762334525585175,0.157203808426857,-0.6170786023139954,-0.32568490505218506,0.44286930561065674,-0.8039990067481995,0.1888040155172348,0.41271692514419556,-0.333661288022995
1749033597.1104326,0.7011587023735046,-2.056246896783346,1.4262221495257776,2.242891474361084,-1.7249177137957972,2.6274373531341553,-0.08569522947072983,0.06598974019289017,-0.0681113451719284,-0.14667163789272308,0.15799318253993988,-0.6162888407707214,-0.38415780663490295,0.4427109956741333,-0.7947410345077515,0.18237073719501495,0.3841473460197449,-0.387248158454895
1749033597.110471,0.7010145783424377,-2.0561105213561,1.4260848204242151,2.2425994116016845,-1.7246530691729944,2.6261746883392334,-0.08687315881252289,0.06797926127910614,-0.06823980808258057,-0.1456015408039093,0.15883362293243408,-0.6234130859375,-0.39333078265190125,0.4615713059902191,-0.8078533411026001,0.2075617015361786,0.37165895104408264,-0.3873598575592041
1749033597.1105092,0.700849711894989,-2.0559474430479945,1.4259617964373987,2.2423104482838134,-1.7242892424212855,2.6248998641967773,-0.08670742064714432,0.06660183519124985,-0.06771405041217804,-0.1451459676027298,0.1576680988073349,-0.6255213022232056,-0.3702917695045471,0.42119723558425903,-0.8012902140617371,0.18893787264823914,0.3736637830734253,-0.3310994505882263
1749033597.1105466,0.7006633281707764,-2.0558463535704554,1.425821606312887,2.241988106364868,-1.7239907423602503,2.6236891746520996,-0.08688563108444214,0.06522193551063538,-0.06757466495037079,-0.14528854191303253,0.1553327441215515,-0.6250943541526794,-0.3882303237915039,0.4842557907104492,-0.7921447157859802,0.1840803176164627,0.3906916081905365,-0.35413530468940735
1749033597.1105838,0.7004420161247253,-2.0557104549803675,1.4256861845599573,2.2417310911365966,-1.723706070576803,2.622454881668091,-0.08750847727060318,0.06708596646785736,-0.06740102171897888,-0.14502692222595215,0.1537611484527588,-0.6254678964614868,-0.37935471534729004,0.4887211322784424,-0.8082035779953003,0.17119012773036957,0.40851470828056335,-0.37292253971099854
1749033597.1106205,0.7002968788146973,-2.0555860004820765,1.4255884329425257,2.2414344984241943,-1.7233846823321741,2.62119722366333,-0.0879584550857544,0.0683896467089653,-0.06739267706871033,-0.1448782980442047,0.15358543395996094,-0.6271828413009644,-0.382961243391037,0.40744468569755554,-0.7830964922904968,0.17615847289562225,0.4061931371688843,-0.3470345437526703
1749033597.1106577,0.7001332640647888,-2.0554233990111292,1.4254110495196741,2.241128130550049,-1.72302753130068,2.6199662685394287,-0.08906968683004379,0.06436990201473236,-0.0660993754863739,-0.14561915397644043,0.15400435030460358,-0.6274556517601013,-0.3508356511592865,0.493927001953125,-0.8005244731903076,0.16866150498390198,0.3836476802825928,-0.3932918906211853
1749033597.1106951,0.6999414563179016,-2.055338521996969,1.4252637068377894,2.240840359325073,-1.7227514425860804,2.618635654449463,-0.0883583053946495,0.06597607582807541,-0.06817160546779633,-0.1438342183828354,0.15363088250160217,-0.6317663192749023,-0.378233402967453,0.45908015966415405,-0.7979671359062195,0.18562163412570953,0.3873869776725769,-0.33727502822875977
1749033597.1107326,0.6997776627540588,-2.055178781548971,1.4251230398761194,2.240586681956909,-1.7224682013141077,2.617445230484009,-0.09028396755456924,0.06553972512483597,-0.06635630130767822,-0.1437586098909378,0.153501957654953,-0.6318866014480591,-0.3555889427661896,0.4879489839076996,-0.7864841222763062,0.1555117517709732,0.3944437503814697,-0.33386892080307007
1749033597.1107695,0.6996217370033264,-2.0550815067686976,1.4249842802630823,2.240283175105713,-1.7221763769732874,2.6161701679229736,-0.08609919250011444,0.06488312035799026,-0.06621889770030975,-0.14196111261844635,0.15648071467876434,-0.6301929354667664,-0.3867669701576233,0.478415846824646,-0.805726945400238,0.15922589600086212,0.34192711114883423,-0.34355539083480835
1749033597.110807,0.6993808150291443,-2.0549613438048304,1.4248560110675257,2.240015431041382,-1.721854035054342,2.61490535736084,-0.08789623528718948,0.06486300379037857,-0.06855244934558868,-0.14538048207759857,0.15376898646354675,-0.62798672914505,-0.3653734624385834,0.49469098448753357,-0.7951194643974304,0.17035570740699768,0.3776623606681824,-0.31472766399383545
1749033597.1108441,0.6993808150291443,-2.0549613438048304,1.4248560110675257,2.240015431041382,-1.721854035054342,2.61490535736084,-0.08789623528718948,0.06486300379037857,-0.06855244934558868,-0.14538048207759857,0.15376898646354675,-0.62798672914505,-0.3653734624385834,0.49469098448753357,-0.7951194643974304,0.17035570740699768,0.3776623606681824,-0.31472766399383545
1749033597.1108818,0.6992283463478088,-2.05478634456777,1.424715820943014,2.2397469717213134,-1.7215636412249964,2.613661766052246,-0.08792102336883545,0.06552671641111374,-0.06898099184036255,-0.14398542046546936,0.15379458665847778,-0.6259886622428894,-0.3800313472747803,0.5138885974884033,-0.7582420706748962,0.1561971753835678,0.38390207290649414,-0.38399237394332886
1749033597.1109188,0.6990761756896973,-2.05466951946401,1.4246028105365198,2.239436312312744,-1.7212408224688929,2.6124496459960938,-0.0889657735824585,0.06473148614168167,-0.06716113537549973,-0.1437252312898636,0.15438027679920197,-0.6304357051849365,-0.3775770664215088,0.5130557417869568,-0.7953740954399109,0.15073657035827637,0.3815995752811432,-0.3882941007614136
1749033597.1109555,0.6987326741218567,-2.0544053516783656,1.4243047873126429,2.2388881879993896,-1.7206552664386194,2.609851121902466,-0.08841472864151001,0.06919734925031662,-0.06892161816358566,-0.14603359997272491,0.15523558855056763,-0.632777750492096,-0.3516826331615448,0.44176438450813293,-0.7720452547073364,0.14809095859527588,0.38614383339881897,-0.31401491165161133
1749033597.1109922,0.6985180974006653,-2.0542613468565882,1.4241955916034144,2.2385803896137695,-1.7203014532672327,2.608642101287842,-0.08709557354450226,0.06639731675386429,-0.06842099875211716,-0.14776712656021118,0.15384608507156372,-0.6323780417442322,-0.35597094893455505,0.4400675296783447,-0.754195511341095,0.15937398374080658,0.3821417987346649,-0.29534977674484253
1749033597.111029,0.6983550786972046,-2.054093977014059,1.4240639845477503,2.2382570940205078,-1.7200411001788538,2.607379198074341,-0.08710632473230362,0.06489813327789307,-0.06728746742010117,-0.1480448842048645,0.15334555506706238,-0.6299505233764648,-0.3419553339481354,0.49087780714035034,-0.7568567395210266,0.1612885594367981,0.39433756470680237,-0.2921487092971802
1749033597.1116924,0.6981905698776245,-2.0540009937682093,1.4239166418658655,2.237973137492798,-1.7197230497943323,2.606147527694702,-0.08491982519626617,0.06584835797548294,-0.06924629211425781,-0.14813238382339478,0.15468688309192657,-0.6245795488357544,-0.4027644693851471,0.4956928491592407,-0.7482143640518188,0.15402552485466003,0.38593965768814087,-0.37447255849838257
1749033597.113676,0.6979725360870361,-2.0538298092284144,1.4237731138812464,2.23763815938916,-1.719400707875387,2.604856491088867,-0.08583199232816696,0.06794174015522003,-0.0662090927362442,-0.15212351083755493,0.15536387264728546,-0.6258684396743774,-0.35475030541419983,0.3974155783653259,-0.7539669275283813,0.197688028216362,0.35291266441345215,-0.27510392665863037
1749033597.1543436,0.6978553533554077,-2.053697725335592,1.4236529509173792,2.237379713649414,-1.7190588156329554,2.60364031791687,-0.08491504192352295,0.06336204707622528,-0.06397750228643417,-0.14876756072044373,0.15307819843292236,-0.6202441453933716,-0.33928102254867554,0.45641639828681946,-0.7844622135162354,0.20027437806129456,0.3317369222640991,-0.24818414449691772
1749033597.1543922,0.6976916193962097,-2.0536042652525843,1.4235175291644495,2.2370800214954834,-1.718783203755514,2.6023831367492676,-0.083666130900383,0.06412842869758606,-0.06541982293128967,-0.14612418413162231,0.14806237816810608,-0.611443042755127,-0.39096444845199585,0.45469456911087036,-0.7786095142364502,0.16774781048297882,0.3594595789909363,-0.31233999133110046
1749033597.1544547,0.6974896788597107,-2.053465505639547,1.423370663319723,2.2367889124104003,-1.7184565703021448,2.601182222366333,-0.08754471689462662,0.0650157704949379,-0.06493742763996124,-0.14847782254219055,0.1487831026315689,-0.6070130467414856,-0.3646620810031891,0.4931601583957672,-0.7723454833030701,0.18912273645401,0.3758254051208496,-0.4048478603363037
1749033597.154523,0.6973299384117126,-2.053305288354391,1.4232385794269007,2.2364844518848876,-1.7181738058673304,2.5999579429626465,-0.08720005303621292,0.0680697113275528,-0.06396585702896118,-0.1450924426317215,0.1480395793914795,-0.6121507883071899,-0.39258334040641785,0.48082295060157776,-0.7911650538444519,0.1920880824327469,0.37980687618255615,-0.43235719203948975
1749033597.1545694,0.6971615552902222,-2.053185125390524,1.4231446425067347,2.236227436656616,-1.7178905645953577,2.5986790657043457,-0.09049209952354431,0.06812925636768341,-0.06436772644519806,-0.14519286155700684,0.14853501319885254,-0.6191285848617554,-0.37991222739219666,0.46099212765693665,-0.7935453653335571,0.17234139144420624,0.39831677079200745,-0.4202703833580017
1749033597.1546094,0.6969860792160034,-2.053056856194967,1.4229944388019007,2.23594252645459,-1.7176106611834925,2.597468137741089,-0.08719013631343842,0.06792755424976349,-0.0647258386015892,-0.14534690976142883,0.15133187174797058,-0.6257398724555969,-0.37633663415908813,0.5034737586975098,-0.7928582429885864,0.16383041441440582,0.38015016913414,-0.37783727049827576
1749033597.154649,0.6968181133270264,-2.05288090328359,1.4228399435626429,2.2356478410908203,-1.7172535101519983,2.5961520671844482,-0.08845382183790207,0.06796451658010483,-0.06471478193998337,-0.14599183201789856,0.15068718791007996,-0.6276633143424988,-0.3944292366504669,0.4741634726524353,-0.7961232662200928,0.16109421849250793,0.37522804737091064,-0.36237087845802307
1749033597.154688,0.6966314911842346,-2.0527731380858363,1.422757927571432,2.2353293138691406,-1.716935936604635,2.5949220657348633,-0.09001374244689941,0.06732558459043503,-0.06477784365415573,-0.1442556083202362,0.15041440725326538,-0.6288657784461975,-0.33194056153297424,0.44404229521751404,-0.8007727861404419,0.1524113267660141,0.3938465416431427,-0.3519721031188965
1749033597.1547308,0.6964486837387085,-2.052640577355856,1.4225919882403772,2.2350641924091796,-1.716687027608053,2.593648672103882,-0.08810752630233765,0.06584914028644562,-0.06523633003234863,-0.1458442211151123,0.15170007944107056,-0.62836092710495,-0.3554416298866272,0.47038573026657104,-0.8305952548980713,0.16436024010181427,0.3854561150074005,-0.3236912190914154
1749033597.1547754,0.6962725520133972,-2.052516599694723,1.422459904347555,2.2347516256519775,-1.7163179556476038,2.5924243927001953,-0.08738849312067032,0.06457401067018509,-0.06651894003152847,-0.14790861308574677,0.15109659731388092,-0.627187967300415,-0.36366134881973267,0.47635215520858765,-0.7946476340293884,0.16022264957427979,0.3850466310977936,-0.3747576177120209
1749033597.154818,0.6960740089416504,-2.0523563824095667,1.4223235289203089,2.234478636378906,-1.7160418669330042,2.5911622047424316,-0.09082195907831192,0.06424812972545624,-0.06688524782657623,-0.1487947255373001,0.15157917141914368,-0.6276942491531372,-0.3310033679008484,0.5033280849456787,-0.7764429450035095,0.16359829902648926,0.3865359425544739,-0.3390471637248993
1749033597.1548562,0.6959140300750732,-2.052248617211813,1.4222000280963343,2.2341760832020263,-1.7157085577594202,2.589906930923462,-0.08747008442878723,0.06461769342422485,-0.06687387824058533,-0.15020214021205902,0.1519426554441452,-0.6277811527252197,-0.37441009283065796,0.4992826282978058,-0.7855886816978455,0.16316863894462585,0.3824799060821533,-0.3387047350406647
1749033597.1548934,0.6957341432571411,-2.0521279774107875,1.4220593611346644,2.233872099513672,-1.715428654347555,2.5886974334716797,-0.08977246284484863,0.06495781987905502,-0.06593987345695496,-0.1498265266418457,0.14921581745147705,-0.6272792816162109,-0.36563023924827576,0.49559247493743896,-0.7868614196777344,0.1912125051021576,0.3854787051677704,-0.3681357204914093
1749033597.15493,0.6955165266990662,-2.051964422265524,1.421936337147848,2.233571930522583,-1.7150982061969202,2.587414503097534,-0.08716100454330444,0.06553421169519424,-0.0649925023317337,-0.146943137049675,0.15282170474529266,-0.6289284825325012,-0.3411998152732849,0.4797363877296448,-0.7940672636032104,0.15789392590522766,0.36919981241226196,-0.32368922233581543
1749033597.154967,0.6953918933868408,-2.0518399677672328,1.4218047300921839,2.233288212413452,-1.7147606054889124,2.5861527919769287,-0.08782985061407089,0.06847729533910751,-0.06503352522850037,-0.14635714888572693,0.14927086234092712,-0.6306794285774231,-0.3982859253883362,0.47542232275009155,-0.7975146770477295,0.15589728951454163,0.3962962031364441,-0.379477322101593
1749033597.1550045,0.6951819062232971,-2.051695486108297,1.4216540495501917,2.2330002027698974,-1.7144416014300745,2.5848658084869385,-0.08901409804821014,0.06612805277109146,-0.06422269344329834,-0.14644722640514374,0.14858309924602509,-0.6352803707122803,-0.35417982935905457,0.45999234914779663,-0.8289654850959778,0.15470057725906372,0.39598751068115234,-0.349544495344162
1749033597.1550448,0.6950362920761108,-2.0515877209105433,1.4215410391436976,2.2326926428028564,-1.7141898314105433,2.5835626125335693,-0.08880629390478134,0.06566610187292099,-0.06523177772760391,-0.1440879851579666,0.15358367562294006,-0.6357446312904358,-0.339430034160614,0.5036832690238953,-0.811532735824585,0.1414291262626648,0.39362478256225586,-0.29457101225852966
1749033597.1550822,0.6948198676109314,-2.051427503625387,1.4214285055743616,2.23237053930249,-1.7138446013080042,2.5823276042938232,-0.08854810893535614,0.06846647709608078,-0.06548725813627243,-0.14689424633979797,0.15067791938781738,-0.6331087350845337,-0.3596307635307312,0.456119179725647,-0.8118289113044739,0.1529722511768341,0.36773836612701416,-0.3227653205394745
1749033597.1551187,0.6946662664413452,-2.0513111553587855,1.4212654272662562,2.2321089941212158,-1.7135494391070765,2.5811007022857666,-0.08989541232585907,0.06712023168802261,-0.06564247608184814,-0.1479649692773819,0.15205998718738556,-0.6317480802536011,-0.36478012800216675,0.44399380683898926,-0.8125938773155212,0.16827531158924103,0.37668710947036743,-0.3312688171863556
1749033597.155155,0.6944988965988159,-2.051167150537008,1.4211495558368128,2.231809063548706,-1.71320087114443,2.5798251628875732,-0.08796426653862,0.06621400266885757,-0.06801088154315948,-0.14732500910758972,0.1542174220085144,-0.6304802298545837,-0.3619864583015442,0.46366092562675476,-0.8039799332618713,0.14941762387752533,0.3619694709777832,-0.32953742146492004
1749033597.155728,0.6943364143371582,-2.0510269604124964,1.4210055510150355,2.2315055566975097,-1.7129014174090784,2.578547716140747,-0.08826863020658493,0.0673675611615181,-0.06605800986289978,-0.14638149738311768,0.15362532436847687,-0.6312044262886047,-0.38136741518974304,0.46673011779785156,-0.8018395304679871,0.1395605504512787,0.36288344860076904,-0.3867150843143463
1749033597.157658,0.6941864490509033,-2.050926824609274,1.4208582083331507,2.2311746317097167,-1.71263295808901,2.5772652626037598,-0.0893160030245781,0.06727525591850281,-0.06609094887971878,-0.1463245302438736,0.1519940197467804,-0.6363658905029297,-0.3729994595050812,0.48475614190101624,-0.8129153251647949,0.1520538330078125,0.36301863193511963,-0.3218355178833008
1749033597.198282,0.693988025188446,-2.050774236718649,1.420722786580221,2.230912609691284,-1.7123459021197718,2.5759780406951904,-0.08989422768354416,0.06737617403268814,-0.06840138137340546,-0.14453062415122986,0.15728794038295746,-0.6368805766105652,-0.3530972898006439,0.45048588514328003,-0.804476261138916,0.1406041532754898,0.34199827909469604,-0.312965452671051
1749033597.1983283,0.6937897205352783,-2.0506111584105433,1.420572582875387,2.2306057649799804,-1.711984936391012,2.5747218132019043,-0.09040997177362442,0.06561172008514404,-0.06750939041376114,-0.14826641976833344,0.15145011246204376,-0.6339684128761292,-0.3573267459869385,0.4651419520378113,-0.7835438251495361,0.15423551201820374,0.34548652172088623,-0.3210809528827667
1749033597.1983736,0.6936014890670776,-2.0504948101439417,1.4204548040973108,2.230337067241333,-1.7116707007037562,2.573472499847412,-0.09026184678077698,0.06698399037122726,-0.06637383252382278,-0.1477716714143753,0.14917133748531342,-0.6285592317581177,-0.3570578992366791,0.45819151401519775,-0.8200843334197998,0.15068982541561127,0.4127233028411865,-0.34426796436309814
1749033597.1984143,0.693418562412262,-2.0503746471800746,1.420326058064596,2.230029745692871,-1.7113636175738733,2.5721938610076904,-0.09073154628276825,0.06612184643745422,-0.06683342903852463,-0.14795559644699097,0.1533784568309784,-0.6272336840629578,-0.38888019323349,0.4623148441314697,-0.8091438412666321,0.1303943395614624,0.3698025345802307,-0.40646177530288696
1749033597.1984534,0.6932559609413147,-2.050257822076315,1.4201872984515589,2.229761524791382,-1.7110984961139124,2.570930004119873,-0.09002730995416641,0.06943710148334503,-0.06799538433551788,-0.15202245116233826,0.14921879768371582,-0.6324745416641235,-0.3375379145145416,0.46019247174263,-0.8088160157203674,0.15938231348991394,0.38126254081726074,-0.3460383415222168
1749033597.1984918,0.6930834054946899,-2.0501023731627406,1.4200366179095667,2.229442282313965,-1.7107566038714808,2.5695886611938477,-0.08741872012615204,0.0653437152504921,-0.06598860770463943,-0.1476166993379593,0.15048253536224365,-0.6352366805076599,-0.36519187688827515,0.4554615318775177,-0.8145475387573242,0.15642666816711426,0.39082247018814087,-0.2800120711326599
1749033597.1985292,0.6929351687431335,-2.049934526483053,1.4199050108539026,2.229153557414673,-1.7104509512530726,2.568282127380371,-0.0908474326133728,0.06472384929656982,-0.06635034084320068,-0.14608949422836304,0.15008123219013214,-0.6283832788467407,-0.36097005009651184,0.4870224893093109,-0.809940755367279,0.12424434721469879,0.380982905626297,-0.3251253366470337
1749033597.1985672,0.6927404999732971,-2.049821992913717,1.419783894215719,2.228839083308838,-1.7101362387286585,2.567079782485962,-0.08798877894878387,0.06850182265043259,-0.06658483296632767,-0.14560982584953308,0.15065215528011322,-0.6246633529663086,-0.3889297544956207,0.45637932419776917,-0.7992962598800659,0.1406690776348114,0.37313997745513916,-0.3244383633136749
1749033597.1986043,0.6926305294036865,-2.0496860943236292,1.4196293989764612,2.2285818296619873,-1.709841553364889,2.565814256668091,-0.09051641821861267,0.06682940572500229,-0.06887901574373245,-0.14609959721565247,0.15265575051307678,-0.6220203638076782,-0.35268518328666687,0.4413023889064789,-0.8009122610092163,0.12913690507411957,0.36109453439712524,-0.34452998638153076
1749033597.1986413,0.6923660635948181,-2.049600740472311,1.419516388569967,2.2282730776020507,-1.7095187346087855,2.5645830631256104,-0.09112980961799622,0.06512321531772614,-0.06634799391031265,-0.14550475776195526,0.1519913673400879,-0.6200590133666992,-0.34862643480300903,0.4889272451400757,-0.7875339984893799,0.12405350804328918,0.3764001727104187,-0.4163588285446167
1749033597.198682,0.6923660635948181,-2.049600740472311,1.419516388569967,2.2282730776020507,-1.7095187346087855,2.5645830631256104,-0.09112980961799622,0.06512321531772614,-0.06634799391031265,-0.14550475776195526,0.1519913673400879,-0.6200590133666992,-0.34862643480300903,0.4889272451400757,-0.7875339984893799,0.12405350804328918,0.3764001727104187,-0.4163588285446167
1749033597.19872,0.6920378804206848,-2.0493527851500453,1.4192412535296839,2.227682276363037,-1.7089255491839808,2.5620827674865723,-0.09265884757041931,0.06672467291355133,-0.06854815781116486,-0.14758893847465515,0.15307079255580902,-0.6263562440872192,-0.34593304991722107,0.47294485569000244,-0.7786949872970581,0.14755086600780487,0.36629432439804077,-0.3335123360157013
1749033597.198757,0.6919057369232178,-2.049173494378561,1.4191058317767542,2.2273868757435302,-1.708599869404928,2.5608785152435303,-0.08930911868810654,0.06718729436397552,-0.06664326041936874,-0.14793521165847778,0.15208570659160614,-0.6249056458473206,-0.34843868017196655,0.4758819341659546,-0.7808934450149536,0.13453692197799683,0.3620566129684448,-0.3571038544178009
1749033597.1987936,0.6916366815567017,-2.049014230767721,1.4189656416522425,2.2271103101917724,-1.7083032766925257,2.5596044063568115,-0.09190744161605835,0.06677749007940292,-0.06649696081876755,-0.14867384731769562,0.1509982794523239,-0.62642502784729,-0.3615837097167969,0.48205095529556274,-0.7980548739433289,0.13774091005325317,0.3710050582885742,-0.33627426624298096
1749033597.1988306,0.6914764642715454,-2.048882146874899,1.418783966694967,2.226806088084839,-1.7080395857440394,2.558408737182617,-0.08864708989858627,0.06681452691555023,-0.06745689362287521,-0.14787717163562775,0.1551465541124344,-0.6248323321342468,-0.3540402054786682,0.48836368322372437,-0.8049370646476746,0.13878577947616577,0.35446786880493164,-0.37177103757858276
1749033597.1988676,0.691301167011261,-2.048793455163473,1.4187019507037562,2.226499004954956,-1.707719628010885,2.5571436882019043,-0.0906757339835167,0.06712612509727478,-0.06910260021686554,-0.14758886396884918,0.1514018476009369,-0.6294295191764832,-0.3421666622161865,0.4473707675933838,-0.7710661292076111,0.11389891803264618,0.3602563738822937,-0.3766704797744751
1749033597.1989048,0.6911418437957764,-2.048652788201803,1.4185579458819788,2.2262307840534667,-1.7073763052569788,2.555830240249634,-0.09012479335069656,0.0667407438158989,-0.06683441251516342,-0.14907751977443695,0.1492283195257187,-0.6307804584503174,-0.3065122961997986,0.4227421283721924,-0.7865949869155884,0.16215643286705017,0.3435678482055664,-0.21689340472221375
1749033597.198946,0.6909617781639099,-2.0485202274718226,1.418417755757467,2.225942535991333,-1.7071040312396448,2.5546321868896484,-0.08809082955121994,0.06443266570568085,-0.06608711928129196,-0.14503182470798492,0.15192022919654846,-0.6253792643547058,-0.29154324531555176,0.46388521790504456,-0.7843568921089172,0.12911121547222137,0.3315611481666565,-0.2751248776912689
1749033597.1989965,0.6907700896263123,-2.048369070092672,1.4182866255389612,2.225642128581665,-1.706801716481344,2.5533807277679443,-0.08690008521080017,0.06418482214212418,-0.06594502180814743,-0.14387759566307068,0.1473740041255951,-0.6204032301902771,-0.37389251589775085,0.4901232421398163,-0.7842996716499329,0.11869946867227554,0.3970733880996704,-0.3735152781009674
1749033597.1990364,0.6905801296234131,-2.04826082805776,1.4181540648089808,2.225351019496582,-1.706515137349264,2.5520825386047363,-0.08824758231639862,0.06629140675067902,-0.06575360894203186,-0.1466144472360611,0.14986379444599152,-0.6205521821975708,-0.3814486861228943,0.46100905537605286,-0.7903774380683899,0.13322126865386963,0.384479284286499,-0.39827293157577515
1749033597.2003999,0.6904079914093018,-2.0481206379332484,1.4180262724505823,2.2250591951557617,-1.7061970869647425,2.550896406173706,-0.08825468271970749,0.06743459403514862,-0.06548164039850235,-0.14542239904403687,0.15369611978530884,-0.6240736842155457,-0.3742893934249878,0.48984065651893616,-0.7908686399459839,0.10394835472106934,0.39034974575042725,-0.4315245747566223
1749033597.2016675,0.6903024315834045,-2.048004289666647,1.4179065863238733,2.224806233043335,-1.7058985869037073,2.5496597290039062,-0.08872736245393753,0.06685081124305725,-0.0650654062628746,-0.14656852185726166,0.1550562083721161,-0.6312496662139893,-0.3480948805809021,0.4669892489910126,-0.8037233948707581,0.10695960372686386,0.37885782122612,-0.32416749000549316
1749033597.2463021,0.6901507377624512,-2.047886987725729,1.4177711645709437,2.2245191770740966,-1.7055800596820276,2.548396348953247,-0.08847302943468094,0.06638572365045547,-0.06546469777822495,-0.14802271127700806,0.15644584596157074,-0.6342694759368896,-0.4077610969543457,0.4869767129421234,-0.8011819124221802,0.11379498988389969,0.352143794298172,-0.33969467878341675
1749033597.2463484,0.6898640990257263,-2.047720571557516,1.4176152388202112,2.224230929011963,-1.705226246510641,2.547144889831543,-0.08898467570543289,0.06650841981172562,-0.06601964682340622,-0.14824038743972778,0.1557939499616623,-0.6337025165557861,-0.3787597417831421,0.5075799226760864,-0.7972061634063721,0.10475151240825653,0.3547099828720093,-0.35326677560806274
1749033597.2463946,0.6897261142730713,-2.0476113758482875,1.4174798170672815,2.2238682943531494,-1.7048938910113733,2.545837879180908,-0.08871389180421829,0.06871796399354935,-0.06629256904125214,-0.14786739647388458,0.15311382710933685,-0.6331666111946106,-0.3711864650249481,0.4363977313041687,-0.7812780737876892,0.09364242851734161,0.36837154626846313,-0.3289702534675598
1749033597.246435,0.6895539164543152,-2.0474826298155726,1.4173362890826624,2.22359482824292,-1.704590145741598,2.5445899963378906,-0.08917935192584991,0.06426417827606201,-0.06716880947351456,-0.15355250239372253,0.15528130531311035,-0.6312494277954102,-0.3528921604156494,0.4704403877258301,-0.7835876941680908,0.13034184277057648,0.34056681394577026,-0.34405970573425293
1749033597.246473,0.6893436908721924,-2.0473085842528285,1.4171860853778284,2.223287745113037,-1.704348389302389,2.5433332920074463,-0.08713119477033615,0.06451530009508133,-0.0683673694729805,-0.15087570250034332,0.15246883034706116,-0.6325087547302246,-0.38570353388786316,0.5241802334785461,-0.7506699562072754,0.1184174045920372,0.34779414534568787,-0.3713821768760681
1749033597.2465112,0.6891793012619019,-2.0471955738463343,1.4170916716205042,2.222998543376587,-1.7039650122271937,2.5420498847961426,-0.09053836762905121,0.06853818148374557,-0.06616383045911789,-0.15010061860084534,0.15366999804973602,-0.6344754099845886,-0.3519861698150635,0.4483124017715454,-0.7850441336631775,0.11689500510692596,0.35268259048461914,-0.34757936000823975
1749033597.2465487,0.6889963746070862,-2.0470248661436976,1.4168980757342737,2.222651405925415,-1.7037094275103968,2.540830135345459,-0.0883154422044754,0.06553604453802109,-0.06872875988483429,-0.15565097332000732,0.15235361456871033,-0.6321356892585754,-0.362666517496109,0.48660606145858765,-0.7667004466056824,0.1586448848247528,0.37143784761428833,-0.3721785247325897
1749033597.2465858,0.6888703107833862,-2.046903749505514,1.4167969862567347,2.2223641115375976,-1.7034295240985315,2.5395381450653076,-0.08986064046621323,0.06817818433046341,-0.06597362458705902,-0.15088605880737305,0.15179067850112915,-0.6321003437042236,-0.34743258357048035,0.4544270932674408,-0.7816555500030518,0.14723540842533112,0.37820008397102356,-0.3488464653491974
1749033597.2466226,0.6886531710624695,-2.0467716656126917,1.416668717061178,2.222024365062378,-1.703120533620016,2.538219928741455,-0.08918496966362,0.06812341511249542,-0.06590298563241959,-0.15038256347179413,0.15131829679012299,-0.6303251385688782,-0.30940207839012146,0.4396700859069824,-0.7702145576477051,0.1760183721780777,0.38831886649131775,-0.362729012966156
1749033597.2466593,0.6884429454803467,-2.04665531734609,1.4165337721454065,2.2217516142078857,-1.702845875416891,2.5370187759399414,-0.0881144106388092,0.06765279918909073,-0.06818446516990662,-0.14944961667060852,0.15186470746994019,-0.6298670768737793,-0.40310296416282654,0.4660344123840332,-0.7680550217628479,0.16589994728565216,0.4012910723686218,-0.403133362531662
1749033597.2466996,0.688347578048706,-2.0464841328062953,1.4163745085345667,2.2214523988911132,-1.702550236378805,2.5357210636138916,-0.08903562277555466,0.06875350326299667,-0.06498738378286362,-0.14882096648216248,0.15310031175613403,-0.6303320527076721,-0.359272837638855,0.4648294746875763,-0.7728447318077087,0.14369480311870575,0.41373592615127563,-0.35938936471939087
1749033597.2467365,0.6881113052368164,-2.04636349300527,1.4162548224078577,2.2211405473896484,-1.7022278944598597,2.5344462394714355,-0.08765421062707901,0.06831777840852737,-0.06485612690448761,-0.14867080748081207,0.15523360669612885,-0.6305672526359558,-0.35055336356163025,0.4190739095211029,-0.8009738326072693,0.1629849523305893,0.40761107206344604,-0.37574708461761475
1749033597.2467737,0.6879545450210571,-2.046262880364889,1.416133228932516,2.2208868700214843,-1.7018821875201624,2.533252716064453,-0.08953481912612915,0.06584349274635315,-0.06563019007444382,-0.14667046070098877,0.15744073688983917,-0.62978595495224,-0.3551763594150543,0.4768509566783905,-0.7922638654708862,0.15271800756454468,0.38871392607688904,-0.3811597526073456
1749033597.2468104,0.6877493262290955,-2.046114584008688,1.4159982840167444,2.2205487924763183,-1.7015636602984827,2.5319807529449463,-0.0870201364159584,0.07010789960622787,-0.06616928428411484,-0.14644327759742737,0.15902328491210938,-0.6314705014228821,-0.39976805448532104,0.4336961507797241,-0.7751879096031189,0.14726391434669495,0.37502148747444153,-0.37002047896385193
1749033597.2468472,0.6875883936882019,-2.045985837975973,1.4158785978900355,2.22026435911145,-1.701258961354391,2.5307047367095947,-0.08948924392461777,0.06579465419054031,-0.06684491783380508,-0.14800141751766205,0.15882019698619843,-0.6325677037239075,-0.3835524916648865,0.4759046733379364,-0.7735006809234619,0.14843741059303284,0.3709146976470947,-0.3751744329929352
1749033597.246884,0.6874436140060425,-2.0458384952940882,1.4157121817218226,2.219960852260254,-1.700921360646383,2.5294179916381836,-0.08678581565618515,0.0657956525683403,-0.06582794338464737,-0.14948560297489166,0.16113586723804474,-0.6326882243156433,-0.37579286098480225,0.47642409801483154,-0.7840443849563599,0.16878607869148254,0.3519205152988434,-0.3560267686843872
1749033597.24692,0.6872418522834778,-2.045722623864645,1.4155786673175257,2.2196830946156005,-1.7006633917437952,2.528179407119751,-0.08696100860834122,0.06920319050550461,-0.06550630927085876,-0.150248721241951,0.15484656393527985,-0.6336164474487305,-0.3895789384841919,0.4307214617729187,-0.7856189608573914,0.16708745062351227,0.3669286370277405,-0.33368220925331116
1749033597.2469566,0.6870631575584412,-2.0455552540221156,1.4154279867755335,2.219376488322876,-1.7003310362445276,2.5268807411193848,-0.08782342076301575,0.06481628865003586,-0.06657931953668594,-0.15106160938739777,0.15349449217319489,-0.6310476660728455,-0.3667507469654083,0.4951145052909851,-0.7816653847694397,0.20078422129154205,0.37946537137031555,-0.36604946851730347
1749033597.2469933,0.6869367361068726,-2.0454541645445765,1.415318791066305,2.219076319331787,-1.7000563780414026,2.525679349899292,-0.08895237743854523,0.06694576144218445,-0.06742488592863083,-0.1470201462507248,0.1563751995563507,-0.6345548033714294,-0.3810328245162964,0.4844842553138733,-0.7485858798027039,0.16560961306095123,0.34584999084472656,-0.35513508319854736
1749033597.2470295,0.6866880655288696,-2.0453063450255335,1.4152024427997034,2.2188004690357666,-1.6998022238360804,2.524369239807129,-0.08948203176259995,0.0671624094247818,-0.06416535377502441,-0.1476288139820099,0.15342432260513306,-0.6348399519920349,-0.3606889247894287,0.4449129104614258,-0.788014829158783,0.1620345562696457,0.38646644353866577,-0.32816410064697266
1749033597.247065,0.686508297920227,-2.0451704464354457,1.415020767842428,2.2185041147419433,-1.6994813124286097,2.523125171661377,-0.0890943631529808,0.0663801059126854,-0.0642213523387909,-0.1463000774383545,0.15350030362606049,-0.6361181139945984,-0.35635775327682495,0.466366171836853,-0.7954738140106201,0.1784755438566208,0.4000318944454193,-0.3739389479160309
1749033597.2471008,0.6863759160041809,-2.045061250726217,1.4149201552020472,2.2182351785847167,-1.6991050879107874,2.521847724914551,-0.0891631543636322,0.0662882849574089,-0.06643788516521454,-0.14427199959754944,0.15489277243614197,-0.6364141702651978,-0.3555073142051697,0.4723876714706421,-0.780588686466217,0.1595752239227295,0.3947182297706604,-0.2827540636062622
1749033597.2476654,0.6861391663551331,-2.044950147668356,1.4148157278644007,2.217888517970703,-1.6987789312945765,2.520512580871582,-0.08932141214609146,0.06634527444839478,-0.06285648792982101,-0.14529410004615784,0.15471716225147247,-0.6359085440635681,-0.363448828458786,0.4970477819442749,-0.8073309063911438,0.17716720700263977,0.3804166913032532,-0.30381619930267334
1749033597.2496653,0.6860060691833496,-2.0447775326170863,1.4146645704852503,2.217620535487793,-1.698479954396383,2.5192456245422363,-0.08982294052839279,0.06681215018033981,-0.06323002278804779,-0.14769574999809265,0.15892690420150757,-0.6293907761573792,-0.37047654390335083,0.459708034992218,-0.8209880590438843,0.19479531049728394,0.3717418909072876,-0.30590009689331055
1749033597.290293,0.6858267784118652,-2.044685503045553,1.4145329634295862,2.2173008161732177,-1.698183838521139,2.5180141925811768,-0.08962710201740265,0.06711089611053467,-0.06421416252851486,-0.1481374353170395,0.15628480911254883,-0.6271471381187439,-0.34499138593673706,0.46271389722824097,-0.8241438865661621,0.17729519307613373,0.38335472345352173,-0.31936562061309814
1749033597.2903402,0.6856315732002258,-2.0445567570128382,1.4144046942340296,2.217012806529663,-1.6978386084186,2.516805410385132,-0.08917734771966934,0.06723159551620483,-0.06430957466363907,-0.14841456711292267,0.15824945271015167,-0.6256529688835144,-0.4081384837627411,0.47710928320884705,-0.8129048943519592,0.18266038596630096,0.3793795704841614,-0.3556502163410187
1749033597.290382,0.6854974031448364,-2.044389387170309,1.4142854849444788,2.216705246562622,-1.697571102772848,2.5155065059661865,-0.0886894017457962,0.06768938899040222,-0.06525533646345139,-0.14792418479919434,0.15710073709487915,-0.6298274993896484,-0.3452545404434204,0.4601014256477356,-0.7995900511741638,0.18654771149158478,0.35092124342918396,-0.3609843850135803
1749033597.2904258,0.6852760314941406,-2.044249197045797,1.4141414801227015,2.21641652166333,-1.6972511450396937,2.5142321586608887,-0.08808368444442749,0.06769320368766785,-0.06535930186510086,-0.15002453327178955,0.15262605249881744,-0.632446825504303,-0.369970440864563,0.4282588064670563,-0.8114479780197144,0.21498025953769684,0.3710837960243225,-0.287078857421875
1749033597.2904773,0.6851057410240173,-2.044117113152975,1.4140337149249476,2.2161282736011962,-1.6969993750201624,2.5129597187042236,-0.08838780969381332,0.06785590201616287,-0.06647858023643494,-0.14607492089271545,0.1507629007101059,-0.6271060109138489,-0.4011026918888092,0.45540934801101685,-0.8040018081665039,0.19018208980560303,0.3980219066143036,-0.2971796691417694
1749033597.2905338,0.6849532127380371,-2.0440012417235316,1.413858715687887,2.215794487590454,-1.6966727415667933,2.511765241622925,-0.0870601162314415,0.06724361330270767,-0.0675310343503952,-0.14473797380924225,0.14937050640583038,-0.6259331107139587,-0.3521745800971985,0.4610161781311035,-0.7787054181098938,0.16277091205120087,0.39894556999206543,-0.3216853439807892
1749033597.2905807,0.6847767233848572,-2.043892046014303,1.4137581030475062,2.2155257898518066,-1.6963756720172327,2.510491132736206,-0.08692820370197296,0.06761350482702255,-0.06765493005514145,-0.147067591547966,0.1497436761856079,-0.6223929524421692,-0.3784996271133423,0.44852736592292786,-0.7858541011810303,0.19935667514801025,0.4309927523136139,-0.36876627802848816
1749033597.2906213,0.6846244931221008,-2.043689867059225,1.4136417547809046,2.2152249056049804,-1.6960490385638636,2.509222984313965,-0.09197856485843658,0.06840162724256516,-0.06713651120662689,-0.14351633191108704,0.15188224613666534,-0.6246488094329834,-0.3279731273651123,0.44388091564178467,-0.7687591910362244,0.19233405590057373,0.4160545766353607,-0.3927171528339386
1749033597.2906592,0.6844452023506165,-2.0436164341368617,1.4134872595416468,2.214945002193115,-1.6957901159869593,2.507981777191162,-0.0883699357509613,0.06682465970516205,-0.0666612833738327,-0.14318768680095673,0.15454022586345673,-0.6284109950065613,-0.370791494846344,0.4571595788002014,-0.791427731513977,0.17816898226737976,0.41375967860221863,-0.319598525762558
1749033597.2906964,0.6842397451400757,-2.0434404812254847,1.4133709112750452,2.214653416270874,-1.6954086462603968,2.5066769123077393,-0.08945021033287048,0.06924126297235489,-0.06636220961809158,-0.14392945170402527,0.157608762383461,-0.6269440054893494,-0.3766656517982483,0.4269048571586609,-0.7844130992889404,0.21161770820617676,0.4100258946418762,-0.317641943693161
1749033597.2907379,0.6840944886207581,-2.0433088741698207,1.4132149855243128,2.2143961626240234,-1.6951406637774866,2.50536847114563,-0.08944592624902725,0.06594860553741455,-0.06514562666416168,-0.1434229016304016,0.15947124361991882,-0.6224029064178467,-0.36740216612815857,0.4654918909072876,-0.7889642715454102,0.17468683421611786,0.3803139925003052,-0.34450605511665344
1749033597.2907765,0.6838876605033875,-2.043164392510885,1.4130800406085413,2.2140933710285644,-1.6948373953448694,2.5041449069976807,-0.08940586447715759,0.06601086258888245,-0.06505825370550156,-0.1429022252559662,0.1586826741695404,-0.6183921098709106,-0.38570988178253174,0.47474315762519836,-0.8081977963447571,0.20150700211524963,0.38891148567199707,-0.31403037905693054
1749033597.290814,0.6836977005004883,-2.0430523357787074,1.412955109273092,2.213801069850586,-1.6945541540728968,2.5029661655426025,-0.08947445452213287,0.06836923956871033,-0.06502864509820938,-0.14186914265155792,0.15481194853782654,-0.6157468557357788,-0.3613286316394806,0.43526631593704224,-0.802765965461731,0.16720834374427795,0.37407588958740234,-0.37068653106689453
1749033597.290851,0.6835593581199646,-2.042919775048727,1.4128478209124964,2.213493748302124,-1.6942155996905726,2.501688003540039,-0.08866517245769501,0.06593450158834457,-0.06910669803619385,-0.14399777352809906,0.15900899469852448,-0.6210671067237854,-0.3905532658100128,0.4475940465927124,-0.7629923820495605,0.18110594153404236,0.3794320821762085,-0.3607645630836487
1749033597.2909,0.6833721995353699,-2.042784353295797,1.4127123991595667,2.2132293420979003,-1.6938851515399378,2.5004990100860596,-0.0924619510769844,0.06543196737766266,-0.06559863686561584,-0.1457338184118271,0.15589410066604614,-0.623245894908905,-0.3295043706893921,0.47743162512779236,-0.8041970729827881,0.17497539520263672,0.36801496148109436,-0.31931138038635254
1749033597.29094,0.6831818222999573,-2.0426365337767542,1.4125602881061,2.212937756175659,-1.6935942808734339,2.4991698265075684,-0.08804534375667572,0.06633981317281723,-0.06545234471559525,-0.1451655626296997,0.15571433305740356,-0.6217373013496399,-0.381521999835968,0.48155590891838074,-0.8036603927612305,0.18770121037960052,0.3667595684528351,-0.37786242365837097
1749033597.2909772,0.6831818222999573,-2.0426365337767542,1.4125602881061,2.212937756175659,-1.6935942808734339,2.4991698265075684,-0.08804534375667572,0.06633981317281723,-0.06545234471559525,-0.1451655626296997,0.15571433305740356,-0.6217373013496399,-0.381521999835968,0.48155590891838074,-0.8036603927612305,0.18770121037960052,0.3667595684528351,-0.37786242365837097
1749033597.2910182,0.6828181743621826,-2.04238285640859,1.4122775236712855,2.212334080333374,-1.6930034796344202,2.4967312812805176,-0.08776704221963882,0.0657486617565155,-0.06772101670503616,-0.148717999458313,0.15538594126701355,-0.622412919998169,-0.362323135137558,0.4838584065437317,-0.7649909257888794,0.18804270029067993,0.3859291672706604,-0.37144675850868225
1749033597.291056,0.6826518774032593,-2.042215963403219,1.4121649901019495,2.2120224672504882,-1.6926739851581019,2.4955546855926514,-0.08768513053655624,0.06586607545614243,-0.06687702238559723,-0.14825329184532166,0.15494386851787567,-0.6243733167648315,-0.38193628191947937,0.4948306977748871,-0.7759593725204468,0.20954814553260803,0.3936567008495331,-0.4008636772632599
1749033597.2910936,0.6824825406074524,-2.042068143884176,1.4120295683490198,2.2117652136036376,-1.6924179236041468,2.4942896366119385,-0.08836280554533005,0.06775757670402527,-0.06689104437828064,-0.15240970253944397,0.15419192612171173,-0.6313311457633972,-0.3494756817817688,0.46832215785980225,-0.7726846933364868,0.2406766712665558,0.3938497304916382,-0.3326212167739868
1749033597.2916286,0.6823037266731262,-2.041959425012106,1.4119094053851526,2.2114261823841552,-1.6920602957354944,2.493025064468384,-0.08893287926912308,0.06648778170347214,-0.06651944667100906,-0.14927610754966736,0.15432336926460266,-0.6325296759605408,-0.3629450500011444,0.42927590012550354,-0.7809374332427979,0.2429039180278778,0.3969652056694031,-0.30423757433891296
1749033597.293621,0.6820860505104065,-2.0418392620482386,1.4117935339557093,2.211122675532959,-1.6917889753924769,2.4917330741882324,-0.08878926932811737,0.06492073833942413,-0.06608179956674576,-0.14671388268470764,0.15677091479301453,-0.6301047205924988,-0.35156071186065674,0.4932965636253357,-0.7863320112228394,0.2082212269306183,0.3913061320781708,-0.36336368322372437
1749033597.3382993,0.6819577813148499,-2.0416752300658167,1.4116652647601526,2.2108184534260253,-1.6914389769183558,2.4904799461364746,-0.08911163359880447,0.06699714809656143,-0.06593608111143112,-0.14561407268047333,0.15766483545303345,-0.6300129890441895,-0.3745424747467041,0.4571869969367981,-0.7880289554595947,0.24205619096755981,0.38211002945899963,-0.3231313228607178
1749033597.3383465,0.6817690134048462,-2.0415550671019496,1.411529843007223,2.2105256754108886,-1.6911247412311,2.4892332553863525,-0.08901689201593399,0.06924469769001007,-0.06607712060213089,-0.14411170780658722,0.156061589717865,-0.6262775659561157,-0.37022340297698975,0.38393592834472656,-0.800773561000824,0.20948804914951324,0.37187984585762024,-0.34357115626335144
1749033597.3383977,0.6815750598907471,-2.0414496860899867,1.4113672415362757,2.2102348047443847,-1.6907947699176233,2.4879746437072754,-0.08914580941200256,0.06741805374622345,-0.06576171517372131,-0.14363332092761993,0.15981948375701904,-0.6296308040618896,-0.3726913332939148,0.4409128427505493,-0.7833908796310425,0.20140515267848969,0.3911588191986084,-0.38808226585388184
1749033597.3384445,0.6813996434211731,-2.0412899456419886,1.4112542311297815,2.209965868587158,-1.690484348927633,2.48673939704895,-0.0890091136097908,0.06692815572023392,-0.06699788570404053,-0.14327871799468994,0.15756234526634216,-0.6325050592422485,-0.37325045466423035,0.4543043375015259,-0.792267382144928,0.20168568193912506,0.3740675747394562,-0.3170171082019806
1749033597.3384838,0.6812432408332825,-2.04113831142568,1.4111188093768519,2.209667606944702,-1.6901839415179651,2.485450029373169,-0.08989358693361282,0.06774565577507019,-0.066576287150383,-0.14089548587799072,0.15734006464481354,-0.6325873732566833,-0.3545832931995392,0.45152589678764343,-0.7800829410552979,0.17056244611740112,0.37729188799858093,-0.35464712977409363
1749033597.3385339,0.6810368299484253,-2.0409871540465296,1.4109790960894983,2.209425850505493,-1.6898730436908167,2.4842400550842285,-0.09024392813444138,0.06704679876565933,-0.06574127078056335,-0.1455685943365097,0.1567019671201706,-0.6328116655349731,-0.36504486203193665,0.42023491859436035,-0.7872211933135986,0.21220050752162933,0.3507426679134369,-0.3110431432723999
1749033597.3385901,0.6808457374572754,-2.040847440759176,1.4108160177813929,2.209125443095825,-1.689570728932516,2.482957363128662,-0.08835575729608536,0.06611915677785873,-0.06725707650184631,-0.14035946130752563,0.15587279200553894,-0.6324076056480408,-0.3346894681453705,0.4573754370212555,-0.7909469604492188,0.17358791828155518,0.37842318415641785,-0.3441240191459656
1749033597.3386312,0.6807129979133606,-2.040730138818258,1.4107115904437464,2.2088467317768554,-1.6892874876605433,2.4816806316375732,-0.08786481618881226,0.0651334822177887,-0.06869740039110184,-0.141560897231102,0.15568800270557404,-0.6303735971450806,-0.37003403902053833,0.47657379508018494,-0.7677291035652161,0.1547509729862213,0.38918811082839966,-0.3817659616470337
1749033597.3386693,0.6804937720298767,-2.0406137905516566,1.4105599562274378,2.2085861402698974,-1.6889422575580042,2.4804012775421143,-0.09090869873762131,0.06577538698911667,-0.06621456891298294,-0.1480589509010315,0.1565648317337036,-0.6327316164970398,-0.3255472779273987,0.4584749937057495,-0.7920310497283936,0.20846931636333466,0.3608952462673187,-0.30564630031585693
1749033597.3387072,0.6802726984024048,-2.0404697857298792,1.4104207197772425,2.2082816797443847,-1.6886346975909632,2.4791345596313477,-0.08783121407032013,0.06499943137168884,-0.06769062578678131,-0.14440889656543732,0.15532711148262024,-0.6317898035049438,-0.35481709241867065,0.46512913703918457,-0.7774561047554016,0.17383140325546265,0.3737267255783081,-0.3163697421550751
1749033597.3387442,0.6801043152809143,-2.0403653583922328,1.4102805296527308,2.2080063062855224,-1.6883237997638147,2.4778783321380615,-0.0875648558139801,0.06476008147001266,-0.06853453069925308,-0.14609266817569733,0.15556029975414276,-0.6289070248603821,-0.3976706862449646,0.4792954623699188,-0.7688047885894775,0.17506714165210724,0.38247036933898926,-0.37672558426856995
1749033597.3387814,0.6799799203872681,-2.04021753887319,1.4101603666888636,2.2076946932026367,-1.688019100819723,2.4766366481781006,-0.0877857580780983,0.06474580615758896,-0.06799758970737457,-0.14501138031482697,0.15484634041786194,-0.6283465623855591,-0.39023709297180176,0.48599758744239807,-0.7657369375228882,0.17113256454467773,0.36524128913879395,-0.3060597777366638
1749033597.338819,0.6797924637794495,-2.040081640283102,1.410013500844137,2.207406683559082,-1.687697712575094,2.4753220081329346,-0.08784405887126923,0.0655718445777893,-0.06725848466157913,-0.14677944779396057,0.15346023440361023,-0.6289878487586975,-0.3777865767478943,0.46783334016799927,-0.7815420031547546,0.1759481430053711,0.37770453095436096,-0.3547627925872803
1749033597.3388562,0.6795980930328369,-2.0399495563902796,1.4098733107196253,2.2071382242390136,-1.687352482472555,2.4740822315216064,-0.08936606347560883,0.06543558835983276,-0.0670819878578186,-0.14695803821086884,0.15583117306232452,-0.6304988861083984,-0.3656061887741089,0.49944615364074707,-0.7750794887542725,0.1708490550518036,0.3446602523326874,-0.3532696068286896
1749033597.3388932,0.6794845461845398,-2.0398246250548304,1.4097726980792444,2.206803007716797,-1.6870644728290003,2.472795248031616,-0.08684694766998291,0.06469254195690155,-0.06640060245990753,-0.15028218924999237,0.1518326699733734,-0.63106369972229,-0.37136387825012207,0.4802393317222595,-0.7669311165809631,0.18091459572315216,0.35427314043045044,-0.3214785158634186
1749033597.3389297,0.6792935132980347,-2.0396539173521937,1.4096406141864222,2.2065111833759765,-1.6867721716510218,2.471592664718628,-0.08750209957361221,0.06531695276498795,-0.06626959890127182,-0.1510411500930786,0.1523168683052063,-0.6271788477897644,-0.38851842284202576,0.4642578959465027,-0.7811993360519409,0.20686300098896027,0.36581867933273315,-0.327777624130249
1749033597.3389664,0.6791217923164368,-2.0395809612669886,1.4094865957843226,2.2062033849903564,-1.6864236036883753,2.470306873321533,-0.08902907371520996,0.06493042409420013,-0.06564946472644806,-0.15043751895427704,0.15298983454704285,-0.6262924075126648,-0.33911678194999695,0.4443528950214386,-0.7797728180885315,0.19363246858119965,0.35561901330947876,-0.32626500725746155
1749033597.3390028,0.6789389848709106,-2.0393816433348597,1.4093926588641565,2.2059189516254882,-1.6861212889300745,2.469073534011841,-0.08711788803339005,0.06410021334886551,-0.0660194531083107,-0.15172156691551208,0.15115128457546234,-0.6238802075386047,-0.39607709646224976,0.48423653841018677,-0.7828989624977112,0.20059433579444885,0.3765239119529724,-0.33459413051605225
1749033597.3390393,0.678751528263092,-2.0392891369261683,1.4092605749713343,2.205634041423462,-1.6858022848712366,2.467824935913086,-0.08807546645402908,0.06429307162761688,-0.06610014289617538,-0.14591537415981293,0.15077131986618042,-0.6252887845039368,-0.36200979351997375,0.46710848808288574,-0.7970656156539917,0.1775279939174652,0.388949990272522,-0.36647072434425354
1749033597.3390756,0.6785452365875244,-2.039176126519674,1.4091137091266077,2.2052718836018066,-1.6855223814593714,2.4665567874908447,-0.08880136162042618,0.06841877847909927,-0.06614921241998672,-0.14533717930316925,0.15166020393371582,-0.6261621117591858,-0.386510968208313,0.42449963092803955,-0.7729849815368652,0.1717831939458847,0.39557957649230957,-0.3209059238433838
1749033597.3391123,0.6783658862113953,-2.039003988305563,1.408978287373678,2.205007238979004,-1.6852629820453089,2.4653241634368896,-0.08863717317581177,0.06452234089374542,-0.06554088741540909,-0.15214085578918457,0.15002015233039856,-0.6268250942230225,-0.35313645005226135,0.46824711561203003,-0.7869604825973511,0.2172890603542328,0.3915775418281555,-0.35537898540496826
1749033597.3391483,0.6781987547874451,-2.0388995609679164,1.4088428656207483,2.204719229335449,-1.6849077383624476,2.464073657989502,-0.08843714743852615,0.0648222267627716,-0.06624071300029755,-0.1496746689081192,0.1513974666595459,-0.6243512630462646,-0.380432665348053,0.462899386882782,-0.8054586052894592,0.2153574824333191,0.3907288908958435,-0.36057421565055847
1749033597.339717,0.6780378818511963,-2.038748403588766,1.408680264149801,2.2044312196918945,-1.6845720450030726,2.462860107421875,-0.08839939534664154,0.06869378685951233,-0.06719835847616196,-0.14843007922172546,0.15580828487873077,-0.6279687881469727,-0.3758161962032318,0.4299897253513336,-0.7626100778579712,0.20891425013542175,0.37898117303848267,-0.3385094702243805
1749033597.3416517,0.677869439125061,-2.0386206112303675,1.4085825125323694,2.2041591840931396,-1.6843026320086878,2.461580991744995,-0.08818088471889496,0.06508827954530716,-0.06430947035551071,-0.14670123159885406,0.15225747227668762,-0.6295269727706909,-0.36860188841819763,0.4387429356575012,-0.804100513458252,0.2064921110868454,0.3701641261577606,-0.36479032039642334
1749033597.3822818,0.6777022480964661,-2.0385076008238734,1.4084356466876429,2.2038513857075195,-1.6839564482318323,2.460325241088867,-0.08724308758974075,0.06557405740022659,-0.06436364352703094,-0.145943745970726,0.15129819512367249,-0.6323898434638977,-0.397381067276001,0.458963006734848,-0.8097623586654663,0.20509889721870422,0.3804953098297119,-0.35601332783699036
1749033597.382328,0.6774886250495911,-2.03836788753652,1.4082916418658655,2.2035514551350097,-1.683650318776266,2.459043264389038,-0.08695922791957855,0.06603895127773285,-0.06779996305704117,-0.14651694893836975,0.15306831896305084,-0.6345319747924805,-0.38458776473999023,0.45647770166397095,-0.7675341367721558,0.1931297481060028,0.3379707336425781,-0.3086373805999756
1749033597.3823688,0.6773430705070496,-2.038192411462301,1.4081686178790491,2.203262968654297,-1.6833708922015589,2.4577476978302,-0.08697573840618134,0.06539380550384521,-0.06460794806480408,-0.14636489748954773,0.1500450223684311,-0.6307108402252197,-0.3846132159233093,0.45707452297210693,-0.7954393029212952,0.19205479323863983,0.362125039100647,-0.30448734760284424
1749033597.382408,0.6771448254585266,-2.0380760631956996,1.40802508989443,2.2029713827320556,-1.6830371061908167,2.456516742706299,-0.08816581964492798,0.06528066843748093,-0.06527744233608246,-0.1464969366788864,0.1506653130054474,-0.6283658742904663,-0.41267383098602295,0.4668198227882385,-0.7992719411849976,0.18463993072509766,0.3589630424976349,-0.3440375328063965
1749033597.3824487,0.6769923567771912,-2.037971635858053,1.4078963438617151,2.2026635843464355,-1.6827734152423304,2.455263137817383,-0.08811905235052109,0.06738273054361343,-0.06514278054237366,-0.1491984724998474,0.15056611597537994,-0.6261857748031616,-0.40784600377082825,0.4673689901828766,-0.8063386678695679,0.1880742609500885,0.37216970324516296,-0.36192119121551514
1749033597.3824878,0.6768012642860413,-2.037823339501852,1.4077733198748987,2.202352209682129,-1.6824658552752894,2.4540116786956787,-0.09015892446041107,0.06702091544866562,-0.06497078388929367,-0.1472713053226471,0.15151351690292358,-0.6287328004837036,-0.3497248888015747,0.43384119868278503,-0.8132321238517761,0.20232965052127838,0.36630943417549133,-0.3600621223449707
1749033597.3825257,0.6765980124473572,-2.0377356014647425,1.407645050679342,2.20206801473584,-1.6822064558612269,2.452732801437378,-0.08711390197277069,0.06534704566001892,-0.06517082452774048,-0.1444779634475708,0.151497021317482,-0.6326272487640381,-0.37527814507484436,0.48491597175598145,-0.8300230503082275,0.18719534575939178,0.39178788661956787,-0.3090890645980835
1749033597.3825634,0.6764229536056519,-2.037591119805807,1.4075444380389612,2.2017673689075927,-1.681845490132467,2.451505661010742,-0.09113205969333649,0.06665652990341187,-0.06631134450435638,-0.14966292679309845,0.15299388766288757,-0.6340283155441284,-0.3561093211174011,0.4873127341270447,-0.8271050453186035,0.21125951409339905,0.3812612295150757,-0.3271774649620056
1749033597.382602,0.676254391670227,-2.0374590359129847,1.4074204603778284,2.2014681535908203,-1.6815574804889124,2.4501447677612305,-0.08639826625585556,0.06713844835758209,-0.06523211300373077,-0.1456477791070938,0.154511958360672,-0.6319016814231873,-0.3973156809806824,0.4268436133861542,-0.8246245980262756,0.1969710737466812,0.35240280628204346,-0.31875938177108765
1749033597.3826392,0.6761007905006409,-2.037292619744772,1.4072960058795374,2.201183720225952,-1.681263271962301,2.448964834213257,-0.08775333315134048,0.06437298655509949,-0.0654066950082779,-0.14688315987586975,0.15539827942848206,-0.6264697313308716,-0.39035946130752563,0.4670991003513336,-0.8205798864364624,0.20497378706932068,0.3706945776939392,-0.2916097640991211
1749033597.3826768,0.6759162545204163,-2.0371605358519496,1.4071419874774378,2.200883074397705,-1.6809561888324183,2.4477181434631348,-0.08859636634588242,0.06535283476114273,-0.06519503146409988,-0.1466177999973297,0.15467111766338348,-0.6230961084365845,-0.3643937110900879,0.487341046333313,-0.8203139901161194,0.20980560779571533,0.3701271414756775,-0.3692185878753662
1749033597.3827136,0.675740659236908,-2.0370403728880824,1.406982723866598,2.200592203731201,-1.680605713521139,2.4464354515075684,-0.0883202850818634,0.0657692551612854,-0.0690806433558464,-0.14691992104053497,0.1590949296951294,-0.627875804901123,-0.4050358235836029,0.48833727836608887,-0.8028306365013123,0.2005227655172348,0.3414557874202728,-0.3785332143306732
1749033597.3827507,0.6755577325820923,-2.0369273624815882,1.4068816343890589,2.200307770366333,-1.6803296248065394,2.4451284408569336,-0.08797398209571838,0.06629285961389542,-0.06758253276348114,-0.14430181682109833,0.15457412600517273,-0.6320717930793762,-0.3747557997703552,0.4849412143230438,-0.7906947731971741,0.20146551728248596,0.33525413274765015,-0.3261997699737549
1749033597.382787,0.6753514409065247,-2.036748548547262,1.4067257086383265,2.200000448817871,-1.6799519697772425,2.4438042640686035,-0.09028036147356033,0.0662522166967392,-0.06728158891201019,-0.14414146542549133,0.15153059363365173,-0.627743661403656,-0.3635859489440918,0.475424200296402,-0.8010860085487366,0.1993953138589859,0.34370529651641846,-0.34065818786621094
1749033597.3828235,0.6751748919487,-2.036682268182272,1.4065874258624476,2.1996969419666748,-1.6796577612506312,2.4425854682922363,-0.08596751093864441,0.06576746702194214,-0.06997918337583542,-0.14187797904014587,0.15375930070877075,-0.6252396106719971,-0.35963958501815796,0.4805293679237366,-0.7795168161392212,0.16407212615013123,0.3193022608757019,-0.31674039363861084
1749033597.38286,0.6750311255455017,-2.0365501842894496,1.406459156666891,2.1993934351154785,-1.6793611685382288,2.441335916519165,-0.08638561517000198,0.0661718100309372,-0.06875284761190414,-0.1429901123046875,0.1502513289451599,-0.622704029083252,-0.40079060196876526,0.47411084175109863,-0.7745947241783142,0.16531285643577576,0.36299237608909607,-0.3183516263961792
1749033597.3828964,0.6748130917549133,-2.036410471002096,1.406318489705221,2.199112578029297,-1.6790626684771937,2.440180778503418,-0.08758842945098877,0.06629090011119843,-0.06731675565242767,-0.14302639663219452,0.14969435334205627,-0.6197992563247681,-0.35471415519714355,0.4537639021873474,-0.7999178171157837,0.147120863199234,0.3641350269317627,-0.3817724287509918
1749033597.3829324,0.6748130917549133,-2.036410471002096,1.406318489705221,2.199112578029297,-1.6790626684771937,2.440180778503418,-0.08758842945098877,0.06629090011119843,-0.06731675565242767,-0.14302639663219452,0.14969435334205627,-0.6197992563247681,-0.35471415519714355,0.4537639021873474,-0.7999178171157837,0.147120863199234,0.3641350269317627,-0.3817724287509918
1749033597.3829691,0.6746913194656372,-2.036262651483053,1.4061835447894495,2.198840780849121,-1.6787169615374964,2.438886880874634,-0.08689142763614655,0.06643645465373993,-0.0674278512597084,-0.14745067059993744,0.15103892982006073,-0.6237151622772217,-0.37246739864349365,0.46705782413482666,-0.7919096946716309,0.18706022202968597,0.3687319755554199,-0.3161167502403259
1749033597.3830056,0.6743209958076477,-2.036002298394674,1.4059270063983362,2.1982802587696533,-1.6781671682940882,2.4363791942596436,-0.08789364993572235,0.06599871069192886,-0.06716955453157425,-0.14157502353191376,0.15139847993850708,-0.6225835084915161,-0.3619157671928406,0.46053609251976013,-0.7894471287727356,0.142436221241951,0.3553604781627655,-0.35052841901779175
1749033597.3836615,0.6741456389427185,-2.0358854732909144,1.4057729879962366,2.1979920107075195,-1.677817169819967,2.4352009296417236,-0.08778391778469086,0.06598881632089615,-0.06686912477016449,-0.14600151777267456,0.1497868299484253,-0.6240564584732056,-0.35551366209983826,0.4919328987598419,-0.793769121170044,0.18037810921669006,0.3711635172367096,-0.3383592367172241
1749033597.3856368,0.6739233732223511,-2.035734315911764,1.4056561628924769,2.1977004247852783,-1.6775334517108362,2.433959722518921,-0.08807457238435745,0.06660619378089905,-0.06663721054792404,-0.1413971483707428,0.15183408558368683,-0.6225142478942871,-0.33828383684158325,0.46424755454063416,-0.8042798638343811,0.13947516679763794,0.36228758096694946,-0.3955703377723694
1749033597.4263036,0.6737091541290283,-2.03562130550527,1.4055364767657679,2.197443409557007,-1.6772587935077112,2.432699203491211,-0.08677742630243301,0.06574501097202301,-0.06704921275377274,-0.14294762909412384,0.14915312826633453,-0.6267503499984741,-0.3749223053455353,0.46711331605911255,-0.7906312346458435,0.14568555355072021,0.37107521295547485,-0.3951123356819153
1749033597.42636,0.6735482811927795,-2.0354773006834925,1.4053733984576624,2.19717185079541,-1.676920239125387,2.431466817855835,-0.08637886494398117,0.06508985906839371,-0.06683745235204697,-0.14390668272972107,0.14920173585414886,-0.6286311745643616,-0.3410755395889282,0.4588412642478943,-0.785855770111084,0.16406843066215515,0.3789188861846924,-0.23771929740905762
1749033597.4264023,0.6734125018119812,-2.0353571377196253,1.4052489439593714,2.196864529246948,-1.6766403357135218,2.4302103519439697,-0.08494868874549866,0.06364373862743378,-0.06514809280633926,-0.14530056715011597,0.15293842554092407,-0.6232129335403442,-0.3634900152683258,0.44869592785835266,-0.793888509273529,0.17291733622550964,0.34647220373153687,-0.30796459317207336
1749033597.4264424,0.6732215285301208,-2.0352188549437464,1.4051292578326624,2.1965572076984863,-1.676326100026266,2.4289848804473877,-0.08443276584148407,0.06295903027057648,-0.06706468015909195,-0.14508776366710663,0.1507858783006668,-0.6178673505783081,-0.35669276118278503,0.471684992313385,-0.7862422466278076,0.16744285821914673,0.33415305614471436,-0.2858709990978241
1749033597.4264815,0.6730927228927612,-2.035092969933981,1.4049699942218226,2.1962854105183105,-1.676051441823141,2.427727460861206,-0.08482455462217331,0.06371939182281494,-0.06758434325456619,-0.14450280368328094,0.14958462119102478,-0.6125057935714722,-0.34235844016075134,0.4792185425758362,-0.7738049030303955,0.16376033425331116,0.346181184053421,-0.29492485523223877
1749033597.4265194,0.6729299426078796,-2.0349418125548304,1.4048851172076624,2.196000261897705,-1.675744358693258,2.4265353679656982,-0.08271029591560364,0.06596329063177109,-0.06559980660676956,-0.14371511340141296,0.14932957291603088,-0.6073356866836548,-0.3730012774467468,0.41404348611831665,-0.7717287540435791,0.14064066112041473,0.3472597599029541,-0.35345128178596497
1749033597.4265568,0.672761082649231,-2.0348030529417933,1.404726807271139,2.195692940349243,-1.6754968802081507,2.4253170490264893,-0.08690904080867767,0.06301543116569519,-0.06678711622953415,-0.14484409987926483,0.1492944210767746,-0.6086340546607971,-0.34432029724121094,0.49264928698539734,-0.7601103782653809,0.16892170906066895,0.36413121223449707,-0.3175863027572632
1749033597.4265947,0.672543466091156,-2.0347324810423792,1.4046366850482386,2.195402069682739,-1.6751983801471155,2.4241139888763428,-0.08285519480705261,0.06443461775779724,-0.06480127573013306,-0.14172612130641937,0.14915506541728973,-0.6118308901786804,-0.4344785809516907,0.5415030717849731,-0.7686892151832581,0.12867280840873718,0.37909936904907227,-0.3994700312614441
1749033597.4266324,0.672372579574585,-2.034604688683981,1.4044821898089808,2.195145292873047,-1.6749146620379847,2.4228928089141846,-0.08552961051464081,0.07013270258903503,-0.06373370438814163,-0.1418718844652176,0.15106481313705444,-0.6142128109931946,-0.4317338466644287,0.4953624904155731,-0.8063778877258301,0.11386384069919586,0.3843579590320587,-0.41726747155189514
1749033597.42667,0.6722160577774048,-2.0344068012633265,1.4043434301959437,2.194845362300537,-1.6745603720294397,2.4216222763061523,-0.08776605874300003,0.06761389225721359,-0.06453283131122589,-0.14693130552768707,0.15427616238594055,-0.6225177049636841,-0.3521425127983093,0.4898131489753723,-0.800225555896759,0.13638506829738617,0.39032304286956787,-0.37978726625442505
1749033597.4267075,0.6720368266105652,-2.0343362293639125,1.4042652289019983,2.1945814329334716,-1.6743124167071741,2.420382261276245,-0.08656805008649826,0.06858722120523453,-0.06750410050153732,-0.1466202288866043,0.15481550991535187,-0.6256765723228455,-0.41015949845314026,0.46854305267333984,-0.7648053765296936,0.13790945708751678,0.36710160970687866,-0.35856372117996216
1749033597.4267445,0.6718970537185669,-2.0342008076109828,1.4041217009173792,2.1942848402210693,-1.6739357153521937,2.4190731048583984,-0.0875333771109581,0.06813155859708786,-0.0650869756937027,-0.14834412932395935,0.1572217345237732,-0.6290485858917236,-0.3824751675128937,0.46885865926742554,-0.8041977286338806,0.16307544708251953,0.3514367640018463,-0.3707306981086731
1749033597.4267824,0.6717444658279419,-2.0340877972044886,1.4039705435382288,2.1939937311359863,-1.6736095587359827,2.41782808303833,-0.08820769935846329,0.06683557480573654,-0.06687015295028687,-0.14916862547397614,0.1548987329006195,-0.6311243176460266,-0.3563152551651001,0.4998101592063904,-0.7817444801330566,0.155717134475708,0.3377574682235718,-0.3008984923362732
1749033597.42682,0.6715377569198608,-2.0339094601073207,1.403823200856344,2.1936978536793212,-1.6733058134662073,2.4165844917297363,-0.08761388808488846,0.06524641811847687,-0.06861128658056259,-0.1489933431148529,0.15222451090812683,-0.6277068257331848,-0.36124187707901,0.4998982548713684,-0.778915524482727,0.1409653276205063,0.3494635224342346,-0.34948092699050903
1749033597.4268577,0.6713395714759827,-2.033811231652731,1.4037111441241663,2.1934024530598144,-1.6729877630816858,2.415302038192749,-0.08738379925489426,0.06881655007600784,-0.06940702348947525,-0.1512027084827423,0.15655982494354248,-0.6255804300308228,-0.3684502840042114,0.4570499658584595,-0.7644808888435364,0.15720978379249573,0.3249642252922058,-0.3416779339313507
1749033597.4268954,0.6711362600326538,-2.033659597436422,1.4035752455340784,2.193093462581299,-1.6727045218097132,2.414055347442627,-0.08888452500104904,0.06432821601629257,-0.06933896988630295,-0.15188317000865936,0.153328076004982,-0.624656081199646,-0.3814188241958618,0.49856483936309814,-0.7601690292358398,0.1535850465297699,0.347950279712677,-0.33732324838638306
1749033597.426933,0.6709801554679871,-2.0335122547545375,1.4034116903888147,2.192775173778198,-1.6724007765399378,2.4127910137176514,-0.08754748851060867,0.06551667302846909,-0.06989271938800812,-0.15278220176696777,0.15414921939373016,-0.6246953010559082,-0.3656924366950989,0.5261523127555847,-0.7575101852416992,0.1774568110704422,0.340793251991272,-0.3627518117427826
1749033597.42697,0.6708046793937683,-2.033361097375387,1.403299633656637,2.1924823957630615,-1.6720708052264612,2.4115068912506104,-0.08822505176067352,0.07017785310745239,-0.0696600005030632,-0.15283696353435516,0.15506237745285034,-0.6269108653068542,-0.40077826380729675,0.4858599305152893,-0.7395528554916382,0.1646609753370285,0.3545137047767639,-0.3746662139892578
1749033597.4270072,0.6706247925758362,-2.0332519016661585,1.4031341711627405,2.192166252727173,-1.6717637220965784,2.410264015197754,-0.09152420610189438,0.0669398382306099,-0.06886087357997894,-0.14930301904678345,0.15587551891803741,-0.6270384192466736,-0.32880252599716187,0.4773752987384796,-0.7522361874580383,0.1501350700855255,0.34425944089889526,-0.33789896965026855
1749033597.4270444,0.6704335808753967,-2.0331083736815394,1.4030054251300257,2.191858931178711,-1.6714614073382776,2.4090185165405273,-0.08934085071086884,0.06870292872190475,-0.06768971681594849,-0.15316326916217804,0.15412992238998413,-0.6286405324935913,-0.376948744058609,0.4628213942050934,-0.7585411071777344,0.19557374715805054,0.35223937034606934,-0.36932533979415894
1749033597.42766,0.6702579259872437,-2.0329801044859828,1.402851406727926,2.1915151315876464,-1.6712129751788538,2.407735586166382,-0.08930687606334686,0.06841419637203217,-0.06839693337678909,-0.15009073913097382,0.15276338160037994,-0.6287747621536255,-0.33541956543922424,0.46247655153274536,-0.7669081687927246,0.1679057627916336,0.3576938807964325,-0.32137686014175415
1749033597.4296293,0.6700597405433655,-2.0328551731505335,1.4027608076678675,2.1912309366413574,-1.6708291212665003,2.40649151802063,-0.0887196883559227,0.06707785278558731,-0.06817051023244858,-0.14903762936592102,0.1527404636144638,-0.6283060908317566,-0.3459838032722473,0.4873407185077667,-0.753324568271637,0.16481424868106842,0.3729267716407776,-0.3742290735244751
1749033597.474299,0.6698833107948303,-2.0327159367003382,1.4026482740985315,2.1909543710895996,-1.6705268065081995,2.4051926136016846,-0.08775675296783447,0.06779861450195312,-0.06586607545614243,-0.1524064987897873,0.15805470943450928,-0.629304051399231,-0.3552965521812439,0.4893030524253845,-0.7930454015731812,0.20561319589614868,0.35651910305023193,-0.380340576171875
1749033597.474345,0.6696689128875732,-2.0325633488097132,1.4025009314166468,2.190638228053711,-1.6702025572406214,2.403902053833008,-0.08773505687713623,0.06834852695465088,-0.06729365140199661,-0.149415522813797,0.15556326508522034,-0.6315575242042542,-0.3543940782546997,0.4712219834327698,-0.7910830974578857,0.2025233805179596,0.3483964204788208,-0.3420948088169098
1749033597.4743853,0.6695247888565063,-2.032419343987936,1.4023531118976038,2.190319223994873,-1.669950310383932,2.402719736099243,-0.08659649640321732,0.0677122101187706,-0.06941861659288406,-0.14828287065029144,0.15456531941890717,-0.6328603029251099,-0.36573195457458496,0.47801485657691956,-0.7608428001403809,0.1896725296974182,0.3689975440502167,-0.35749199986457825
1749033597.474424,0.6693460941314697,-2.032283922235006,1.4022029081927698,2.1900548177906494,-1.669636074696676,2.4014599323272705,-0.08740321546792984,0.06721114367246628,-0.06671162694692612,-0.14879438281059265,0.15788376331329346,-0.6315062642097473,-0.37441378831863403,0.474073201417923,-0.7932698726654053,0.1913655698299408,0.3441978096961975,-0.35887008905410767
1749033597.4744623,0.6692134737968445,-2.0321747265257777,1.4021089712726038,2.1897710996815185,-1.6693337599383753,2.400190830230713,-0.08733554929494858,0.06716344505548477,-0.0684012621641159,-0.14801782369613647,0.15399524569511414,-0.6339066028594971,-0.35085466504096985,0.49279603362083435,-0.7586084008216858,0.20452475547790527,0.3588179051876068,-0.34859079122543335
1749033597.4745004,0.6689949631690979,-2.0320073566832484,1.4019740263568323,2.189466877574585,-1.6690037886248987,2.398947238922119,-0.0876360610127449,0.0677594393491745,-0.06850976496934891,-0.14532487094402313,0.1545039862394333,-0.6337438225746155,-0.3406508266925812,0.46532976627349854,-0.7580329179763794,0.18786415457725525,0.3558667302131653,-0.35460183024406433
1749033597.4745383,0.6688651442527771,-2.0318991146483363,1.4018262068377894,2.189135714168213,-1.668755356465475,2.397650957107544,-0.08742785453796387,0.06685341894626617,-0.06750328838825226,-0.14546135067939758,0.15420420467853546,-0.6373828053474426,-0.36160707473754883,0.5000033378601074,-0.7899038791656494,0.1430867612361908,0.3841340243816376,-0.32940784096717834
1749033597.4745755,0.6686438322067261,-2.031762262383932,1.4016793409930628,2.1888677316853027,-1.6684516111956995,2.3963325023651123,-0.08883941173553467,0.06712343543767929,-0.06776870787143707,-0.14598208665847778,0.15415722131729126,-0.6367520689964294,-0.3901197612285614,0.5037850737571716,-0.7733608484268188,0.1763472557067871,0.3886696398258209,-0.2784343361854553
1749033597.4746125,0.6684958934783936,-2.0315991840758265,1.4015472571002405,2.18856327115979,-1.6680915991412562,2.395102024078369,-0.08699091523885727,0.06751669198274612,-0.06726406514644623,-0.1440352201461792,0.15432779490947723,-0.6338830590248108,-0.36939358711242676,0.5037490129470825,-0.7723187208175659,0.1472768485546112,0.3903595805168152,-0.3587719798088074
1749033597.4746501,0.6682657599449158,-2.0315448246397914,1.401412312184469,2.1882826524921875,-1.6678145567523401,2.3938286304473877,-0.0873781219124794,0.06774747371673584,-0.06675470620393753,-0.14797428250312805,0.15491603314876556,-0.632771909236908,-0.3755905032157898,0.4832361936569214,-0.7879812717437744,0.15379373729228973,0.39215582609176636,-0.30672356486320496
1749033597.4746873,0.6681283116340637,-2.0313779316344203,1.4012840429889124,2.188014431590698,-1.667462174092428,2.3926024436950684,-0.09056665748357773,0.0674794539809227,-0.0664837509393692,-0.1488530933856964,0.15476657450199127,-0.6326720714569092,-0.30818963050842285,0.4885750114917755,-0.7845461964607239,0.17215533554553986,0.38349300622940063,-0.3637097477912903
1749033597.4747236,0.6679683327674866,-2.0312024555602015,1.4011710325824183,2.187703772182129,-1.66716176668276,2.391309976577759,-0.08846993744373322,0.06825415045022964,-0.06681971997022629,-0.14868564903736115,0.15630297362804413,-0.6366356611251831,-0.3516908288002014,0.47453513741493225,-0.7877459526062012,0.1836262196302414,0.3936461806297302,-0.3404831886291504
1749033597.4747608,0.667762041091919,-2.031078954736227,1.4010356108294886,2.1874381738850097,-1.6668041388141077,2.3900306224823,-0.08915463835000992,0.06650229543447495,-0.06663686782121658,-0.14965705573558807,0.15855364501476288,-0.6393729448318481,-0.3388025462627411,0.4929913282394409,-0.7885454297065735,0.20218482613563538,0.36180612444877625,-0.2954705059528351
1749033597.4747975,0.6675708889961243,-2.0309773884215296,1.4008796850787562,2.1871036726185302,-1.6665008703814905,2.3887789249420166,-0.08885057270526886,0.06988027691841125,-0.0667472779750824,-0.1492743194103241,0.15691594779491425,-0.637173593044281,-0.3511468172073364,0.4778924584388733,-0.7816064357757568,0.21122312545776367,0.36151641607284546,-0.3047542870044708
1749033597.4748344,0.6674227118492126,-2.0308219395079554,1.4007447401629847,2.1868385511585693,-1.6662057081805628,2.3874595165252686,-0.0878559798002243,0.06626079231500626,-0.06716283410787582,-0.1486215740442276,0.15867961943149567,-0.6343026757240295,-0.3910474479198456,0.5003782510757446,-0.8164885640144348,0.2114374041557312,0.3783433735370636,-0.32851916551589966
1749033597.4748716,0.6672781705856323,-2.0307089291014613,1.4006007353412073,2.1864992815205078,-1.6658762137042444,2.386219024658203,-0.08836046606302261,0.06580007076263428,-0.06833288818597794,-0.14822427928447723,0.15577785670757294,-0.6326452493667603,-0.3624460697174072,0.4861716628074646,-0.7663391828536987,0.17997339367866516,0.3393361568450928,-0.33143094182014465
1749033597.4749086,0.6670479774475098,-2.03054203609609,1.4004963080035608,2.1861986356922607,-1.6655424276935022,2.3849635124206543,-0.08661354333162308,0.06876549124717712,-0.06575525552034378,-0.14810305833816528,0.15519677102565765,-0.6298903822898865,-0.3644151985645294,0.48642608523368835,-0.8083583116531372,0.178494393825531,0.366726815700531,-0.39184123277664185
1749033597.474946,0.666903555393219,-2.0303789577879847,1.4003613630877894,2.1858901220509033,-1.6652582327472132,2.3836703300476074,-0.08896555751562119,0.06650950759649277,-0.06600748747587204,-0.14949500560760498,0.1547761857509613,-0.632861852645874,-0.35563722252845764,0.49439698457717896,-0.8170738220214844,0.19092383980751038,0.37546879053115845,-0.33637291193008423
1749033597.4749832,0.6666778922080994,-2.030262609521383,1.4002330938922327,2.1855813699909667,-1.664990250264303,2.382472515106201,-0.08621011674404144,0.06609313935041428,-0.06888033449649811,-0.1506255716085434,0.15417633950710297,-0.6339693069458008,-0.4133586883544922,0.5102320909500122,-0.7882676124572754,0.20817047357559204,0.36054322123527527,-0.3355368673801422
1749033597.4750197,0.666529655456543,-2.0301457844176234,1.4001014868365687,2.185265465373657,-1.6646693388568323,2.381072759628296,-0.08878505975008011,0.06817389279603958,-0.06607846170663834,-0.149640753865242,0.1536252796649933,-0.6305078864097595,-0.3778912425041199,0.4572773873806,-0.8117997646331787,0.22033607959747314,0.3886122703552246,-0.3392508029937744
1749033597.475056,0.6663315296173096,-2.029977937737936,1.399977986012594,2.1849681574055175,-1.664393726979391,2.3798253536224365,-0.08861111104488373,0.06685598939657211,-0.06634428352117538,-0.15049314498901367,0.1543923318386078,-0.6281994581222534,-0.33106815814971924,0.49427080154418945,-0.8075660467147827,0.20408688485622406,0.39461439847946167,-0.3039177358150482
1749033597.4750926,0.6662097573280334,-2.029873033563131,1.3998430410968226,2.1846603590198974,-1.6640937964068812,2.378608226776123,-0.08775404095649719,0.06661356985569,-0.06799748539924622,-0.14907608926296234,0.154103621840477,-0.6235523819923401,-0.36859244108200073,0.48063746094703674,-0.7968336939811707,0.25000831484794617,0.39003562927246094,-0.36259984970092773
1749033597.4756913,0.6662097573280334,-2.029873033563131,1.3998430410968226,2.1846603590198974,-1.6640937964068812,2.378608226776123,-0.08775404095649719,0.06661356985569,-0.06799748539924622,-0.14907608926296234,0.154103621840477,-0.6235523819923401,-0.36859244108200073,0.48063746094703674,-0.7968336939811707,0.25000831484794617,0.39003562927246094,-0.36259984970092773
1749033597.477675,0.6657768487930298,-2.029574056664938,1.3995979467975062,2.184062882060669,-1.66347581544985,2.376100778579712,-0.08817598223686218,0.0691051036119461,-0.0677630826830864,-0.14710228145122528,0.15580734610557556,-0.6295086145401001,-0.35472801327705383,0.4645692706108093,-0.8003891706466675,0.21281133592128754,0.37435823678970337,-0.3231102228164673
1749033597.5183005,0.6656296849250793,-2.029473444024557,1.399459187184469,2.183802290553711,-1.6631887594806116,2.374842643737793,-0.08826261758804321,0.06519179791212082,-0.06698015332221985,-0.14468376338481903,0.15397080779075623,-0.6265805959701538,-0.34356290102005005,0.4941615164279938,-0.8091323375701904,0.22927463054656982,0.3977357745170593,-0.350033164024353
1749033597.5183468,0.6654687523841858,-2.029339452783102,1.399299446736471,2.183529778117798,-1.66284686723818,2.3735947608947754,-0.08884050697088242,0.06569922715425491,-0.06764186173677444,-0.14334967732429504,0.1570209115743637,-0.6252202987670898,-0.348980188369751,0.5168275237083435,-0.8098098635673523,0.20339173078536987,0.37282708287239075,-0.34959903359413147
1749033597.5183878,0.6653129458427429,-2.029207845727438,1.3992059866534632,2.1832408147999267,-1.6625431219684046,2.3723526000976562,-0.08938568085432053,0.06860093772411346,-0.06765702366828918,-0.1439262181520462,0.1571056842803955,-0.624514639377594,-0.3540295660495758,0.4739130139350891,-0.8134852647781372,0.21512387692928314,0.35841670632362366,-0.35028770565986633
1749033597.5184267,0.6651259660720825,-2.0290876827635707,1.399062458668844,2.1829213339039306,-1.6621630827533167,2.3711462020874023,-0.08923529833555222,0.06682691723108292,-0.06834498792886734,-0.14361228048801422,0.1570940613746643,-0.6255290508270264,-0.3610326051712036,0.47675037384033203,-0.8054255247116089,0.2013966143131256,0.36184582114219666,-0.40762606263160706
1749033597.5184646,0.6649306416511536,-2.0289436779417933,1.3989303747760218,2.1826328474232177,-1.6618683973895472,2.3698501586914062,-0.08877083659172058,0.06681861728429794,-0.0689011737704277,-0.14384502172470093,0.15797297656536102,-0.6312116980552673,-0.32198819518089294,0.46224725246429443,-0.788143515586853,0.22950398921966553,0.3383719027042389,-0.27092236280441284
1749033597.5185053,0.6647707223892212,-2.0287958584227503,1.3987763563739222,2.18234030782666,-1.6615656057940882,2.368621826171875,-0.08692532032728195,0.06544024497270584,-0.06855565309524536,-0.14144542813301086,0.15676654875278473,-0.625720739364624,-0.35012951493263245,0.43630340695381165,-0.7909383177757263,0.21441367268562317,0.3339189291000366,-0.2509137690067291
1749033597.5185494,0.6646218299865723,-2.0286132297911585,1.3986509482013147,2.182091160411499,-1.661304775868551,2.3673722743988037,-0.08530218154191971,0.06412365287542343,-0.06925611197948456,-0.14184977114200592,0.1541038304567337,-0.619202733039856,-0.35948389768600464,0.4647022783756256,-0.7618304491043091,0.2148144245147705,0.3297520577907562,-0.26214778423309326
1749033597.518588,0.6644492149353027,-2.028531690637106,1.3985002676593226,2.181779308910034,-1.6609910170184534,2.3661861419677734,-0.0856005921959877,0.06356129050254822,-0.066950723528862,-0.13811954855918884,0.15103919804096222,-0.6138901710510254,-0.34313201904296875,0.47499150037765503,-0.7802338004112244,0.18176838755607605,0.35679712891578674,-0.2996554970741272
1749033597.5186255,0.664286732673645,-2.0284153423705042,1.3983376661883753,2.181537314052246,-1.6606748739825647,2.364943027496338,-0.08432798087596893,0.06465686112642288,-0.06533593684434891,-0.1386410892009735,0.14945490658283234,-0.6071285009384155,-0.3751738369464874,0.4714645743370056,-0.791618824005127,0.1618870496749878,0.3656434118747711,-0.34464579820632935
1749033597.5186632,0.6640908122062683,-2.028307100335592,1.3982589880572718,2.181248827571533,-1.6603568235980433,2.3636879920959473,-0.08807064592838287,0.06617822498083115,-0.06912548094987869,-0.14308874309062958,0.14755892753601074,-0.6082747578620911,-0.3174716830253601,0.4776838719844818,-0.765425443649292,0.22833582758903503,0.3462846279144287,-0.3657163977622986
1749033597.5187001,0.6639037728309631,-2.0281440220274867,1.3981083075152796,2.1809727388569335,-1.660105053578512,2.3625073432922363,-0.08239579945802689,0.06448210775852203,-0.06615547835826874,-0.14110064506530762,0.1503574699163437,-0.6110807657241821,-0.35021698474884033,0.4701232612133026,-0.7759122252464294,0.2296040803194046,0.35649383068084717,-0.2753247618675232
1749033597.5187368,0.6637245416641235,-2.0280429325499476,1.3980143705951136,2.180680676097534,-1.659797493611471,2.361349105834961,-0.08590966463088989,0.06460235267877579,-0.06584782898426056,-0.14082404971122742,0.14815951883792877,-0.6085785627365112,-0.3622884750366211,0.49302080273628235,-0.7880324721336365,0.22505827248096466,0.3441750109195709,-0.30510005354881287
1749033597.5187733,0.6635727882385254,-2.027898450891012,1.3978756109820765,2.180388851756714,-1.6594727675067347,2.3601057529449463,-0.08715982735157013,0.06536431610584259,-0.06586997956037521,-0.14025664329528809,0.14567142724990845,-0.6076282262802124,-0.33370858430862427,0.48231181502342224,-0.7854781150817871,0.20275327563285828,0.36646515130996704,-0.3461931347846985
1749033597.5188098,0.663415789604187,-2.0277158222594203,1.3977282683001917,2.1801084715076904,-1.6592009703265589,2.3589272499084473,-0.08626272529363632,0.06508681178092957,-0.06455092132091522,-0.1408931165933609,0.14854983985424042,-0.6062856316566467,-0.36093008518218994,0.47296449542045593,-0.7918556928634644,0.2148512303829193,0.3602927327156067,-0.33456772565841675
1749033597.518847,0.6632215976715088,-2.027642866174215,1.397592846547262,2.179851694697998,-1.6589062849627894,2.3576667308807373,-0.08597151190042496,0.0644003227353096,-0.06525317579507828,-0.14147907495498657,0.14636072516441345,-0.6055207848548889,-0.33558470010757446,0.4616943597793579,-0.7802156209945679,0.207061767578125,0.35656827688217163,-0.3692243993282318
1749033597.5188832,0.6630966663360596,-2.0275141201415003,1.397461239491598,2.1795314985462646,-1.6585724989520472,2.356452465057373,-0.08543406426906586,0.06362071633338928,-0.06519004702568054,-0.14105439186096191,0.14690512418746948,-0.6067245602607727,-0.36635881662368774,0.47273939847946167,-0.7933979630470276,0.19815778732299805,0.38280192017555237,-0.34742966294288635
1749033597.51892,0.6628742814064026,-2.0273434124388636,1.3973291555987757,2.1792239385792236,-1.65831166902651,2.355268716812134,-0.08632174879312515,0.06454742699861526,-0.06516127288341522,-0.1415897011756897,0.14764897525310516,-0.6088014245033264,-0.4078545868396759,0.5406494736671448,-0.8063446879386902,0.1873847246170044,0.381786048412323,-0.40141206979751587
1749033597.5189576,0.6627110838890076,-2.027234216729635,1.3971822897540491,2.178985520000122,-1.6580107847796839,2.3540236949920654,-0.0903024896979332,0.06732150167226791,-0.0657835602760315,-0.14399439096450806,0.14997442066669464,-0.6150400638580322,-0.3847576975822449,0.5143889784812927,-0.806115448474884,0.18785390257835388,0.3805965483188629,-0.4168791174888611
1749033597.518994,0.6625469923019409,-2.02709498027944,1.3970688025103968,2.1786698538013916,-1.6577227751361292,2.3527309894561768,-0.08810616284608841,0.0677577406167984,-0.06600510329008102,-0.14430011808872223,0.15315720438957214,-0.6214332580566406,-0.3676643371582031,0.4837709665298462,-0.7932109832763672,0.1956225037574768,0.38098862767219543,-0.3743940591812134
1749033597.519031,0.6623795628547668,-2.026966234246725,1.3969371954547327,2.178381844157837,-1.6573861281024378,2.351555347442627,-0.08868610113859177,0.06729196012020111,-0.0662418007850647,-0.14387668669223785,0.1548881083726883,-0.6245940327644348,-0.3917430639266968,0.4767902195453644,-0.7924296259880066,0.194339781999588,0.3742046356201172,-0.3846290111541748
1749033597.5196683,0.6622224450111389,-2.02681889156484,1.396782700215475,2.1781090933033447,-1.6571014563189905,2.350266695022583,-0.09011664986610413,0.06879366189241409,-0.06551762670278549,-0.14316895604133606,0.1565512865781784,-0.62814861536026,-0.3571867346763611,0.4797658920288086,-0.8039252161979675,0.16845263540744781,0.37435901165008545,-0.4128176271915436
1749033597.521681,0.662054181098938,-2.0267144642271937,1.3966458479510706,2.17783968030896,-1.6568058172809046,2.3489718437194824,-0.08874720335006714,0.06610585004091263,-0.0683910921216011,-0.1468317210674286,0.15371549129486084,-0.6312782764434814,-0.38916733860969543,0.48840266466140747,-0.7900196313858032,0.1708739697933197,0.3597126007080078,-0.3228568434715271
1749033597.563582,0.6618635058403015,-2.0265542469420375,1.396517578755514,2.1775194841572265,-1.656487766896383,2.347730875015259,-0.08877599984407425,0.06490252166986465,-0.07035357505083084,-0.14656241238117218,0.15304796397686005,-0.6321038007736206,-0.3889807462692261,0.487446665763855,-0.74395352602005,0.18429194390773773,0.38902097940444946,-0.3500162959098816
1749033597.5636299,0.6617231965065002,-2.0264607868590296,1.39638597169985,2.177243395442627,-1.6561411062823694,2.3464884757995605,-0.08851103484630585,0.06754303723573685,-0.06858863681554794,-0.14578421413898468,0.15735916793346405,-0.630143940448761,-0.37294837832450867,0.4717283546924591,-0.7689327001571655,0.18320707976818085,0.35014861822128296,-0.35841166973114014
1749033597.5636709,0.6615205407142639,-2.0262700519957484,1.3962233702289026,2.176966829890869,-1.6558273474322718,2.345212697982788,-0.08886363357305527,0.06727678328752518,-0.06856295466423035,-0.1512928605079651,0.1546200066804886,-0.6310588717460632,-0.3991451859474182,0.45936664938926697,-0.7928768992424011,0.2094263732433319,0.3719661831855774,-0.3545985817909241
1749033597.5637102,0.6613360047340393,-2.026149412194723,1.3960946241961878,2.1766666608997802,-1.6555340925799769,2.343970537185669,-0.09082642197608948,0.06536310911178589,-0.07058478891849518,-0.1455995738506317,0.15598711371421814,-0.6306058168411255,-0.3677648901939392,0.5084810256958008,-0.7481073141098022,0.1743488311767578,0.3524046242237091,-0.37849903106689453
1749033597.5637488,0.6611688137054443,-2.0260402164854945,1.3959391752826136,2.1763548093983154,-1.6551697889911097,2.3426778316497803,-0.09096868336200714,0.06717415899038315,-0.06780842691659927,-0.1468813717365265,0.15572229027748108,-0.6321383118629456,-0.3596954941749573,0.47876468300819397,-0.7729983925819397,0.18609650433063507,0.3285643458366394,-0.40057575702667236
1749033597.5637908,0.6610127687454224,-2.0258733234801234,1.3958104292498987,2.1760546404072265,-1.6548345724688929,2.341387987136841,-0.09105336666107178,0.06732805073261261,-0.06837993860244751,-0.14682018756866455,0.15526102483272552,-0.6349855661392212,-0.3905543088912964,0.4557395577430725,-0.782309353351593,0.16328054666519165,0.33252206444740295,-0.3572119176387787
1749033597.5638433,0.6607551574707031,-2.025753160516256,1.3957064787494105,2.175797625178955,-1.654555622731344,2.3401496410369873,-0.0911480188369751,0.06759597361087799,-0.06849739700555801,-0.147065207362175,0.1543218195438385,-0.6352488398551941,-0.37102267146110535,0.4776574969291687,-0.7771885991096497,0.16763970255851746,0.34345385432243347,-0.36730873584747314
1749033597.563946,0.6606138944625854,-2.0256487331786097,1.39555532137026,2.175497217769287,-1.6542485396014612,2.3388543128967285,-0.08978577703237534,0.06731004267930984,-0.06826125830411911,-0.15132394433021545,0.15288211405277252,-0.6382699608802795,-0.3825182318687439,0.46561893820762634,-0.7815227508544922,0.16851942241191864,0.3437769114971161,-0.3512069880962372
1749033597.5639882,0.6604185700416565,-2.0254889927306117,1.3954151312457483,2.1751877504536132,-1.6539490858661097,2.337584972381592,-0.0933685228228569,0.06724829971790314,-0.0681024119257927,-0.15033642947673798,0.15291039645671844,-0.6400243639945984,-0.3318016827106476,0.48141738772392273,-0.776498556137085,0.17085260152816772,0.3562210202217102,-0.3567218780517578
1749033597.5640264,0.6602739691734314,-2.025395532647604,1.395283047352926,2.174884005183838,-1.6536453405963343,2.3363497257232666,-0.09072129428386688,0.07096054404973984,-0.06696565449237823,-0.15009719133377075,0.15410451591014862,-0.6426410675048828,-0.3549157977104187,0.441974014043808,-0.7850689888000488,0.18183782696723938,0.3350244164466858,-0.3686979413032532
1749033597.5640638,0.6600401997566223,-2.0252167187132777,1.3951481024371546,2.1745800214954834,-1.6532776991473597,2.3350436687469482,-0.09477269649505615,0.06702833622694016,-0.06825117766857147,-0.15480291843414307,0.15256232023239136,-0.6447189450263977,-0.3284008502960205,0.49009254574775696,-0.7884294986724854,0.20072194933891296,0.32989758253097534,-0.29212599992752075
1749033597.5641067,0.6599134206771851,-2.0250774822630824,1.3950040976153772,2.174269838924072,-1.6530101935016077,2.333742141723633,-0.09025888890028,0.06724640727043152,-0.06806062906980515,-0.1521039754152298,0.15316997468471527,-0.6441410183906555,-0.358120858669281,0.473044216632843,-0.7774039506912231,0.20733408629894257,0.3577546775341034,-0.2939332127571106
1749033597.5641444,0.6596760749816895,-2.024961133996481,1.3948915640460413,2.1739846903034667,-1.652698818837301,2.3324906826019287,-0.09143847972154617,0.07135479897260666,-0.06731187552213669,-0.15216179192066193,0.15193043649196625,-0.6400980949401855,-0.32277894020080566,0.4286130666732788,-0.7826502919197083,0.1997201293706894,0.3326350152492523,-0.32854679226875305
1749033597.5641873,0.6595273613929749,-2.024804254571432,1.3947094122516077,2.173684521312378,-1.652353588734762,2.3312008380889893,-0.0903412476181984,0.06665437668561935,-0.06645150482654572,-0.15125884115695953,0.14849646389484406,-0.637992262840271,-0.35139310359954834,0.45650237798690796,-0.7874748110771179,0.19666482508182526,0.3620653748512268,-0.3242601752281189
1749033597.5642405,0.6593554615974426,-2.0246998272337855,1.394620720540182,2.1733931738087158,-1.6520651022540491,2.3299520015716553,-0.08962677419185638,0.06774008274078369,-0.06904596090316772,-0.15102215111255646,0.15184101462364197,-0.6381219625473022,-0.3599355220794678,0.48976510763168335,-0.7700858116149902,0.19958055019378662,0.36111509799957275,-0.41148146986961365
1749033597.5642998,0.6591719388961792,-2.0245443783202113,1.394480053578512,2.173076792354248,-1.6517460981952112,2.3286542892456055,-0.08917108178138733,0.06851325929164886,-0.06613312661647797,-0.15009358525276184,0.15154100954532623,-0.6439002156257629,-0.371896356344223,0.4648284614086151,-0.7971555590629578,0.17080499231815338,0.34860989451408386,-0.3299122154712677
1749033597.5643587,0.6589694023132324,-2.0244208774962367,1.3943136374102991,2.1728102403828125,-1.651428524647848,2.327343225479126,-0.09012176841497421,0.06842442601919174,-0.06553515046834946,-0.14936822652816772,0.15256762504577637,-0.642622172832489,-0.3964466154575348,0.4726353883743286,-0.8145111799240112,0.18786370754241943,0.3757237195968628,-0.3190082907676697
1749033597.56442,0.6587813496589661,-2.024275919000143,1.3942044417010706,2.172494812602661,-1.6511605421649378,2.326063632965088,-0.0908472016453743,0.0705481618642807,-0.06806322932243347,-0.15011551976203918,0.1538119912147522,-0.6418386101722717,-0.37344637513160706,0.45165812969207764,-0.7977664470672607,0.17506754398345947,0.3467123508453369,-0.34501031041145325
1749033597.5644844,0.6586444973945618,-2.0241557560362757,1.394038502370016,2.1722089487263183,-1.6507981459247034,2.3247766494750977,-0.09116031974554062,0.0686078816652298,-0.06648426502943039,-0.1501924693584442,0.15584851801395416,-0.6394321918487549,-0.35671213269233704,0.4590127468109131,-0.7946043610572815,0.17289073765277863,0.3418405055999756,-0.30149877071380615
1749033597.564542,0.6584582328796387,-2.0240117512144984,1.3939254919635218,2.1718780237385253,-1.6504796187030237,2.3235180377960205,-0.08969738334417343,0.06825700402259827,-0.06573712825775146,-0.149882972240448,0.15542283654212952,-0.6346810460090637,-0.35435715317726135,0.4382754862308502,-0.8187465071678162,0.17248278856277466,0.34371307492256165,-0.34454673528671265
1749033597.5647063,0.6584582328796387,-2.0240117512144984,1.3939254919635218,2.1718780237385253,-1.6504796187030237,2.3235180377960205,-0.08969738334417343,0.06825700402259827,-0.06573712825775146,-0.149882972240448,0.15542283654212952,-0.6346810460090637,-0.35435715317726135,0.4382754862308502,-0.8187465071678162,0.17248278856277466,0.34371307492256165,-0.34454673528671265
1749033597.5656593,0.6580974459648132,-2.0237471065916957,1.3936808745013636,2.1712681490131835,-1.649924103413717,2.3209383487701416,-0.09223019331693649,0.06708483397960663,-0.06613777577877045,-0.1493021696805954,0.1558101326227188,-0.639216959476471,-0.3585318326950073,0.4589756429195404,-0.8323774933815002,0.17078375816345215,0.329139769077301,-0.34075039625167847
1749033597.6062782,0.6578984260559082,-2.0235959492125453,1.393517796193258,2.170933886165283,-1.6495750586139124,2.31963849067688,-0.08963347226381302,0.06739860773086548,-0.06753391772508621,-0.15276391804218292,0.15281756222248077,-0.6360771059989929,-0.38250043988227844,0.4806068241596222,-0.8079991340637207,0.17550691962242126,0.3527697026729584,-0.3394991457462311
1749033597.606324,0.6577544212341309,-2.023468156854147,1.3933895269977015,2.1706833082386474,-1.6492450873004358,2.3183279037475586,-0.0906495600938797,0.06755425781011581,-0.06830742955207825,-0.15104584395885468,0.15651799738407135,-0.6340616345405579,-0.36806049942970276,0.4710448086261749,-0.8057776689529419,0.21097435057163239,0.3327914774417877,-0.3318799138069153
1749033597.606365,0.6575597524642944,-2.0233150921263636,1.3932421843158167,2.170344515437744,-1.6489022413836878,2.3169944286346436,-0.09105745702981949,0.06817997246980667,-0.0689886137843132,-0.1499761939048767,0.1522839218378067,-0.6332564949989319,-0.3924247920513153,0.4722668528556824,-0.8043155670166016,0.18848034739494324,0.33800220489501953,-0.3898623585700989
1749033597.606404,0.6575597524642944,-2.0233150921263636,1.3932421843158167,2.170344515437744,-1.6489022413836878,2.3169944286346436,-0.09105745702981949,0.06817997246980667,-0.0689886137843132,-0.1499761939048767,0.1522839218378067,-0.6332564949989319,-0.3924247920513153,0.4722668528556824,-0.8043155670166016,0.18848034739494324,0.33800220489501953,-0.3898623585700989
1749033597.6064425,0.6573870778083801,-2.023158689538473,1.3931177298175257,2.170090599651001,-1.648646656666891,2.3157947063446045,-0.09212327003479004,0.06899815797805786,-0.06926707178354263,-0.1524268388748169,0.15157492458820343,-0.6340085864067078,-0.35332638025283813,0.40696144104003906,-0.7798020243644714,0.2041999101638794,0.3441945016384125,-0.35044610500335693
1749033597.6064804,0.6569689512252808,-2.0229035816588343,1.3928073088275355,2.1694821554371337,-1.6480134169207972,2.3132519721984863,-0.0892721563577652,0.06544511020183563,-0.06951488554477692,-0.14638909697532654,0.15052203834056854,-0.63474440574646,-0.3700442612171173,0.45642369985580444,-0.7817407846450806,0.18210160732269287,0.3567807674407959,-0.30148905515670776
1749033597.6065183,0.6568276882171631,-2.022778650323385,1.3926604429828089,2.169193668956421,-1.6476553122149866,2.312030076980591,-0.0880168005824089,0.0669739618897438,-0.06918073445558548,-0.14591604471206665,0.152255117893219,-0.6294459104537964,-0.37749406695365906,0.4790542423725128,-0.7632102370262146,0.1726246476173401,0.3544461131095886,-0.3573518395423889
1749033597.6065555,0.6566603183746338,-2.022661348382467,1.3925631682025355,2.1689249712177734,-1.6473758856402796,2.3107426166534424,-0.08740290999412537,0.06552479416131973,-0.06832010298967361,-0.14593322575092316,0.1525418758392334,-0.6286274194717407,-0.38014668226242065,0.45969560742378235,-0.7875111699104309,0.15453298389911652,0.32615727186203003,-0.3241518437862396
1749033597.6065927,0.656461238861084,-2.0225101910033167,1.3924034277545374,2.1685899931141357,-1.647111717854635,2.3095152378082275,-0.08952663838863373,0.06523771584033966,-0.06829610466957092,-0.1448342204093933,0.15334296226501465,-0.6252977252006531,-0.3800547122955322,0.47962406277656555,-0.7888762950897217,0.15049386024475098,0.358693391084671,-0.367533802986145
1749033597.6066308,0.6562897562980652,-2.0223661861815394,1.392287556325094,2.16829697668042,-1.6467660109149378,2.308285713195801,-0.08677683770656586,0.06623592972755432,-0.0677635595202446,-0.14735694229602814,0.15542373061180115,-0.6277931332588196,-0.32615312933921814,0.45358914136886597,-0.7442540526390076,0.17522472143173218,0.2998557388782501,-0.2914979159832001
1749033597.6066682,0.6561099886894226,-2.022215028802389,1.392139736806051,2.168015404338501,-1.646440331135885,2.307018995285034,-0.0850539281964302,0.06670504063367844,-0.0656208023428917,-0.1433383971452713,0.15175051987171173,-0.6251792311668396,-0.42895567417144775,0.4731757640838623,-0.8024633526802063,0.17339199781417847,0.3489896059036255,-0.34186166524887085
1749033597.606705,0.6559732556343079,-2.0221058330931605,1.3920233885394495,2.1677109438129882,-1.646191422139303,2.3058342933654785,-0.08874550461769104,0.06512366235256195,-0.06464459747076035,-0.14542101323604584,0.14977669715881348,-0.6251985430717468,-0.37118780612945557,0.5288558006286621,-0.8233672380447388,0.12309029698371887,0.3520508408546448,-0.4033263623714447
1749033597.6067417,0.6557236313819885,-2.0219346485533656,1.391918961201803,2.1674222189136962,-1.6458647886859339,2.304518699645996,-0.08844651281833649,0.06883487850427628,-0.06849750876426697,-0.15081363916397095,0.15347546339035034,-0.6288124322891235,-0.4190627336502075,0.4626970887184143,-0.7740678191184998,0.15655116736888885,0.3501215875148773,-0.3770763874053955
1749033597.6067786,0.6555712223052979,-2.0218688450255335,1.3917840162860315,2.167113943690918,-1.6455510298358362,2.3032596111297607,-0.08965355157852173,0.06901828199625015,-0.06539658457040787,-0.14856453239917755,0.1527128666639328,-0.6313502788543701,-0.3699907958507538,0.4238366186618805,-0.8093827366828918,0.17980661988258362,0.30541855096817017,-0.3693304657936096
1749033597.606816,0.6554105877876282,-2.021717687646383,1.3916519323932093,2.166829748744629,-1.6452162901507776,2.3020172119140625,-0.08919786661863327,0.06713756918907166,-0.06569866836071014,-0.14918603003025055,0.15137191116809845,-0.632394015789032,-0.379885733127594,0.4927137494087219,-0.8093187808990479,0.1724989116191864,0.3425286114215851,-0.37962615489959717
1749033597.606853,0.6552199125289917,-2.021593233148092,1.3915084044085901,2.1665257650562744,-1.6449568907367151,2.300767660140991,-0.08956259489059448,0.06760137528181076,-0.06669063121080399,-0.14614683389663696,0.15703269839286804,-0.6372662782669067,-0.38337352871894836,0.4770137369632721,-0.7930383682250977,0.17464345693588257,0.31133100390434265,-0.33219653367996216
1749033597.6068904,0.6550666093826294,-2.0214368305602015,1.3913691679583948,2.166256828899048,-1.6446803251849573,2.2994682788848877,-0.09031514823436737,0.06892784684896469,-0.06747075170278549,-0.14494441449642181,0.15413476526737213,-0.6389078497886658,-0.3942493498325348,0.44405731558799744,-0.7899863719940186,0.16554731130599976,0.31757819652557373,-0.3160281777381897
1749033597.6069272,0.6548840999603271,-2.0213009319701136,1.3912513891803187,2.1659838396259765,-1.6443432013141077,2.2982301712036133,-0.08935864269733429,0.06676127016544342,-0.06774011999368668,-0.14357024431228638,0.15491832792758942,-0.6355887651443481,-0.35271507501602173,0.4366804361343384,-0.7881003618240356,0.1616441309452057,0.3293008804321289,-0.3215786814689636
1749033597.6069639,0.6547173261642456,-2.021173139611715,1.3910577932940882,2.165651722545288,-1.6440132300006312,2.296970844268799,-0.08821633458137512,0.06830392777919769,-0.06884125620126724,-0.1453755646944046,0.15540415048599243,-0.6321825981140137,-0.36482053995132446,0.406075656414032,-0.7543438673019409,0.15504011511802673,0.34018200635910034,-0.28841400146484375
1749033597.607001,0.6545360684394836,-2.021021982232565,1.3909571806537073,2.1654066282459716,-1.6437338034259241,2.2957067489624023,-0.08633903414011002,0.06486153602600098,-0.06878986209630966,-0.14743393659591675,0.1543736606836319,-0.6291617155075073,-0.42524123191833496,0.5101605653762817,-0.7788711190223694,0.17014294862747192,0.3206709325313568,-0.38536879420280457
1749033597.607675,0.6543371081352234,-2.020897527734274,1.3907788435565394,2.1650873857685546,-1.643414322529928,2.2944350242614746,-0.0902014821767807,0.0653843805193901,-0.06843335926532745,-0.14866586029529572,0.15439897775650024,-0.631386935710907,-0.3558003008365631,0.4955534338951111,-0.7652627229690552,0.1474573165178299,0.3377022445201874,-0.38473081588745117
1749033597.609624,0.6541963219642639,-2.0207416019835414,1.390665356312887,2.164783163661621,-1.643088165913717,2.2931501865386963,-0.08675581216812134,0.06900407373905182,-0.06728809326887131,-0.14958904683589935,0.15636810660362244,-0.633332371711731,-0.3924379050731659,0.4319511651992798,-0.7636057138442993,0.17168867588043213,0.30009913444519043,-0.31887656450271606
1749033597.6503131,0.6540055274963379,-2.0206405125060023,1.3905099073993128,2.164493961925171,-1.6427877585040491,2.2919039726257324,-0.09024019539356232,0.06458839774131775,-0.06900990009307861,-0.14737218618392944,0.15359261631965637,-0.6312354207038879,-0.3877337574958801,0.44763562083244324,-0.7705549001693726,0.1624957025051117,0.3300800919532776,-0.3499145209789276
1749033597.650365,0.6538611054420471,-2.020515581170553,1.390393082295553,2.1642209726520996,-1.6424749533282679,2.2906365394592285,-0.08650229126214981,0.06520591676235199,-0.0666615441441536,-0.14969421923160553,0.15425215661525726,-0.630555272102356,-0.3899235725402832,0.4955075979232788,-0.7696493864059448,0.1310327649116516,0.33165299892425537,-0.3362787067890167
1749033597.6504066,0.6536630392074585,-2.020372530023092,1.3902581373797815,2.163893385524414,-1.6421812216388147,2.289390802383423,-0.08933377265930176,0.06670389324426651,-0.06578968465328217,-0.14852820336818695,0.15392537415027618,-0.6298034191131592,-0.405924528837204,0.47334781289100647,-0.7839673757553101,0.1551610678434372,0.31112217903137207,-0.360029935836792
1749033597.6504452,0.653501570224762,-2.020231863061422,1.3901260534869593,2.1636053758808593,-1.6418622175799769,2.288098096847534,-0.0901971161365509,0.0664946660399437,-0.06840657442808151,-0.1482601910829544,0.15306319296360016,-0.6303973197937012,-0.37971803545951843,0.4375061094760895,-0.7793319821357727,0.1394428014755249,0.3277013897895813,-0.36377453804016113
1749033597.650483,0.6532713770866394,-2.0200964413084925,1.3899863401996058,2.1632770734974365,-1.6415937582599085,2.2868008613586426,-0.088355652987957,0.06603152304887772,-0.06737836450338364,-0.15060542523860931,0.15191273391246796,-0.6296122074127197,-0.37454909086227417,0.452877402305603,-0.7566747069358826,0.16794796288013458,0.3407045900821686,-0.32717031240463257
1749033597.6505208,0.6531310081481934,-2.019972940484518,1.3898542563067835,2.1630076605030517,-1.6412385145770472,2.2855539321899414,-0.0894487202167511,0.06522708386182785,-0.0672086551785469,-0.1483110934495926,0.1514403074979782,-0.6290696859359741,-0.4224553406238556,0.5001522302627563,-0.7753208875656128,0.1663527488708496,0.3640041947364807,-0.34714311361312866
1749033597.6505582,0.6529051065444946,-2.0198480091490687,1.3897035757647913,2.162726564998291,-1.6410053412066858,2.284284830093384,-0.09032568335533142,0.06674973666667938,-0.06785066425800323,-0.14723069965839386,0.1515827476978302,-0.6284868121147156,-0.3810897171497345,0.4774393141269684,-0.7575342655181885,0.14644855260849,0.3633790612220764,-0.37020057439804077
1749033597.6505957,0.6527911424636841,-2.01969637493276,1.389559570943014,2.1624466615864257,-1.6406634489642542,2.2830698490142822,-0.09045156836509705,0.06770461052656174,-0.06752238422632217,-0.14733272790908813,0.15380451083183289,-0.6293728947639465,-0.3724256753921509,0.46609875559806824,-0.7465051412582397,0.13700665533542633,0.3466397225856781,-0.32115399837493896
1749033597.6506324,0.6525958180427551,-2.0195328197874964,1.3894122282611292,2.162141962642334,-1.6404040495501917,2.281787872314453,-0.089922234416008,0.06624994426965714,-0.06721468269824982,-0.14894504845142365,0.15465295314788818,-0.628512442111969,-0.37025871872901917,0.4700641632080078,-0.7556691765785217,0.14166752994060516,0.3595421016216278,-0.38290348649024963
1749033597.650669,0.65240877866745,-2.0193964443602503,1.3892906347857874,2.1618730264851074,-1.640073601399557,2.280569076538086,-0.08858708292245865,0.06627538800239563,-0.0670362263917923,-0.14911970496177673,0.1552821844816208,-0.6293221712112427,-0.3822009265422821,0.4609755277633667,-0.7537127733230591,0.14553579688072205,0.3694967031478882,-0.3657301366329193
1749033597.6507068,0.6522672772407532,-2.0192882023253382,1.3891742865191858,2.161569042796753,-1.6397822538958948,2.2792654037475586,-0.09217968583106995,0.06716301292181015,-0.06612735986709595,-0.15043126046657562,0.1564866155385971,-0.6315567493438721,-0.36360248923301697,0.44090399146080017,-0.7518983483314514,0.16095200181007385,0.35314425826072693,-0.3049563765525818
1749033597.6507437,0.6520652174949646,-2.0191475353636683,1.3890116850482386,2.16124074041333,-1.6394441763507288,2.2780497074127197,-0.08741943538188934,0.06689216196537018,-0.06586909294128418,-0.1526172161102295,0.15762820839881897,-0.6289453506469727,-0.39537107944488525,0.4541603624820709,-0.7739229202270508,0.17804400622844696,0.3491748571395874,-0.328988254070282
1749033597.650781,0.6518616676330566,-2.019014974633688,1.3888915220843714,2.1609174448200683,-1.639129940663473,2.2767841815948486,-0.0891440287232399,0.06685540080070496,-0.06552155315876007,-0.14902886748313904,0.1561853140592575,-0.6304121017456055,-0.39466768503189087,0.4786563515663147,-0.7676195502281189,0.1462070792913437,0.3568004369735718,-0.3473053574562073
1749033597.650822,0.6517093777656555,-2.0188638172545375,1.3887599150287073,2.160628243083618,-1.638818089162008,2.2755088806152344,-0.08683706820011139,0.06727488338947296,-0.06517278403043747,-0.15069806575775146,0.15842407941818237,-0.6305748820304871,-0.3395150899887085,0.45207956433296204,-0.7705579996109009,0.15689843893051147,0.3396667540073395,-0.3080298900604248
1749033597.6508598,0.6515378952026367,-2.01876225093984,1.388655964528219,2.1603032785603027,-1.6385076681720179,2.2742881774902344,-0.08786359429359436,0.0662403404712677,-0.06526526063680649,-0.1527586132287979,0.15332593023777008,-0.6316447257995605,-0.4147493243217468,0.40740835666656494,-0.7787471413612366,0.22291895747184753,0.33618855476379395,-0.3372485637664795
1749033597.6508996,0.6513617634773254,-2.018630167047018,1.3885186354266565,2.159967823619507,-1.6382086912738245,2.272963762283325,-0.08906445652246475,0.06821875274181366,-0.06508294492959976,-0.14982321858406067,0.1502375602722168,-0.6308779716491699,-0.38750720024108887,0.3972729444503784,-0.7841134667396545,0.19577066600322723,0.37798142433166504,-0.2948346734046936
1749033597.6509368,0.6511980295181274,-2.018506189385885,1.388383690510885,2.15969364225354,-1.6378944555865687,2.2716996669769287,-0.08906238526105881,0.0645042434334755,-0.06476539373397827,-0.148439422249794,0.15385690331459045,-0.630214512348175,-0.3809588551521301,0.46466153860092163,-0.7907136678695679,0.20622344315052032,0.36490434408187866,-0.2955477237701416
1749033597.6509736,0.6510146260261536,-2.0183550320067347,1.3882258574115198,2.1593779760548095,-1.6376178900348108,2.270493507385254,-0.08934065699577332,0.06569714099168777,-0.06382757425308228,-0.14669585227966309,0.1514878123998642,-0.6257516741752625,-0.39329707622528076,0.4527486562728882,-0.8080376982688904,0.22446420788764954,0.36943089962005615,-0.3247370719909668
1749033597.6510098,0.6507963538169861,-2.01820768932485,1.38810903230776,2.1591173845478515,-1.6373265425311487,2.2692086696624756,-0.08928223699331284,0.06916140764951706,-0.06688180565834045,-0.1447027325630188,0.15398988127708435,-0.6243525743484497,-0.3739723563194275,0.41952747106552124,-0.7745790481567383,0.2040136158466339,0.35684412717819214,-0.29963770508766174
1749033597.6510465,0.6506084203720093,-2.0180913410582484,1.387965504323141,2.158804340953491,-1.6370204130755823,2.267981767654419,-0.08886372298002243,0.06616704910993576,-0.06401730328798294,-0.14426006376743317,0.15583932399749756,-0.6227636337280273,-0.36783644556999207,0.4201691746711731,-0.7917286157608032,0.21181653439998627,0.3463706374168396,-0.3428618013858795
1749033597.6516476,0.6504478454589844,-2.017965932885641,1.387836758290426,2.1585473257252197,-1.6366594473468226,2.2666866779327393,-0.08714213222265244,0.06629510223865509,-0.06401676684617996,-0.1436837762594223,0.15614458918571472,-0.6261141300201416,-0.4079439640045166,0.45225948095321655,-0.797393262386322,0.19721636176109314,0.3846583962440491,-0.3559226989746094
1749033597.6536438,0.6502685546875,-2.017830034295553,1.3876894156085413,2.1582700449177246,-1.6363871733294886,2.265453815460205,-0.08975999057292938,0.06683549284934998,-0.06706982105970383,-0.14318445324897766,0.16070930659770966,-0.628283679485321,-0.35047996044158936,0.4447662830352783,-0.7775311470031738,0.1874927282333374,0.3367462754249573,-0.28695982694625854
1749033597.6983128,0.6501250267028809,-2.0176788769164027,1.3875730673419397,2.1579317289539794,-1.6360448042498987,2.2642109394073486,-0.08727920800447464,0.06641411781311035,-0.06597629189491272,-0.1429150104522705,0.15615569055080414,-0.6251793503761292,-0.4245617389678955,0.47456055879592896,-0.7592145800590515,0.17294718325138092,0.34384578466415405,-0.33808135986328125
1749033597.698359,0.6499490141868591,-2.0175539455809535,1.3874262014972132,2.157646818751953,-1.6357534567462366,2.2629058361053467,-0.09172040224075317,0.06629376113414764,-0.06499792635440826,-0.14244167506694794,0.15593628585338593,-0.62454754114151,-0.3630632758140564,0.4527219235897064,-0.7921483516693115,0.16674666106700897,0.34456735849380493,-0.31205469369888306
1749033597.6984003,0.6497774124145508,-2.0174228153624476,1.3873007933246058,2.157355232829712,-1.6353805700885218,2.2616753578186035,-0.08828895539045334,0.06601770967245102,-0.06429333239793777,-0.1451757401227951,0.159024178981781,-0.6210492253303528,-0.4003108739852905,0.46324488520622253,-0.7992677092552185,0.18273282051086426,0.3236100971698761,-0.3244587182998657
1749033597.6984391,0.6495267152786255,-2.017329832116598,1.3871691862689417,2.157038612956665,-1.6350849310504358,2.2604682445526123,-0.08695005625486374,0.06557822227478027,-0.06483838707208633,-0.14666177332401276,0.15364119410514832,-0.6202871203422546,-0.3923701345920563,0.4386172294616699,-0.7852015495300293,0.19407878816127777,0.34253743290901184,-0.382013738155365
1749033597.698479,0.6493821144104004,-2.0171624622740687,1.3870270887957972,2.156765862102173,-1.6348174254046839,2.2591843605041504,-0.08869613707065582,0.06587573140859604,-0.06484819948673248,-0.14584821462631226,0.1525484174489975,-0.623162567615509,-0.3969547152519226,0.4592554271221161,-0.7924399971961975,0.18409326672554016,0.34103885293006897,-0.32235878705978394
1749033597.6985161,0.6491793990135193,-2.01705326656484,1.386902157460348,2.1564735609241943,-1.6345599333392542,2.2579116821289062,-0.08820007741451263,0.06622433662414551,-0.06480248272418976,-0.14821353554725647,0.15194450318813324,-0.6242724657058716,-0.3622143566608429,0.4765838086605072,-0.7823864817619324,0.21102173626422882,0.3494638204574585,-0.3247518241405487
1749033597.6985536,0.6489996314048767,-2.0169245205321253,1.3867705504046839,2.15619604169812,-1.6342347303973597,2.2567007541656494,-0.08748665452003479,0.0669030174612999,-0.06399925798177719,-0.14549478888511658,0.15034282207489014,-0.6215575337409973,-0.402058869600296,0.45046910643577576,-0.8211769461631775,0.23599115014076233,0.3890478312969208,-0.3527994751930237
1749033597.6985958,0.6488515734672546,-2.0167695484557093,1.3866351286517542,2.1559039789387207,-1.6338933149920862,2.255402088165283,-0.08753987401723862,0.06441308557987213,-0.06414151191711426,-0.14299511909484863,0.14997941255569458,-0.6211234331130981,-0.41678255796432495,0.5061683058738708,-0.8112977147102356,0.19917678833007812,0.37540513277053833,-0.3393569588661194
1749033597.6986341,0.648749589920044,-2.0166379414000453,1.386529270802633,2.155588074321411,-1.6335910002337855,2.254110813140869,-0.0881359726190567,0.06572018563747406,-0.0641462430357933,-0.14283184707164764,0.15101122856140137,-0.6192699670791626,-0.406546026468277,0.4989859163761139,-0.8211796283721924,0.17100611329078674,0.38566112518310547,-0.37400126457214355
1749033597.698672,0.6485009789466858,-2.01653589824819,1.386409107838766,2.155334158534668,-1.6333144346820276,2.2528998851776123,-0.08835696429014206,0.06821742653846741,-0.06697899103164673,-0.14420831203460693,0.15220744907855988,-0.6253070831298828,-0.4049789607524872,0.41691073775291443,-0.812401294708252,0.19846761226654053,0.38833069801330566,-0.35898107290267944
1749033597.6987092,0.6483556628227234,-2.016388555566305,1.3862617651568812,2.1550301748463134,-1.6330159346209925,2.2516112327575684,-0.08810599148273468,0.06447359919548035,-0.06565682590007782,-0.14520667493343353,0.15516415238380432,-0.628014326095581,-0.40248215198516846,0.45688220858573914,-0.797092080116272,0.19989953935146332,0.37299367785453796,-0.30473247170448303
1749033597.6987464,0.6481376886367798,-2.0162607632079066,1.386130158101217,2.1547137933918457,-1.632735554371969,2.2504360675811768,-0.08681976050138474,0.06640664488077164,-0.06471910327672958,-0.1459221988916397,0.15715453028678894,-0.6233410835266113,-0.4164469242095947,0.4526236355304718,-0.814369797706604,0.20745599269866943,0.3795739412307739,-0.3351563811302185
1749033597.698783,0.6481376886367798,-2.0162607632079066,1.386130158101217,2.1547137933918457,-1.632735554371969,2.2504360675811768,-0.08681976050138474,0.06640664488077164,-0.06471910327672958,-0.1459221988916397,0.15715453028678894,-0.6233410835266113,-0.4164469242095947,0.4526236355304718,-0.814369797706604,0.20745599269866943,0.3795739412307739,-0.3351563811302185
1749033597.6988199,0.6479926109313965,-2.016121049920553,1.3859823385821741,2.154421492213867,-1.6323860327350062,2.249117612838745,-0.08843030780553818,0.06683485954999924,-0.0661887526512146,-0.1454450637102127,0.15676766633987427,-0.6209715008735657,-0.3703119158744812,0.43823757767677307,-0.8104097247123718,0.18942056596279144,0.3374432623386383,-0.3349090814590454
1749033597.6988564,0.6476611495018005,-2.015853067437643,1.385719124470846,2.1538242536732177,-1.6317709128009241,2.2467551231384277,-0.0902058407664299,0.06638476252555847,-0.0650957003235817,-0.14425364136695862,0.1541965901851654,-0.6218380928039551,-0.3957142233848572,0.44546031951904297,-0.8058664202690125,0.18811464309692383,0.3584102988243103,-0.3900867998600006
1749033597.6988928,0.6474968791007996,-2.0157906017699183,1.3855755964862269,2.153535767192505,-1.6315134207354944,2.245481252670288,-0.08751273155212402,0.06717278808355331,-0.06635770946741104,-0.14476317167282104,0.15084801614284515,-0.6275107264518738,-0.3810948431491852,0.4653175473213196,-0.7890911102294922,0.18904605507850647,0.412620484828949,-0.35367342829704285
1749033597.6989295,0.647289514541626,-2.0156270466246546,1.3854473272906702,2.1532198625751953,-1.631225887929098,2.2441983222961426,-0.08827117830514908,0.06720024347305298,-0.06684429198503494,-0.14806756377220154,0.1545761078596115,-0.6290768384933472,-0.3811493515968323,0.44936391711235046,-0.7836931347846985,0.2217664122581482,0.39790692925453186,-0.3274502158164978
1749033597.6989663,0.647118091583252,-2.0154487095274867,1.3853114287005823,2.1529196935841064,-1.6308711210833948,2.243007183074951,-0.08906397223472595,0.06791071593761444,-0.06630795449018478,-0.1438172459602356,0.15321871638298035,-0.6292939186096191,-0.400401771068573,0.4476199448108673,-0.7884891033172607,0.21778976917266846,0.4022753834724426,-0.38616928458213806
1749033597.6990037,0.6469346880912781,-2.015297075311178,1.3851760069476526,2.152646227473877,-1.6305916945086878,2.2417125701904297,-0.08844269812107086,0.06784211844205856,-0.06635844707489014,-0.14283357560634613,0.15553531050682068,-0.6317479014396667,-0.3340809941291809,0.40001222491264343,-0.776199460029602,0.2156940996646881,0.38384270668029785,-0.25149643421173096
1749033597.69904,0.6467472314834595,-2.0152188740172328,1.385017220173971,2.1523610788532714,-1.6302960554706019,2.240502119064331,-0.08620405942201614,0.06450245529413223,-0.06624758988618851,-0.14271079003810883,0.1560269594192505,-0.6237242817878723,-0.3583553731441498,0.4260525405406952,-0.7860157489776611,0.2523585259914398,0.36367011070251465,-0.29814642667770386
1749033597.699077,0.6465829014778137,-2.0150486431517542,1.3849156538592737,2.152085228557251,-1.6299966017352503,2.2392172813415527,-0.08467371016740799,0.06393745541572571,-0.0669044777750969,-0.14140865206718445,0.15614531934261322,-0.6195559501647949,-0.3744380474090576,0.42922770977020264,-0.760142982006073,0.217984139919281,0.3670355975627899,-0.30863386392593384
1749033597.6991131,0.6463994979858398,-2.01493563274526,1.3847654501544397,2.1518048483082275,-1.6296427885638636,2.238008737564087,-0.08312218636274338,0.06362363696098328,-0.06674235314130783,-0.14096762239933014,0.15557149052619934,-0.619175136089325,-0.41916030645370483,0.4564051330089569,-0.7650048732757568,0.23443594574928284,0.36830615997314453,-0.2639276087284088
1749033597.6996393,0.646259605884552,-2.014830251733297,1.38464862505068,2.151528521175049,-1.629340950642721,2.2367947101593018,-0.08648579567670822,0.06391126662492752,-0.06622259318828583,-0.1395416408777237,0.1582862138748169,-0.6125900149345398,-0.382931113243103,0.4381934404373169,-0.7712317109107971,0.21691375970840454,0.31163346767425537,-0.28664207458496094
1749033597.7016199,0.6460555791854858,-2.014702936212057,1.384517017995016,2.151245041484497,-1.6290724913226526,2.2356014251708984,-0.08273453265428543,0.06307195127010345,-0.06582483649253845,-0.13993871212005615,0.15345360338687897,-0.6087395548820496,-0.43047845363616943,0.4485975503921509,-0.7581597566604614,0.21858328580856323,0.3541063964366913,-0.3193119764328003
1749033597.7422762,0.6459001898765564,-2.0145160160460414,1.384392563496725,2.1509758669086914,-1.6287296454059046,2.2343668937683105,-0.08521725982427597,0.0669800415635109,-0.06574836373329163,-0.1393117755651474,0.15280483663082123,-0.6074520349502563,-0.4176311492919922,0.4290449619293213,-0.745394766330719,0.19477412104606628,0.3419490456581116,-0.32493776082992554
1749033597.7423232,0.645689845085144,-2.01439966777944,1.3842533270465296,2.1507186132618408,-1.628430191670553,2.233177423477173,-0.08554313331842422,0.06470198929309845,-0.06474985182285309,-0.13688057661056519,0.1529972404241562,-0.6052893996238708,-0.38766101002693176,0.4611571431159973,-0.7469769716262817,0.18800200521945953,0.32728350162506104,-0.4003160297870636
1749033597.7424808,0.6455422639846802,-2.014294286767477,1.3841212431537073,2.1503917413898925,-1.628104035054342,2.231952667236328,-0.08511458337306976,0.06497544795274734,-0.06394880264997482,-0.14272549748420715,0.151333287358284,-0.6083492636680603,-0.3898063600063324,0.4236370623111725,-0.7592411041259766,0.20573632419109344,0.34117743372917175,-0.3545882999897003
1749033597.742524,0.6453779935836792,-2.014144083062643,1.3839743773089808,2.150174065227173,-1.6278427282916468,2.23069429397583,-0.08546815812587738,0.06640272587537766,-0.0631176233291626,-0.1413808912038803,0.15047705173492432,-0.6074953675270081,-0.39427751302719116,0.4326581656932831,-0.7670857310295105,0.20998869836330414,0.32830357551574707,-0.30087852478027344
1749033597.7425635,0.6451791524887085,-2.0140186748900355,1.3838699499713343,2.149833841914795,-1.6275833288775843,2.229553461074829,-0.08598305284976959,0.06462899595499039,-0.06534793227910995,-0.14222237467765808,0.1482439935207367,-0.6071739792823792,-0.3987395763397217,0.41585254669189453,-0.7554786205291748,0.20474466681480408,0.36014315485954285,-0.344716876745224
1749033597.7426023,0.6450065970420837,-2.0138708553709925,1.3837226072894495,2.1495417791553955,-1.6272595564471644,2.2283382415771484,-0.08541101217269897,0.0639428123831749,-0.0629432424902916,-0.1472468376159668,0.14843600988388062,-0.6077908277511597,-0.3812205195426941,0.466341108083725,-0.7472155690193176,0.25732171535491943,0.3550507724285126,-0.3181949853897095
1749033597.74264,0.6448463797569275,-2.013762136498922,1.383625332509176,2.1492604452320556,-1.6269529501544397,2.227093458175659,-0.08548397570848465,0.06557520478963852,-0.061789289116859436,-0.14416077733039856,0.14886684715747833,-0.606487512588501,-0.38090944290161133,0.4057636260986328,-0.7875106334686279,0.25132179260253906,0.35728737711906433,-0.33030587434768677
1749033597.7426782,0.6446677446365356,-2.013615747491354,1.383505646382467,2.148897333736084,-1.6266925970660608,2.22589373588562,-0.08495962619781494,0.065163753926754,-0.06339330226182938,-0.14237481355667114,0.14964279532432556,-0.6065418124198914,-0.41093847155570984,0.4350384771823883,-0.7851316928863525,0.2634751498699188,0.36960774660110474,-0.3891449570655823
1749033597.7427154,0.6445116996765137,-2.013522287408346,1.3833544890033167,2.1486520010181884,-1.62640887895693,2.2246289253234863,-0.08570526540279388,0.06532841175794601,-0.0636376142501831,-0.14241276681423187,0.15090912580490112,-0.6073404550552368,-0.42176803946495056,0.4326034486293793,-0.7687157392501831,0.24417006969451904,0.3662641644477844,-0.3349425792694092
1749033597.7427526,0.6443827152252197,-2.0133825741209925,1.3832343260394495,2.148371382350586,-1.626070801411764,2.2234416007995605,-0.08629964292049408,0.06570326536893845,-0.061188310384750366,-0.14293643832206726,0.1521940380334854,-0.6073411703109741,-0.37583136558532715,0.42745575308799744,-0.8021972179412842,0.25644490122795105,0.36522752046585083,-0.3233324885368347
1749033597.7427893,0.644223153591156,-2.013297220269674,1.3830907980548304,2.148082657451294,-1.6257942358600062,2.22222638130188,-0.08593965321779251,0.06494785845279694,-0.0630861446261406,-0.14155806601047516,0.1519557684659958,-0.6069550514221191,-0.4115654230117798,0.4192350506782532,-0.786677896976471,0.26542216539382935,0.33677637577056885,-0.3429262042045593
1749033597.7428262,0.6439311504364014,-2.0131613216795863,1.3830021063434046,2.1478144365498046,-1.6255062262164515,2.2210257053375244,-0.08458317071199417,0.06509498506784439,-0.06356224417686462,-0.14083930850028992,0.15135890245437622,-0.6056292057037354,-0.4093584418296814,0.4369635283946991,-0.7727231383323669,0.24182561039924622,0.35553139448165894,-0.3273109793663025
1749033597.7428627,0.643848717212677,-2.0130068264403285,1.3828442732440394,2.147549791927002,-1.6251867453204554,2.219780206680298,-0.08687880635261536,0.06536944210529327,-0.06423227488994598,-0.1374882012605667,0.1510043889284134,-0.6065014600753784,-0.40376973152160645,0.43689846992492676,-0.78518146276474,0.2510567009449005,0.34870395064353943,-0.379768431186676
1749033597.7430322,0.6436461210250854,-2.012916704217428,1.382707420979635,2.147265596980713,-1.6249025503741663,2.2185657024383545,-0.08471594750881195,0.0661742240190506,-0.06508614867925644,-0.13924187421798706,0.1484106332063675,-0.6075055599212646,-0.42072662711143494,0.45431408286094666,-0.7550522089004517,0.22135710716247559,0.3637430667877197,-0.39074045419692993
1749033597.7430723,0.6434698700904846,-2.0127464733519496,1.3826025168048304,2.1470159727283935,-1.6245716253863733,2.217329740524292,-0.08589162677526474,0.0685112252831459,-0.06562606245279312,-0.1395888328552246,0.1504739671945572,-0.6112928986549377,-0.4722141921520233,0.41852355003356934,-0.7637643814086914,0.21654538810253143,0.3878469467163086,-0.4104527235031128
1749033597.7431107,0.643305778503418,-2.012641569177145,1.382458511983053,2.146712227458618,-1.6242530981646937,2.21610951423645,-0.08937351405620575,0.06653278321027756,-0.06627390533685684,-0.13818907737731934,0.15011386573314667,-0.6189504861831665,-0.3866598308086395,0.47695472836494446,-0.7521920800209045,0.17433398962020874,0.3824601173400879,-0.4197639524936676
1749033597.743148,0.6431265473365784,-2.012517114678854,1.382334057484762,2.1464552122303466,-1.623901669179098,2.2149064540863037,-0.08858752250671387,0.06823094934225082,-0.06674965471029282,-0.14336736500263214,0.15106505155563354,-0.6253229379653931,-0.41465187072753906,0.47469887137413025,-0.7610340118408203,0.21059367060661316,0.3772051930427551,-0.4204999804496765
1749033597.743185,0.6429621577262878,-2.0123497448363246,1.382214371358053,2.146178646678589,-1.6236336866961878,2.2135963439941406,-0.08982487767934799,0.07104138284921646,-0.0679967924952507,-0.14340740442276,0.15343397855758667,-0.6332576274871826,-0.4144971966743469,0.3966999650001526,-0.7306565046310425,0.20401640236377716,0.38072681427001953,-0.3643803298473358
1749033597.743222,0.6427394151687622,-2.012209554711813,1.3820541540728968,2.145894928569458,-1.6233223120318812,2.212360143661499,-0.09024269133806229,0.06658152490854263,-0.06490135937929153,-0.14189334213733673,0.15620625019073486,-0.636172890663147,-0.36603492498397827,0.4645761251449585,-0.7601707577705383,0.18994446098804474,0.3610035479068756,-0.378323495388031
1749033597.743259,0.6426061987876892,-2.0120774708189906,1.3818886915790003,2.1455747324177246,-1.6229365507708948,2.211066722869873,-0.08930231630802155,0.06724459677934647,-0.06665295362472534,-0.1451033651828766,0.1561805009841919,-0.6414270401000977,-0.3850293457508087,0.4526968002319336,-0.7594302892684937,0.18015111982822418,0.37480464577674866,-0.35371124744415283
1749033597.7437115,0.6424336433410645,-2.0119105778136195,1.3817570845233362,2.1452945905872802,-1.6226404348956507,2.209752321243286,-0.09012225270271301,0.06689300388097763,-0.07007642090320587,-0.14551322162151337,0.1564609557390213,-0.6426373720169067,-0.37924471497535706,0.4482746720314026,-0.7314919233322144,0.17999319732189178,0.3555380702018738,-0.3315296173095703
1749033597.7456844,0.6422353982925415,-2.0118051968016566,1.3816283384906214,2.1449858385273437,-1.622336212788717,2.208448648452759,-0.08983711898326874,0.06681451946496964,-0.06714005023241043,-0.14901131391525269,0.16020023822784424,-0.6415828466415405,-0.3949040174484253,0.45483097434043884,-0.7525613307952881,0.18570969998836517,0.2968203127384186,-0.32109135389328003
1749033597.790304,0.6420124173164368,-2.0116573772826136,1.3815277258502405,2.144698067302368,-1.6220281759845179,2.2072079181671143,-0.09050078690052032,0.06664206087589264,-0.06789937615394592,-0.1506810486316681,0.1565527617931366,-0.6401288509368896,-0.3889113664627075,0.47963613271713257,-0.7500201463699341,0.192094087600708,0.32670626044273376,-0.34536248445510864
1749033597.7903502,0.6418445706367493,-2.0115062199034632,1.3813617865191858,2.1443778711506347,-1.6216896216021937,2.20589542388916,-0.08885375410318375,0.06720215082168579,-0.0679602101445198,-0.15306545794010162,0.1573215276002884,-0.6407530903816223,-0.401030957698822,0.43659645318984985,-0.756866991519928,0.22194699943065643,0.31270211935043335,-0.35522234439849854
1749033597.7903924,0.6416575908660889,-2.0113707981505335,1.381233040486471,2.1441001135059814,-1.6213081518756312,2.2046639919281006,-0.09223039448261261,0.06739068776369095,-0.06767649948596954,-0.15275175869464874,0.1556279957294464,-0.6451361775398254,-0.367441862821579,0.4578063189983368,-0.7577564716339111,0.20583057403564453,0.3285372853279114,-0.3920171558856964
1749033597.7904341,0.6415162086486816,-2.0112339458861292,1.3811042944537562,2.143815441722534,-1.621084992085592,2.203294515609741,-0.08796830475330353,0.06804719567298889,-0.06730234622955322,-0.1550610214471817,0.15417538583278656,-0.6481842994689941,-0.4159231185913086,0.4439985156059265,-0.7565810084342957,0.2032957822084427,0.33200550079345703,-0.3046988844871521
1749033597.7904727,0.6413215398788452,-2.011089941064352,1.3809850851642054,2.143455906505249,-1.6207965056048792,2.2020630836486816,-0.08845613151788712,0.06700350344181061,-0.06742323189973831,-0.1549498736858368,0.15339422225952148,-0.6457102298736572,-0.4373239278793335,0.46834105253219604,-0.7651338577270508,0.20868702232837677,0.3457311689853668,-0.34113824367523193
1749033597.7905107,0.6411223411560059,-2.01094975093984,1.3808448950396937,2.1431471544453125,-1.6204312483416956,2.200761318206787,-0.08973323553800583,0.0686330646276474,-0.0674213096499443,-0.15332721173763275,0.15412785112857819,-0.6458314657211304,-0.41733109951019287,0.435408353805542,-0.7697610855102539,0.195879727602005,0.33838433027267456,-0.3380439877510071
1749033597.7905486,0.6409425735473633,-2.0108329258360804,1.380702320729391,2.142846031779907,-1.620150391255514,2.199420928955078,-0.0883624404668808,0.06813663989305496,-0.06714624166488647,-0.15620523691177368,0.15438678860664368,-0.6441352963447571,-0.42260313034057617,0.41687366366386414,-0.7797037363052368,0.23076371848583221,0.3374732732772827,-0.3490435779094696
1749033597.790586,0.6407700181007385,-2.0107327900328578,1.38060170808901,2.1425375181385498,-1.6198442617999476,2.198192596435547,-0.08935660123825073,0.06747302412986755,-0.06640554964542389,-0.1540115475654602,0.15634706616401672,-0.6441580653190613,-0.40821948647499084,0.42225295305252075,-0.7859302759170532,0.23276536166667938,0.3238312602043152,-0.38915905356407166
1749033597.7906263,0.6405985951423645,-2.0105534992613734,1.3804577032672327,2.1422018247791748,-1.6194971243487757,2.1968743801116943,-0.09000332653522491,0.06869211047887802,-0.06663597375154495,-0.15266595780849457,0.15590891242027283,-0.6473641991615295,-0.40464693307876587,0.4347198009490967,-0.7839080095291138,0.24376913905143738,0.3441707491874695,-0.3255966305732727
1749033597.7906668,0.6403847932815552,-2.0104176006712855,1.3803413550006312,2.141948624248169,-1.6192157904254358,2.1955556869506836,-0.09025055170059204,0.06985004246234894,-0.06621703505516052,-0.152261883020401,0.15521644055843353,-0.6472061276435852,-0.40686872601509094,0.4118855595588684,-0.7986555695533752,0.23102089762687683,0.3570675849914551,-0.3350756764411926
1749033597.7907045,0.6402551531791687,-2.010249753991598,1.3801868597613733,2.141659899348877,-1.6188934485064905,2.1942806243896484,-0.09057494252920151,0.06786107271909714,-0.06656201928853989,-0.15261441469192505,0.15663346648216248,-0.6453401446342468,-0.39453572034835815,0.44155406951904297,-0.8151189088821411,0.21957668662071228,0.34645015001296997,-0.3559345304965973
1749033597.7907412,0.64007169008255,-2.0101334057249964,1.3800585905658167,2.1413907247730712,-1.6185787359820765,2.1929304599761963,-0.09015746414661407,0.06849382072687149,-0.0672287717461586,-0.153225377202034,0.15854956209659576,-0.6443766951560974,-0.4099597930908203,0.41405871510505676,-0.807451605796814,0.23976674675941467,0.3478122353553772,-0.33382701873779297
1749033597.7907782,0.6398836374282837,-2.0099946461119593,1.37993032137026,2.1410204607197265,-1.6182430426227015,2.1915996074676514,-0.09040214866399765,0.07054651528596878,-0.06793629378080368,-0.1508101522922516,0.1582087129354477,-0.6415425539016724,-0.38936614990234375,0.37697911262512207,-0.801383912563324,0.20746715366840363,0.3078356385231018,-0.3689413070678711
1749033597.7908144,0.63968825340271,-2.009885450402731,1.3798020521747034,2.1407355505177,-1.6179545561419886,2.1903645992279053,-0.08859482407569885,0.06710156053304672,-0.06705926358699799,-0.1499251276254654,0.15505163371562958,-0.6459017992019653,-0.4446510076522827,0.430145263671875,-0.7945532202720642,0.20715181529521942,0.333228200674057,-0.3194942772388458
1749033597.7908509,0.639512836933136,-2.0096904240050257,1.379638973866598,2.1404387193867187,-1.6176307837115687,2.1890835762023926,-0.09200800210237503,0.0680331140756607,-0.07007412612438202,-0.14957444369792938,0.1582445353269577,-0.6437304615974426,-0.33384788036346436,0.41762590408325195,-0.775208055973053,0.19242341816425323,0.31522294878959656,-0.28109222650527954
1749033597.7908876,0.6393172740936279,-2.00964417080068,1.3795188109027308,2.140129490489624,-1.617303196583883,2.187784433364868,-0.0883290097117424,0.06789567321538925,-0.06747353076934814,-0.1515783816576004,0.1548563838005066,-0.6389454007148743,-0.40243303775787354,0.4284152686595917,-0.7953792214393616,0.2278652787208557,0.32166221737861633,-0.3344723582267761
1749033597.790924,0.6391220092773438,-2.009430547753805,1.3793600241290491,2.139852209682129,-1.6169799009906214,2.186521291732788,-0.09146273136138916,0.06757040321826935,-0.06797359883785248,-0.1496492177248001,0.15336455404758453,-0.6373435258865356,-0.3962865471839905,0.42094460129737854,-0.7860480546951294,0.2058105170726776,0.35523486137390137,-0.3085893988609314
1749033597.790963,0.6389852166175842,-2.009282251397604,1.3792317549334925,2.139488859767578,-1.6166718641864222,2.185209274291992,-0.08765440434217453,0.06689374893903732,-0.07118236273527145,-0.1550704538822174,0.15448784828186035,-0.6334184408187866,-0.41713765263557434,0.4242594242095947,-0.7723100185394287,0.22908636927604675,0.34912097454071045,-0.35983335971832275
1749033597.7910004,0.63875412940979,-2.0091616115965785,1.3791034857379358,2.139200373286865,-1.616349999104635,2.184028148651123,-0.08944805711507797,0.06652870774269104,-0.06823579221963882,-0.151535302400589,0.15481965243816376,-0.6356986165046692,-0.42011991143226624,0.43124261498451233,-0.7667206525802612,0.2384532243013382,0.3260544538497925,-0.37988024950027466
1749033597.7910366,0.63875412940979,-2.0091616115965785,1.3791034857379358,2.139200373286865,-1.616349999104635,2.184028148651123,-0.08944805711507797,0.06652870774269104,-0.06823579221963882,-0.151535302400589,0.15481965243816376,-0.6356986165046692,-0.42011991143226624,0.43124261498451233,-0.7667206525802612,0.2384532243013382,0.3260544538497925,-0.37988024950027466
1749033597.7910736,0.6385988593101501,-2.009029527703756,1.378937069569723,2.1388842302509765,-1.616044823323385,2.1827168464660645,-0.08933354169130325,0.06690968573093414,-0.06813759356737137,-0.1502770483493805,0.15562762320041656,-0.6407548785209656,-0.4120631217956543,0.4429972171783447,-0.7815489172935486,0.24472960829734802,0.31152987480163574,-0.31108924746513367
1749033597.7911108,0.6382356286048889,-2.008730550805563,1.3786800543414515,2.1383654314228515,-1.615399185811178,2.18019700050354,-0.08911842107772827,0.06626544892787933,-0.06742484122514725,-0.147279754281044,0.15793968737125397,-0.6367782950401306,-0.39657142758369446,0.41988566517829895,-0.7784717679023743,0.2215901017189026,0.3268938660621643,-0.31786683201789856
1749033597.7916605,0.6380641460418701,-2.0086528263487757,1.37854510942568,2.1380764681049804,-1.6151030699359339,2.178912878036499,-0.08955955505371094,0.06592237949371338,-0.06606899201869965,-0.14569982886314392,0.15482112765312195,-0.6367048025131226,-0.3999534249305725,0.4465171992778778,-0.79607093334198,0.22587227821350098,0.3125167191028595,-0.3408350944519043
1749033597.7936344,0.637898862361908,-2.0084926090636195,1.3784197012530726,2.137749596233032,-1.6147907415973108,2.1776750087738037,-0.08854388445615768,0.06843262910842896,-0.06680034101009369,-0.14805153012275696,0.15035171806812286,-0.6348587870597839,-0.3729950487613678,0.41829627752304077,-0.7982441782951355,0.20710612833499908,0.33697178959846497,-0.3924521505832672
1749033597.8383386,0.6377663016319275,-2.008322378198141,1.3782504240619105,2.1374453741260986,-1.6144827047931116,2.176387071609497,-0.08805109560489655,0.06432221084833145,-0.06611236929893494,-0.1464134007692337,0.15295445919036865,-0.6365611553192139,-0.36977797746658325,0.44281911849975586,-0.79967200756073,0.217469722032547,0.33517199754714966,-0.30674952268600464
1749033597.8383837,0.6375744938850403,-2.0082293949522914,1.3781254927264612,2.1371769148060302,-1.614164177571432,2.1751205921173096,-0.09012150764465332,0.06416008621454239,-0.06844329833984375,-0.14565853774547577,0.15127240121364594,-0.6363235116004944,-0.31320318579673767,0.4229505956172943,-0.7664090394973755,0.21621368825435638,0.3160420358181,-0.2361506074666977
1749033597.8384292,0.6373600363731384,-2.0080658398070277,1.3780434767352503,2.1368722158619384,-1.6138418356524866,2.1739342212677,-0.0848998948931694,0.06615087389945984,-0.06483635306358337,-0.14196433126926422,0.15135905146598816,-0.6277197599411011,-0.39080610871315,0.3623344898223877,-0.8037527799606323,0.1829548478126526,0.30718371272087097,-0.2558301091194153
1749033597.8384697,0.6371765732765198,-2.007933279077047,1.3778980414019983,2.1365601259418945,-1.6135957876788538,2.172635793685913,-0.08613034337759018,0.06163090467453003,-0.06461600214242935,-0.1451588273048401,0.1508588194847107,-0.6214570999145508,-0.36841872334480286,0.4089784622192383,-0.8007224798202515,0.2171860933303833,0.32123440504074097,-0.27913427352905273
1749033597.8385127,0.6369777917861938,-2.00779451946401,1.377749268208639,2.136239452953003,-1.6132925192462366,2.171412229537964,-0.0866960734128952,0.06411035358905792,-0.06768329441547394,-0.1423814296722412,0.1506485790014267,-0.6146042943000793,-0.43441838026046753,0.463142991065979,-0.7872687578201294,0.17531321942806244,0.33029794692993164,-0.4074065685272217
1749033597.8385558,0.636861264705658,-2.007712503472799,1.3776252905475062,2.136002226466797,-1.613009277974264,2.170224905014038,-0.08850295841693878,0.06742732971906662,-0.06579292565584183,-0.1441998928785324,0.15121357142925262,-0.6189171671867371,-0.3904963433742523,0.4233519434928894,-0.7806907296180725,0.19429583847522736,0.33866778016090393,-0.4332714378833771
1749033597.8385956,0.6366652250289917,-2.0075184307494105,1.3774855772601526,2.13568560659375,-1.6126864592181605,2.1689326763153076,-0.08924084156751633,0.06863676011562347,-0.06549134850502014,-0.14963968098163605,0.15148873627185822,-0.6271764636039734,-0.3997933268547058,0.39454448223114014,-0.8173801898956299,0.2077634036540985,0.35866641998291016,-0.37865960597991943
1749033597.8386335,0.6364699006080627,-2.0074497661986292,1.3773449102984827,2.1353823381611328,-1.6123836676227015,2.167665719985962,-0.0890117958188057,0.0680023804306984,-0.06637146323919296,-0.14408497512340546,0.15239723026752472,-0.6292182803153992,-0.390289843082428,0.39431291818618774,-0.7790466547012329,0.22986100614070892,0.3355080485343933,-0.35902732610702515
1749033597.8386705,0.636293888092041,-2.007324358026022,1.3772028128253382,2.135125084514282,-1.6120637098895472,2.1664204597473145,-0.08829110115766525,0.06798454374074936,-0.06694169342517853,-0.1431834101676941,0.15315215289592743,-0.6310083866119385,-0.3951825201511383,0.4055787920951843,-0.7850089073181152,0.18537969887256622,0.32143232226371765,-0.3445312976837158
1749033597.8387113,0.6361311078071594,-2.007153650323385,1.3771041075335901,2.1348330217548828,-1.6118062178241175,2.1651601791381836,-0.08807788789272308,0.06724169850349426,-0.06692720949649811,-0.14174522459506989,0.15484465658664703,-0.6313762664794922,-0.3879956305027008,0.41742947697639465,-0.7909185290336609,0.16421234607696533,0.3289743661880493,-0.3483852744102478
1749033597.8387492,0.6359238624572754,-2.007028718987936,1.3769491354571741,2.13454453527417,-1.6114123503314417,2.1638879776000977,-0.08737718313932419,0.06644903123378754,-0.06755141168832779,-0.14356650412082672,0.1560184359550476,-0.6323971152305603,-0.401052325963974,0.3999527096748352,-0.7878946661949158,0.1585657000541687,0.32314616441726685,-0.40210455656051636
1749033597.838793,0.6357430219650269,-2.0068894825377406,1.3768046537982386,2.1342593866535644,-1.6111238638507288,2.1626477241516113,-0.08758283406496048,0.0651300922036171,-0.06782804429531097,-0.14494435489177704,0.15393100678920746,-0.6342153549194336,-0.4004298150539398,0.40422508120536804,-0.7910050749778748,0.17827412486076355,0.3073789179325104,-0.3249968886375427
1749033597.8388321,0.6355922818183899,-2.0067388019957484,1.3766463438617151,2.1339709001728515,-1.6108053366290491,2.161301374435425,-0.08796533942222595,0.06527064740657806,-0.06776677817106247,-0.1464821994304657,0.15786536037921906,-0.6327129602432251,-0.41347432136535645,0.4352561831474304,-0.7753643989562988,0.17059999704360962,0.30464819073677063,-0.3282816708087921
1749033597.8388731,0.6354472637176514,-2.006641527215475,1.3765228430377405,2.1337217527576904,-1.6105011145221155,2.16007137298584,-0.08914773911237717,0.06495343893766403,-0.06770384311676025,-0.14846080541610718,0.15321844816207886,-0.6308037638664246,-0.4054449200630188,0.4368132948875427,-0.7741489410400391,0.16759002208709717,0.30165860056877136,-0.36104798316955566
1749033597.8389118,0.6352165341377258,-2.006505628625387,1.3763936201678675,2.133417769069336,-1.610201660786764,2.1587886810302734,-0.08813317120075226,0.06455893069505692,-0.06784159690141678,-0.1494094878435135,0.1532188057899475,-0.6293162703514099,-0.3743544816970825,0.43648284673690796,-0.764682412147522,0.1756151020526886,0.32136625051498413,-0.31297945976257324
1749033597.8389494,0.6350337862968445,-2.0063892803587855,1.3762148062335413,2.133094473476074,-1.6099446455584925,2.1575393676757812,-0.08701857924461365,0.0671808198094368,-0.06719542294740677,-0.14675526320934296,0.1530715674161911,-0.6285743713378906,-0.40244388580322266,0.42962050437927246,-0.7783228158950806,0.1531197726726532,0.3165293335914612,-0.3633744716644287
1749033597.8389878,0.6348493099212646,-2.0062576733031214,1.37612229982485,2.132826014156006,-1.6096141974078577,2.156283378601074,-0.09053776413202286,0.06313693523406982,-0.06703902035951614,-0.1490611582994461,0.15222644805908203,-0.6287792921066284,-0.38044989109039307,0.4377170503139496,-0.7718075513839722,0.13463139533996582,0.33186042308807373,-0.37931758165359497
1749033597.8390298,0.6347324252128601,-2.0061565838255824,1.375998322163717,2.132540388698242,-1.6093233267413538,2.1550304889678955,-0.0871775895357132,0.06469342857599258,-0.06764010339975357,-0.14972883462905884,0.15100756287574768,-0.6307215094566345,-0.42033931612968445,0.48006877303123474,-0.7653778195381165,0.1675705462694168,0.3462623953819275,-0.3584241271018982
1749033597.8390684,0.634494960308075,-2.005958696404928,1.3758695761310022,2.132239981288574,-1.6090272108661097,2.1537628173828125,-0.09043695777654648,0.06689579039812088,-0.06758555769920349,-0.14921192824840546,0.1511221081018448,-0.6314334869384766,-0.40515953302383423,0.4587072432041168,-0.7526037096977234,0.15991607308387756,0.34991124272346497,-0.37217074632644653
1749033597.839106,0.6343498826026917,-2.005892892877096,1.375735108052389,2.131920500392578,-1.6086772123919886,2.1525158882141113,-0.08905117213726044,0.06824656575918198,-0.06751735508441925,-0.15046198666095734,0.15290126204490662,-0.6330175995826721,-0.36117181181907654,0.3805970847606659,-0.7706679105758667,0.1930139660835266,0.35179269313812256,-0.3560686707496643
1749033597.8391438,0.6341940760612488,-2.0057174168028773,1.3755877653705042,2.131607933635376,-1.6083381811725062,2.1512885093688965,-0.0890079140663147,0.06473340839147568,-0.06719515472650528,-0.15079154074192047,0.15740929543972015,-0.6332083344459534,-0.38039979338645935,0.4499503970146179,-0.778709352016449,0.18068164587020874,0.3384712338447571,-0.3338111639022827
1749033597.8391843,0.6339718103408813,-2.0055977306761683,1.3754528204547327,2.131338520640991,-1.608084503804342,2.1499788761138916,-0.08873587101697922,0.0658305436372757,-0.06914330273866653,-0.15120571851730347,0.15571723878383636,-0.6337713003158569,-0.41961827874183655,0.4508836269378662,-0.7524755597114563,0.18972280621528625,0.3278202414512634,-0.38906407356262207
1749033597.8396695,0.6338541507720947,-2.0054618320860804,1.3753212133990687,2.1310109335133056,-1.6077688376056116,2.148749589920044,-0.08928482234477997,0.06692890077829361,-0.06714014708995819,-0.1522403508424759,0.15336263179779053,-0.6370429396629333,-0.3643820285797119,0.4281390309333801,-0.7578154802322388,0.19047033786773682,0.3314253091812134,-0.32915371656417847
1749033597.841607,0.6336898803710938,-2.005329748193258,1.3751915136920374,2.130734844798706,-1.6074345747577112,2.1474416255950928,-0.08717826753854752,0.06660439074039459,-0.06609484553337097,-0.1520177125930786,0.15794262290000916,-0.6369237899780273,-0.3917250633239746,0.4277094006538391,-0.7841775417327881,0.1906074732542038,0.31337934732437134,-0.2836610674858093
1749033597.8822963,0.6334527730941772,-2.0051661930479945,1.3750603834735315,2.130430145854614,-1.6071389357196253,2.1462080478668213,-0.09142161905765533,0.06708924472332001,-0.06894605606794357,-0.15361617505550385,0.15492232143878937,-0.6351724863052368,-0.38089388608932495,0.43092572689056396,-0.7632066011428833,0.19256368279457092,0.331906259059906,-0.3300429880619049
1749033597.882342,0.6332730054855347,-2.005050321618551,1.374927822743551,2.130117817515991,-1.6068466345416468,2.1448886394500732,-0.08680347353219986,0.06671439111232758,-0.06746450066566467,-0.15218205749988556,0.15494468808174133,-0.632775068283081,-0.42357462644577026,0.3955116868019104,-0.7466816306114197,0.21767275035381317,0.3204199969768524,-0.30435433983802795
1749033597.8823822,0.6331283450126648,-2.004956384698385,1.374796215687887,2.1297976213642578,-1.6065195242511194,2.1436407566070557,-0.08879485726356506,0.0671250969171524,-0.06634172052145004,-0.15093746781349182,0.15406200289726257,-0.6307666301727295,-0.41372939944267273,0.4345508813858032,-0.7795931696891785,0.18051011860370636,0.34744399785995483,-0.3589910864830017
1749033597.8824208,0.6329449415206909,-2.004789968530172,1.3746522108661097,2.1294888693043212,-1.6062386671649378,2.1423871517181396,-0.08905121684074402,0.06737314164638519,-0.06701269000768661,-0.15146049857139587,0.15557420253753662,-0.6343921422958374,-0.3896436393260956,0.4155227839946747,-0.7714846134185791,0.18804338574409485,0.3226107656955719,-0.34816157817840576
1749033597.8824582,0.6327894926071167,-2.0046922169127406,1.3745515982257288,2.129192515010498,-1.6059086958514612,2.141181707382202,-0.08897361159324646,0.06650879979133606,-0.06728171557188034,-0.14883428812026978,0.15579508244991302,-0.6365049481391907,-0.4034412205219269,0.43185630440711975,-0.7590084075927734,0.1901453584432602,0.33675873279571533,-0.28434112668037415
1749033597.8824952,0.6325734853744507,-2.0045296154417933,1.374404255543844,2.1288794714161376,-1.605624024068014,2.1398565769195557,-0.08880630135536194,0.06517363339662552,-0.06710455566644669,-0.1509372442960739,0.15489359200000763,-0.6329519152641296,-0.3826189935207367,0.45180705189704895,-0.7690229415893555,0.1944468766450882,0.34385937452316284,-0.3217547833919525
1749033597.8825328,0.6324445009231567,-2.0043746433653773,1.3742802778827112,2.1285945612141113,-1.6053364912616175,2.138608694076538,-0.08904068171977997,0.06851990520954132,-0.06654950231313705,-0.15113942325115204,0.15382952988147736,-0.6315035223960876,-0.39356333017349243,0.4297252297401428,-0.7686167359352112,0.2305721789598465,0.352008193731308,-0.3409130871295929
1749033597.8825703,0.6322580575942993,-2.004277368585104,1.3741291205035608,2.1282781797596435,-1.6050289312945765,2.137324810028076,-0.08927151560783386,0.06806373596191406,-0.06782809644937515,-0.14916732907295227,0.15344607830047607,-0.6296361684799194,-0.38983380794525146,0.39106228947639465,-0.7742365002632141,0.2420407384634018,0.35368120670318604,-0.33338040113449097
1749033597.8826075,0.6320900917053223,-2.004149099389547,1.3739712874041956,2.127993269557617,-1.6046584288226526,2.1360831260681152,-0.0890757367014885,0.06637174636125565,-0.06734214723110199,-0.14874964952468872,0.1567016839981079,-0.6291611790657043,-0.4128132164478302,0.4691356122493744,-0.7498974204063416,0.22213265299797058,0.34361112117767334,-0.38092225790023804
1749033597.882644,0.6318594813346863,-2.0039664707579554,1.3738997618304651,2.1276740270802,-1.6043317953692835,2.1348419189453125,-0.09059078991413116,0.06781358271837234,-0.0655382052063942,-0.14965574443340302,0.1555502712726593,-0.6324428915977478,-0.3939632177352905,0.43812599778175354,-0.7869314551353455,0.20332983136177063,0.3444383144378662,-0.3356289267539978
1749033597.8826807,0.6317424178123474,-2.003834386865133,1.3737214247332972,2.1273769575306396,-1.6040199438678187,2.1335442066192627,-0.09086789935827255,0.06904254108667374,-0.06693101674318314,-0.149703249335289,0.15772947669029236,-0.6338990926742554,-0.382036954164505,0.4095645546913147,-0.7871825098991394,0.24438804388046265,0.32760128378868103,-0.3346982002258301
1749033597.882717,0.6315891146659851,-2.003740449944967,1.3735817114459437,2.127103729838989,-1.6037314573871058,2.1322782039642334,-0.09003857523202896,0.06621292978525162,-0.06841223686933517,-0.146701380610466,0.15856441855430603,-0.6308203935623169,-0.3695983588695526,0.4280940294265747,-0.7511243224143982,0.2122608721256256,0.29493117332458496,-0.349374383687973
1749033597.8827546,0.631376326084137,-2.00360169033193,1.373469654713766,2.1267916399189453,-1.6034472624408167,2.1309752464294434,-0.08851015567779541,0.06697060167789459,-0.06513192504644394,-0.1491776406764984,0.15588803589344025,-0.6281369924545288,-0.3939456343650818,0.43507787585258484,-0.7875571250915527,0.21853403747081757,0.3143087327480316,-0.33285239338874817
1749033597.8827913,0.6311599612236023,-2.0034381351866664,1.373321835194723,2.1265150743671875,-1.6031234900103968,2.1296679973602295,-0.09199774265289307,0.06731022149324417,-0.06583835184574127,-0.14396125078201294,0.1545564979314804,-0.6262109875679016,-0.3711740970611572,0.4188231825828552,-0.7938809990882874,0.21317154169082642,0.31153297424316406,-0.35090309381484985
1749033597.8828287,0.6310117840766907,-2.003322263757223,1.3731978575335901,2.126211090678833,-1.602785889302389,2.1284139156341553,-0.08760550618171692,0.0667780339717865,-0.06595545262098312,-0.1405968964099884,0.15357618033885956,-0.6305860877037048,-0.39928147196769714,0.41271957755088806,-0.7890253067016602,0.1768677979707718,0.32111895084381104,-0.34406962990760803
1749033597.8828669,0.6308369040489197,-2.003197332421774,1.373066250477926,2.125910683269165,-1.6024864355670374,2.1271731853485107,-0.08896180242300034,0.06603414565324783,-0.0667809247970581,-0.14423327147960663,0.1516432911157608,-0.6298478245735168,-0.4085005223751068,0.44874709844589233,-0.7829656600952148,0.18060310184955597,0.33991414308547974,-0.2920675277709961
1749033597.882904,0.6306607127189636,-2.0030728779234828,1.3729384581195276,2.1256565290638427,-1.6022170225726526,2.1259114742279053,-0.08931760489940643,0.06604642421007156,-0.06659816205501556,-0.14334388077259064,0.15159288048744202,-0.6259153485298157,-0.3530578017234802,0.4331439733505249,-0.7832881808280945,0.1795923262834549,0.33740928769111633,-0.32673540711402893
1749033597.882941,0.6304900050163269,-2.0029055080809535,1.3727944532977503,2.125321789378784,-1.6018946806537073,2.1247410774230957,-0.08850440382957458,0.06492901593446732,-0.06675388664007187,-0.1446671038866043,0.1506618708372116,-0.6235695481300354,-0.3984910845756531,0.4316294193267822,-0.7866469621658325,0.20017169415950775,0.35741326212882996,-0.31278952956199646
1749033597.8829777,0.630291223526001,-2.002801557580465,1.3726781050311487,2.1250642973133544,-1.60158616701235,2.1234612464904785,-0.09044148027896881,0.06724763661623001,-0.06724531203508377,-0.14636150002479553,0.15578234195709229,-0.6219385266304016,-0.3885599970817566,0.44835543632507324,-0.7742922902107239,0.21979492902755737,0.32917118072509766,-0.35376447439193726
1749033597.8830144,0.630130410194397,-2.002693315545553,1.3725546042071741,2.124807282085083,-1.6013191382037562,2.122213363647461,-0.09050772339105606,0.06727387011051178,-0.06718968600034714,-0.14642731845378876,0.15474489331245422,-0.6212285161018372,-0.3855777978897095,0.4171719551086426,-0.7738886475563049,0.22865623235702515,0.3306065499782562,-0.38733574748039246
1749033597.8836632,0.6299352645874023,-2.002552648583883,1.3724458853351038,2.1244961458393554,-1.6009767691241663,2.1210076808929443,-0.0910176932811737,0.06775777041912079,-0.06783352047204971,-0.1457863599061966,0.1529218852519989,-0.62623530626297,-0.3869868814945221,0.4097723364830017,-0.7755705714225769,0.20349833369255066,0.3403194546699524,-0.32548969984054565
1749033597.88565,0.6297709345817566,-2.0024053059019984,1.372263256703512,2.1242195802875976,-1.6006959120379847,2.119741439819336,-0.09045233577489853,0.06613423675298691,-0.06820753961801529,-0.14547710120677948,0.156646266579628,-0.6274888515472412,-0.3413788676261902,0.41094717383384705,-0.7633266448974609,0.2061929702758789,0.3160357177257538,-0.3290512263774872
1749033597.9264326,0.6296072602272034,-2.0022579632201136,1.3721283117877405,2.1239113050648193,-1.6003931204425257,2.1184804439544678,-0.08928117901086807,0.06778751313686371,-0.06859216839075089,-0.1454574316740036,0.15404120087623596,-0.6262127161026001,-0.3622354567050934,0.4333421587944031,-0.7614580988883972,0.1732812076807022,0.3409103751182556,-0.34606391191482544
1749033597.926481,0.6293583512306213,-2.00211824993276,1.3719876448260706,2.1235875326343994,-1.6001008192645472,2.1172409057617188,-0.09300898760557175,0.06708566099405289,-0.06823353469371796,-0.14746440947055817,0.15386618673801422,-0.6256324648857117,-0.3380289077758789,0.38760194182395935,-0.7518269419670105,0.2037665843963623,0.35816919803619385,-0.31857091188430786
1749033597.9265208,0.6292511224746704,-2.0020247898497523,1.371859375630514,2.1233059602924804,-1.5997613112079065,2.115985155105591,-0.09021856635808945,0.06546352803707123,-0.06804259121417999,-0.1492631733417511,0.15428748726844788,-0.6231110095977783,-0.41416049003601074,0.4553915858268738,-0.7532919645309448,0.2064317762851715,0.35391905903816223,-0.37593844532966614
1749033597.9265604,0.6290678381919861,-2.0018612347044886,1.3717086950885218,2.122997923488281,-1.5994885603534144,2.1147069931030273,-0.09199114143848419,0.067582868039608,-0.06766422092914581,-0.14844119548797607,0.1558699607849121,-0.627172589302063,-0.3674265444278717,0.4456568658351898,-0.7504560947418213,0.20596952736377716,0.35344427824020386,-0.3863522410392761
1749033597.9265997,0.6288688778877258,-2.0017644367613734,1.371615235005514,2.122697277660034,-1.5991275946246546,2.1134767532348633,-0.09244290739297867,0.0686386376619339,-0.06735078990459442,-0.15183471143245697,0.15808671712875366,-0.6310475468635559,-0.34946712851524353,0.4063277840614319,-0.7494441866874695,0.21633723378181458,0.3409837782382965,-0.3119906187057495
1749033597.9266386,0.6286814212799072,-2.0016328297057093,1.3714759985553187,2.1223651605793457,-1.5989001433001917,2.112182140350342,-0.09154709428548813,0.06578311324119568,-0.06696536391973495,-0.15078365802764893,0.15839211642742157,-0.6302866339683533,-0.33444586396217346,0.43901118636131287,-0.7531356811523438,0.2572811543941498,0.30714288353919983,-0.32914599776268005
1749033597.9266772,0.6284621357917786,-2.001481672326559,1.3713286558734339,2.12205354749646,-1.5985310713397425,2.1109683513641357,-0.08985332399606705,0.06628747284412384,-0.06807895004749298,-0.1484042853116989,0.15765281021595,-0.629694938659668,-0.34183138608932495,0.4156070351600647,-0.7698596119880676,0.24803942441940308,0.3197212219238281,-0.3130256235599518
1749033597.9267154,0.6284621357917786,-2.001481672326559,1.3713286558734339,2.12205354749646,-1.5985310713397425,2.1109683513641357,-0.08985332399606705,0.06628747284412384,-0.06807895004749298,-0.1484042853116989,0.15765281021595,-0.629694938659668,-0.34183138608932495,0.4156070351600647,-0.7698596119880676,0.24803942441940308,0.3197212219238281,-0.3130256235599518
1749033597.9267533,0.6283289194107056,-2.0013181171812953,1.371235195790426,2.1217333513447265,-1.5982587973224085,2.1097500324249268,-0.08979719132184982,0.06554010510444641,-0.0682806447148323,-0.1507675051689148,0.15485085546970367,-0.6291546821594238,-0.323421835899353,0.48193031549453735,-0.7379021048545837,0.262148380279541,0.34097081422805786,-0.33716297149658203
1749033597.92679,0.6279575228691101,-2.0010587177672328,1.370955769215719,2.1211797434040527,-1.597612206135885,2.1071882247924805,-0.08914252370595932,0.06597670167684555,-0.06766526401042938,-0.14432552456855774,0.15372252464294434,-0.6290839314460754,-0.3228769600391388,0.4316498637199402,-0.7636055946350098,0.2511862814426422,0.3349056839942932,-0.34072473645210266
1749033597.9268274,0.6277794241905212,-2.000937601129049,1.3708327452289026,2.12089125692334,-1.597281281148092,2.10593318939209,-0.08883143216371536,0.06568089872598648,-0.06971921771764755,-0.14384596049785614,0.1515994369983673,-0.6300628781318665,-0.3499339520931244,0.46898382902145386,-0.7217652201652527,0.25113070011138916,0.36510998010635376,-0.3536708354949951
1749033597.9268649,0.6276233792304993,-2.000798364678854,1.370704476033346,2.120603247279785,-1.5969393889056605,2.104647636413574,-0.08886697888374329,0.0665610209107399,-0.06753157824277878,-0.144106924533844,0.15518537163734436,-0.6295974850654602,-0.37691009044647217,0.44927704334259033,-0.7593026161193848,0.2148655652999878,0.34700435400009155,-0.37915319204330444
1749033597.9269016,0.6274699568748474,-2.0006891689696253,1.3705571333514612,2.1203178602406005,-1.5966818968402308,2.1034328937530518,-0.09033764153718948,0.06768032908439636,-0.06782052665948868,-0.1439359337091446,0.15484505891799927,-0.6308158040046692,-0.36697983741760254,0.4388308823108673,-0.7542241811752319,0.23995757102966309,0.36174875497817993,-0.3576522767543793
1749033597.9269388,0.6272746920585632,-2.0005537472166957,1.3704212347613733,2.120041771526001,-1.5963743368731897,2.1021201610565186,-0.08977914601564407,0.06761769205331802,-0.06855504214763641,-0.144407719373703,0.15634621679782867,-0.6330060958862305,-0.2862436771392822,0.3813078999519348,-0.7422919273376465,0.24008992314338684,0.3082291781902313,-0.28645431995391846
1749033597.9269755,0.6270949244499207,-2.0004178486266078,1.3702815214740198,2.1197377878376464,-1.5960429350482386,2.100860118865967,-0.08699440956115723,0.06387012451887131,-0.06784455478191376,-0.14119486510753632,0.1553521603345871,-0.6283752918243408,-0.3317837715148926,0.4186553359031677,-0.7354958653450012,0.2678908109664917,0.29810458421707153,-0.24316354095935822
1749033597.927018,0.626901388168335,-2.0003096065916957,1.3701298872577112,2.1194895940968017,-1.5957511107074183,2.0996153354644775,-0.08566252142190933,0.06473159790039062,-0.06707987189292908,-0.13635343313217163,0.15186122059822083,-0.6206837892532349,-0.33865198493003845,0.42261192202568054,-0.7566173076629639,0.2101549506187439,0.31321194767951965,-0.23550677299499512
1749033597.9270573,0.6267638206481934,-2.000177045861715,1.370009724293844,2.119216127986572,-1.5954516569720667,2.098407745361328,-0.08501385152339935,0.06218980997800827,-0.06836395710706711,-0.13691586256027222,0.15047124028205872,-0.6106569766998291,-0.3930218517780304,0.42537978291511536,-0.7285283207893372,0.19294019043445587,0.30656230449676514,-0.3070288896560669
1749033597.9270942,0.6265528798103333,-2.00003780941152,1.3698867003070276,2.1189328867145996,-1.5951746145831507,2.0971994400024414,-0.08910422772169113,0.06361409276723862,-0.06488137692213058,-0.1389080435037613,0.1503916233778,-0.6067001223564148,-0.32283395528793335,0.4396110773086548,-0.7507136464118958,0.2232084423303604,0.3175048530101776,-0.3270588517189026
1749033597.9271312,0.6263973116874695,-1.9999095402159632,1.3697741667376917,2.1186718183704834,-1.5948336760150355,2.09596586227417,-0.08490505814552307,0.06500883400440216,-0.06427868455648422,-0.13923923671245575,0.15318171679973602,-0.6048532724380493,-0.35075563192367554,0.417136013507843,-0.7536618709564209,0.2007697969675064,0.2923680543899536,-0.31554409861564636
1749033597.9271684,0.6262057423591614,-1.999770303765768,1.369601074849264,2.1183957296558837,-1.5946186224566858,2.0947813987731934,-0.08531704545021057,0.06637328118085861,-0.06691989302635193,-0.14067614078521729,0.14968155324459076,-0.6027461886405945,-0.3787044882774353,0.4296514391899109,-0.7362310886383057,0.2063552886247635,0.31002748012542725,-0.3814958930015564
1749033597.9277368,0.6260842084884644,-1.9996100864806117,1.3695066610919397,2.118119164104126,-1.5942757765399378,2.0936155319213867,-0.08649159222841263,0.06630212813615799,-0.063448965549469,-0.14202606678009033,0.14889849722385406,-0.604400098323822,-0.41171520948410034,0.4953673183917999,-0.7547680735588074,0.198594868183136,0.34343254566192627,-0.4426218271255493
1749033597.9296865,0.6258858442306519,-1.9995132885374964,1.3693683783160608,2.1178156572529296,-1.5939658323871058,2.0923640727996826,-0.0880962684750557,0.06997918337583542,-0.06377862393856049,-0.1441897749900818,0.15392322838306427,-0.6102904677391052,-0.3811759352684021,0.43810728192329407,-0.7461548447608948,0.19850638508796692,0.3109603524208069,-0.3833654522895813
1749033597.9704943,0.6256991028785706,-1.999369283715719,1.369239632283346,2.1175307470509033,-1.5936506430255335,2.091082811355591,-0.08787936717271805,0.06950310617685318,-0.0645989254117012,-0.14577838778495789,0.15166839957237244,-0.6160879135131836,-0.35107478499412537,0.4079437255859375,-0.7642431855201721,0.21535958349704742,0.3103310465812683,-0.4070547819137573
1749033597.9705708,0.6255038380622864,-1.9992529354491175,1.3691280523883265,2.117211266154907,-1.593351189290182,2.0898492336273193,-0.08552766591310501,0.06783638894557953,-0.06533171236515045,-0.146548330783844,0.15335048735141754,-0.6206600069999695,-0.40017223358154297,0.4128880500793457,-0.7641538381576538,0.20689374208450317,0.31804168224334717,-0.34553101658821106
1749033597.970644,0.6253949403762817,-1.999124666253561,1.3689916769610804,2.1169299322315673,-1.593015495930807,2.0886597633361816,-0.08943931013345718,0.06704633682966232,-0.06607906520366669,-0.14717544615268707,0.15228396654129028,-0.6253624558448792,-0.37710028886795044,0.4416200518608093,-0.7510109543800354,0.23041027784347534,0.32498276233673096,-0.36751872301101685
1749033597.9707065,0.62518709897995,-1.9990045032896937,1.3688591162311,2.1165942388721923,-1.5926454702960413,2.0873630046844482,-0.08656221628189087,0.06736962497234344,-0.06649786978960037,-0.14844202995300293,0.15082865953445435,-0.6277425289154053,-0.3818294405937195,0.4390876293182373,-0.7434548139572144,0.23652034997940063,0.32787853479385376,-0.3460615277290344
1749033597.9707594,0.6249805688858032,-1.9988209209837855,1.368690315877096,2.1162823873707275,-1.592372242604391,2.0861284732818604,-0.08824026584625244,0.06704751402139664,-0.06739144027233124,-0.1476365625858307,0.15025897324085236,-0.6312349438667297,-0.33674356341362,0.4314830005168915,-0.7608874440193176,0.24656429886817932,0.3182024359703064,-0.29597991704940796
1749033597.9707985,0.6248469948768616,-1.9986783466734828,1.3685768286334437,2.1159860330769042,-1.5920656363116663,2.0848450660705566,-0.08772740513086319,0.06557953357696533,-0.06801710277795792,-0.14723087847232819,0.15012723207473755,-0.628867506980896,-0.35372644662857056,0.45507538318634033,-0.7411567568778992,0.21802744269371033,0.3186677396297455,-0.3111119866371155
1749033597.9708374,0.6245901584625244,-1.9985810718932093,1.368448559437887,2.115736408824585,-1.5917609373675745,2.0836081504821777,-0.08732397109270096,0.06528444588184357,-0.0680529922246933,-0.1453515738248825,0.15006649494171143,-0.626343309879303,-0.35908183455467224,0.4500078558921814,-0.7504518628120422,0.22177568078041077,0.3081520199775696,-0.34392985701560974
1749033597.9708755,0.6244686245918274,-1.998390337029928,1.3683012167560022,2.115440769786499,-1.5914738813983362,2.082359790802002,-0.0868622213602066,0.0656958520412445,-0.0676327794790268,-0.1463766247034073,0.15117023885250092,-0.6255812644958496,-0.3798437714576721,0.4469870328903198,-0.7354394197463989,0.24532410502433777,0.33200132846832275,-0.3324626088142395
1749033597.9709125,0.624292254447937,-1.9983083210387171,1.3681662718402308,2.115144892329834,-1.5911744276629847,2.0810818672180176,-0.08741144835948944,0.06416553258895874,-0.06685448437929153,-0.14301232993602753,0.1508559286594391,-0.6264013648033142,-0.3852958083152771,0.4731284976005554,-0.7632701992988586,0.21174989640712738,0.3038993775844574,-0.375870019197464
1749033597.9709501,0.6240785717964172,-1.9981495342650355,1.3680527845965784,2.114903612727783,-1.5908153692828577,2.0798213481903076,-0.08766867220401764,0.06603782624006271,-0.06727367639541626,-0.14199616014957428,0.15027552843093872,-0.6305742859840393,-0.37826526165008545,0.4494008421897888,-0.7354459166526794,0.20239359140396118,0.3277227282524109,-0.3405367136001587
1749033597.9709873,0.6239885687828064,-1.9980513058104457,1.3678839842425745,2.114607735271118,-1.5905440489398401,2.078592300415039,-0.08796122670173645,0.06884990632534027,-0.06740403920412064,-0.14532075822353363,0.15281544625759125,-0.6316132545471191,-0.3904798626899719,0.4158567488193512,-0.7448466420173645,0.20988760888576508,0.3157402575016022,-0.3377663791179657
1749033597.971024,0.6237636208534241,-1.9978743992247523,1.3677519003497522,2.1143156725117187,-1.5902202765094202,2.077265977859497,-0.0891571119427681,0.0654485672712326,-0.06733103096485138,-0.1415327489376068,0.14902494847774506,-0.6319913864135742,-0.35269856452941895,0.43574556708335876,-0.7438938021659851,0.16384384036064148,0.30394247174263,-0.3346693217754364
1749033597.971061,0.6235960125923157,-1.997714181939596,1.367657486592428,2.1140670019337158,-1.5899160544024866,2.076076030731201,-0.08849423378705978,0.06572727113962173,-0.06727979332208633,-0.14351804554462433,0.14971007406711578,-0.6316054463386536,-0.3647293150424957,0.4604734182357788,-0.7624356150627136,0.17054517567157745,0.3318581283092499,-0.33262473344802856
1749033597.9710972,0.6234195232391357,-1.9976092777647914,1.367488209401266,2.113778515453003,-1.589597527180807,2.0747945308685303,-0.08913249522447586,0.06920900195837021,-0.06729867309331894,-0.14473631978034973,0.15084481239318848,-0.6279040575027466,-0.3648373484611511,0.4178370535373688,-0.7638481855392456,0.1498456597328186,0.33198797702789307,-0.3711473047733307
1749033597.9711344,0.6232508420944214,-1.9974733791747035,1.3673971335040491,2.1134671407886962,-1.5893009344684046,2.0734899044036865,-0.08830728381872177,0.06732209026813507,-0.06688027083873749,-0.14622282981872559,0.14987577497959137,-0.6323453783988953,-0.3471184968948364,0.4070080816745758,-0.7685636281967163,0.16575200855731964,0.3335113525390625,-0.3560599088668823
1749033597.9711719,0.6230913996696472,-1.9973532162108363,1.3672431151019495,2.1131467062183837,-1.5889623800860804,2.072261095046997,-0.08823944628238678,0.06749187409877777,-0.06631087511777878,-0.15299324691295624,0.1516740769147873,-0.6365768909454346,-0.37955909967422485,0.4206298291683197,-0.7833379507064819,0.16843067109584808,0.32602012157440186,-0.3037577271461487
1749033597.971221,0.6228808760643005,-1.997143407861227,1.3671181837665003,2.11283461629834,-1.5887053648578089,2.0709311962127686,-0.09166568517684937,0.06789102405309677,-0.06895297765731812,-0.15096460282802582,0.1528562605381012,-0.6334356665611267,-0.37097078561782837,0.4053857922554016,-0.7527303695678711,0.18077638745307922,0.3227315843105316,-0.33678925037384033
1749033597.9712603,0.6227388978004456,-1.997084756890768,1.3669832388507288,2.11253468572583,-1.5883625189410608,2.0696663856506348,-0.08815725892782211,0.06830450892448425,-0.06544923037290573,-0.15183740854263306,0.15292681753635406,-0.6304145455360413,-0.3778792917728424,0.41277986764907837,-0.7913234233856201,0.19627754390239716,0.3280283212661743,-0.347594290971756
1749033597.9712973,0.6224820017814636,-1.9969068966307582,1.3668478170977991,2.1122254568287353,-1.5881255308734339,2.0684220790863037,-0.08857356756925583,0.06825520098209381,-0.06525347381830215,-0.1567983329296112,0.1535646915435791,-0.6292955875396729,-0.4100966155529022,0.4128386974334717,-0.812446653842926,0.2038302719593048,0.35107913613319397,-0.3746040165424347
1749033597.971334,0.6223650574684143,-1.996801038781637,1.3666976133929651,2.11191908895459,-1.5877636114703577,2.0670993328094482,-0.09036019444465637,0.06871926784515381,-0.06899187713861465,-0.15367448329925537,0.15626975893974304,-0.6283208131790161,-0.35512322187423706,0.39501288533210754,-0.7772770524024963,0.2212860882282257,0.30352574586868286,-0.43752098083496094
1749033597.9716473,0.6222235560417175,-1.9966384373106898,1.3666027227984827,2.1116153436848144,-1.5874398390399378,2.0657882690429688,-0.08852503448724747,0.06859324872493744,-0.0658336728811264,-0.15373609960079193,0.15240025520324707,-0.6344486474990845,-0.4185914695262909,0.41565319895744324,-0.7793537974357605,0.20845173299312592,0.32936882972717285,-0.35623738169670105
1749033597.9736407,0.6220210194587708,-1.9965292416014613,1.3664591948138636,2.1113030153461914,-1.5871594587909144,2.0645782947540283,-0.09040261059999466,0.0677458792924881,-0.06598550826311111,-0.15130656957626343,0.15436065196990967,-0.6359961628913879,-0.3596925735473633,0.4185571074485779,-0.8060600161552429,0.2263125330209732,0.3250519037246704,-0.32497507333755493
1749033598.014315,0.6218292713165283,-1.9963580570616664,1.3663271109210413,2.1109935480305175,-1.5868528524981897,2.063288688659668,-0.08981998264789581,0.06726060807704926,-0.06676789373159409,-0.1513517051935196,0.15387611091136932,-0.6315575838088989,-0.36461085081100464,0.4060554802417755,-0.7873332500457764,0.23629263043403625,0.324695348739624,-0.3485272526741028
1749033598.0144024,0.6216650605201721,-1.9962612591185511,1.3661611715899866,2.1106833654591064,-1.5865557829486292,2.062023162841797,-0.09198576956987381,0.06592489778995514,-0.06729045510292053,-0.15079118311405182,0.1522621512413025,-0.629942774772644,-0.36070096492767334,0.4307466447353363,-0.7885832190513611,0.23008392751216888,0.33134686946868896,-0.31766629219055176
1749033598.0144753,0.6215014457702637,-1.9961606464781703,1.3660395781146448,2.1104017931171875,-1.5862095991717737,2.0607826709747314,-0.08928883075714111,0.06678277999162674,-0.06711874902248383,-0.14973831176757812,0.1541767120361328,-0.6274453401565552,-0.3477818965911865,0.39912864565849304,-0.7862898707389832,0.23022502660751343,0.32991698384284973,-0.37155020236968994
1749033598.0145438,0.6212941408157349,-1.9959856472411097,1.365898911152975,2.110132618541382,-1.5859029928790491,2.059525966644287,-0.09007686376571655,0.06329212337732315,-0.07050248235464096,-0.14969520270824432,0.15360629558563232,-0.6302111744880676,-0.38835617899894714,0.46965110301971436,-0.7545574903488159,0.22411678731441498,0.3176079988479614,-0.380907267332077
1749033598.014614,0.621141791343689,-1.9958344898619593,1.365779225026266,2.10984389364209,-1.5855868498431605,2.058272123336792,-0.09127764403820038,0.06380646675825119,-0.06744792312383652,-0.1490640938282013,0.15415820479393005,-0.6338869333267212,-0.33682897686958313,0.46317052841186523,-0.7771286964416504,0.22200675308704376,0.313868910074234,-0.3108864724636078
1749033598.0146823,0.6209500432014465,-1.9957181415953578,1.365619961415426,2.109536333675049,-1.5852163473712366,2.0570266246795654,-0.08939332515001297,0.06715387105941772,-0.06738954782485962,-0.14658230543136597,0.15514175593852997,-0.6314207315444946,-0.3860816955566406,0.4339434802532196,-0.788685142993927,0.23114296793937683,0.29722821712493896,-0.35134157538414
1749033598.0147521,0.6207548379898071,-1.9955979786314906,1.3654850164996546,2.1092449861713867,-1.584958855305807,2.0557994842529297,-0.08952784538269043,0.06379754841327667,-0.07088639587163925,-0.14534305036067963,0.15394026041030884,-0.6311452388763428,-0.3538549542427063,0.47234010696411133,-0.7544615268707275,0.17633356153964996,0.29223793745040894,-0.3426535725593567
1749033598.01482,0.6205827593803406,-1.9954811535277308,1.3653371969806116,2.108924313182495,-1.584647003804342,2.0545740127563477,-0.08856052905321121,0.06519310176372528,-0.0673259049654007,-0.1440376192331314,0.1547163426876068,-0.632453978061676,-0.37697818875312805,0.47416239976882935,-0.7810429334640503,0.17781150341033936,0.2995913028717041,-0.36421969532966614
1749033598.0148883,0.6203993558883667,-1.995333810845846,1.3652241865741175,2.1086320120045166,-1.5843403975116175,2.0532784461975098,-0.08879587799310684,0.06554297357797623,-0.06722157448530197,-0.14819307625293732,0.1547553539276123,-0.6320818662643433,-0.4057022035121918,0.47897836565971375,-0.7775606513023376,0.17560222744941711,0.32718852162361145,-0.4538486897945404
1749033598.0149555,0.6201932430267334,-1.9952055416502894,1.3650768438922327,2.108334942454956,-1.5840323607074183,2.0519819259643555,-0.08969986438751221,0.0671844556927681,-0.06815194338560104,-0.1479046493768692,0.15414974093437195,-0.638370931148529,-0.36953800916671753,0.4280014634132385,-0.7724605202674866,0.21434946358203888,0.2896007299423218,-0.34045132994651794
1749033598.015024,0.6200870275497437,-1.9950701198973597,1.364941422139303,2.108003540630005,-1.5837448279010218,2.0507102012634277,-0.08956050872802734,0.06671062856912613,-0.06693394482135773,-0.14794793725013733,0.15430083870887756,-0.6414417028427124,-0.33164358139038086,0.42124122381210327,-0.7826273441314697,0.19673842191696167,0.2917426824569702,-0.28942835330963135
1749033598.0150907,0.6198999881744385,-1.9949366054930628,1.3647978941546839,2.1077069479176025,-1.583432976399557,2.049436569213867,-0.088958241045475,0.0664035752415657,-0.06677136570215225,-0.15051408112049103,0.15398132801055908,-0.6389668583869934,-0.38714325428009033,0.4361976981163025,-0.785075306892395,0.24012106657028198,0.2815932631492615,-0.32228416204452515
1749033598.0151494,0.6196928024291992,-1.9947778187193812,1.364685360585348,2.1074372965046386,-1.5830977598773401,2.0481314659118652,-0.08944106101989746,0.06693638861179352,-0.06739262491464615,-0.14427007734775543,0.1500731110572815,-0.6359831094741821,-0.38423532247543335,0.4513389766216278,-0.7591187357902527,0.21309804916381836,0.3271336853504181,-0.3031653165817261
1749033598.015192,0.6195409297943115,-1.9946462116637171,1.3645413557635706,2.1071581083485107,-1.5827596823321741,2.0468966960906982,-0.08943357318639755,0.06606148183345795,-0.06820566207170486,-0.14327472448349,0.1537386029958725,-0.6328585743904114,-0.35005760192871094,0.47823143005371094,-0.7847877144813538,0.18335884809494019,0.3104410767555237,-0.3397393226623535
1749033598.0152383,0.6193414330482483,-1.994514604608053,1.3643973509417933,2.106853647822998,-1.5825145880328577,2.0456790924072266,-0.08928761631250381,0.06674804538488388,-0.06745332479476929,-0.1447634994983673,0.15334148705005646,-0.6335081458091736,-0.3656577467918396,0.43197372555732727,-0.7768006920814514,0.17716658115386963,0.2986031770706177,-0.36363857984542847
1749033598.0153008,0.6191495656967163,-1.9944201908507289,1.364246670399801,2.106550379390381,-1.5822060743915003,2.0443673133850098,-0.0891212522983551,0.06607812643051147,-0.0677633211016655,-0.14523081481456757,0.15278244018554688,-0.6363062858581543,-0.3967157006263733,0.4359126687049866,-0.7699770927429199,0.19926121830940247,0.3095942735671997,-0.3458305597305298
1749033598.0153503,0.6189781427383423,-1.994241853753561,1.3641145865069788,2.1062931257435302,-1.581883732472555,2.0430948734283447,-0.08857334405183792,0.0664360523223877,-0.06812266260385513,-0.14577051997184753,0.1544027179479599,-0.6343671083450317,-0.3763834834098816,0.44055554270744324,-0.772932231426239,0.16533078253269196,0.31503772735595703,-0.3634130358695984
1749033598.015389,0.6187953948974609,-1.9941288433470667,1.3639867941485804,2.1059881883808593,-1.5815728346454065,2.0418288707733154,-0.09251870214939117,0.06689157336950302,-0.06902062892913818,-0.149237722158432,0.15659423172473907,-0.6349049806594849,-0.3351023197174072,0.39755702018737793,-0.7623194456100464,0.21885257959365845,0.285159170627594,-0.34068137407302856
1749033598.0154264,0.6186270117759705,-1.9939972362914027,1.363873306904928,2.1056722837635498,-1.5812342802630823,2.040576457977295,-0.08832496404647827,0.06649879366159439,-0.06881334632635117,-0.14499390125274658,0.1546259969472885,-0.6332675218582153,-0.3626178205013275,0.43267548084259033,-0.7625939846038818,0.17985664308071136,0.2961381673812866,-0.3416067957878113
1749033598.0154629,0.6184362769126892,-1.9938460789122523,1.3637450377093714,2.1053880888172607,-1.58093768755068,2.0393271446228027,-0.09084142744541168,0.06747248768806458,-0.0689302384853363,-0.1457281857728958,0.15782293677330017,-0.6339694261550903,-0.36743995547294617,0.4514169991016388,-0.7632501721382141,0.16128261387348175,0.2734965682029724,-0.38018903136253357
1749033598.0157573,0.6182249188423157,-1.9937101803221644,1.3635638395892542,2.1050874429890136,-1.5806306044207972,2.0380313396453857,-0.08896297216415405,0.06920517981052399,-0.06868818402290344,-0.14870446920394897,0.15498700737953186,-0.6346071362495422,-0.3543826937675476,0.3715779483318329,-0.7765018343925476,0.20031242072582245,0.2975609004497528,-0.33887410163879395
1749033598.0177197,0.6180595755577087,-1.9936090908446253,1.3634470144854944,2.10478322088208,-1.580346409474508,2.036778450012207,-0.08910038322210312,0.06719480454921722,-0.06763946264982224,-0.14646992087364197,0.1533929854631424,-0.6345878839492798,-0.3649199306964874,0.4351557791233063,-0.7626115083694458,0.18216535449028015,0.31688255071640015,-0.31839483976364136
1749033598.0583003,0.6179552674293518,-1.993481298486227,1.3633034865008753,2.1044904428669433,-1.5800121466266077,2.03550124168396,-0.08811237663030624,0.06712642312049866,-0.0676473081111908,-0.14843878149986267,0.15410035848617554,-0.6316832304000854,-0.3730047047138214,0.4270007014274597,-0.7702310085296631,0.19296833872795105,0.26859986782073975,-0.3317968249320984
1749033598.058355,0.6176511645317078,-1.9933177433409632,1.363171402608053,2.104186459178589,-1.5797060171710413,2.0342259407043457,-0.08828619122505188,0.06873352825641632,-0.06659464538097382,-0.14773960411548615,0.1518293172121048,-0.6308804750442505,-0.3889234662055969,0.39683666825294495,-0.7561420798301697,0.20072698593139648,0.3212701380252838,-0.32303759455680847
1749033598.0583982,0.6175453662872314,-1.9932009182372035,1.3630464712726038,2.1039017873951416,-1.5794051329242151,2.0329532623291016,-0.08768317848443985,0.06527648866176605,-0.06874013692140579,-0.1478554606437683,0.15204328298568726,-0.6305838227272034,-0.40584367513656616,0.47918057441711426,-0.7521528601646423,0.20538431406021118,0.326050728559494,-0.3835184872150421
1749033598.0584378,0.6173582077026367,-1.9930569134154261,1.362908188496725,2.10358635961499,-1.5791242758380335,2.0316693782806396,-0.09050002694129944,0.06797150522470474,-0.06568963825702667,-0.14629754424095154,0.15224161744117737,-0.6312674880027771,-0.3418792486190796,0.41425710916519165,-0.7800639867782593,0.1978689283132553,0.31387245655059814,-0.3420294523239136
1749033598.0584764,0.6172131299972534,-1.9929653606810511,1.3627947012530726,2.1033479410358886,-1.5788524786578577,2.0304198265075684,-0.08793143182992935,0.06683652848005295,-0.06580587476491928,-0.14438775181770325,0.1523570567369461,-0.6310693025588989,-0.38288944959640503,0.43687042593955994,-0.7844439744949341,0.18538275361061096,0.31466934084892273,-0.3478429317474365
1749033598.0585146,0.6170112490653992,-1.9928018055357875,1.3626325766192835,2.1030489641376953,-1.5785115400897425,2.029148817062378,-0.09157413244247437,0.0665910392999649,-0.06839893013238907,-0.1447279304265976,0.1523781418800354,-0.6288118362426758,-0.3581432104110718,0.4581095576286316,-0.7442378997802734,0.18070922791957855,0.3197057545185089,-0.3644377887248993
1749033598.058556,0.6168503761291504,-1.9926849804320277,1.3625038305865687,2.102775974864624,-1.5782068411456507,2.0279181003570557,-0.08827827125787735,0.06714873760938644,-0.06757670640945435,-0.1446123868227005,0.15425807237625122,-0.6311721801757812,-0.3821766972541809,0.4404008984565735,-0.7445860505104065,0.1754704713821411,0.311799019575119,-0.3352321982383728
1749033598.058594,0.6166971921920776,-1.9925500355162562,1.3623598257647913,2.102468653316162,-1.5779193083392542,2.0266261100769043,-0.09024761617183685,0.06779903173446655,-0.06692083925008774,-0.14605382084846497,0.15521599352359772,-0.6310463547706604,-0.363570898771286,0.43381360173225403,-0.7713291645050049,0.16307972371578217,0.3252536654472351,-0.3167210817337036
1749033598.0586312,0.6164716482162476,-1.9924141369261683,1.3622091452227991,2.1021641927906494,-1.577611271535055,2.0254085063934326,-0.09022381901741028,0.0651824101805687,-0.06752165406942368,-0.14524075388908386,0.1563427746295929,-0.6321954131126404,-0.3814202547073364,0.4411050081253052,-0.7658607363700867,0.1609494686126709,0.31459254026412964,-0.3714689612388611
1749033598.0586677,0.6162956357002258,-1.9922930202879847,1.3620651404010218,2.101860209102295,-1.5773046652423304,2.0241143703460693,-0.09017355740070343,0.06742803007364273,-0.06807972490787506,-0.1484462320804596,0.1572830229997635,-0.6329871416091919,-0.3749399781227112,0.41267120838165283,-0.7356798648834229,0.1401466429233551,0.3065224885940552,-0.31292879581451416
1749033598.0587049,0.6161505579948425,-1.9921452007689417,1.3619368712054651,2.101579113597534,-1.5769689718829554,2.022869348526001,-0.0902678593993187,0.07014481723308563,-0.06806693971157074,-0.14847823977470398,0.1575276255607605,-0.6335083842277527,-0.36450088024139404,0.4234692454338074,-0.7569288611412048,0.18372221291065216,0.30712252855300903,-0.3162502348423004
1749033598.0587423,0.6159831881523132,-1.991997858087057,1.361811939870016,2.1012942033955078,-1.5766881147967737,2.0215656757354736,-0.09025365859270096,0.06759578734636307,-0.06709587574005127,-0.14872077107429504,0.15920697152614594,-0.6288203597068787,-0.33373233675956726,0.38613855838775635,-0.7577114701271057,0.16737788915634155,0.293474018573761,-0.32988548278808594
1749033598.0587797,0.6157257556915283,-1.9918695888915003,1.3616650740252894,2.1009599405476074,-1.576352898274557,2.0203158855438232,-0.08860668540000916,0.06632710248231888,-0.07054276764392853,-0.15124863386154175,0.15462292730808258,-0.6260579228401184,-0.3581753075122833,0.41405928134918213,-0.7219827175140381,0.1919800192117691,0.3008284568786621,-0.3131541609764099
1749033598.0588157,0.6155543327331543,-1.9917060337462367,1.361525837575094,2.100694103831909,-1.5760648886310022,2.0190720558166504,-0.08792895078659058,0.06776430457830429,-0.06571304053068161,-0.1492956131696701,0.15098175406455994,-0.6240431070327759,-0.3648834824562073,0.43506547808647156,-0.744931697845459,0.19332250952720642,0.3271581530570984,-0.3687047064304352
1749033598.058856,0.6154127717018127,-1.9915968380370082,1.36139423051943,2.1004058557697753,-1.5757463614093226,2.0177993774414062,-0.08800714462995529,0.06819413602352142,-0.06507997959852219,-0.14790572226047516,0.15463536977767944,-0.6281343698501587,-0.35930442810058594,0.3971427381038666,-0.7499634027481079,0.1895374357700348,0.3405511975288391,-0.3311989903450012
1749033598.0588932,0.6152252554893494,-1.9914456806578578,1.36125356355776,2.100101872081421,-1.5754850546466272,2.0165817737579346,-0.08839858323335648,0.06554261595010757,-0.06812597066164017,-0.14719024300575256,0.15221993625164032,-0.630206286907196,-0.35365110635757446,0.4421752989292145,-0.7407077550888062,0.19370037317276,0.31182390451431274,-0.27732789516448975
1749033598.05893,0.6150608658790588,-1.9913484058775843,1.3611376921283167,2.0998052793690185,-1.5751503149615687,2.0153186321258545,-0.08803539723157883,0.06650988012552261,-0.06655506789684296,-0.14793439209461212,0.15450868010520935,-0.6252287030220032,-0.3493243157863617,0.4052993059158325,-0.7340536117553711,0.18836137652397156,0.32678931951522827,-0.315733402967453
1749033598.058967,0.6148395538330078,-1.9911390743651332,1.3609865347491663,2.0995136934467773,-1.5748236815081995,2.01406192779541,-0.08656596392393112,0.06651194393634796,-0.06606800109148026,-0.14815697073936462,0.1570228785276413,-0.6237948536872864,-0.39448896050453186,0.4452214539051056,-0.7455746531486511,0.18001678586006165,0.3414020240306854,-0.3324430584907532
1749033598.0590038,0.6146645545959473,-1.9910484753050746,1.3608892599688929,2.0992371278950195,-1.5745275656329554,2.0127859115600586,-0.09089755266904831,0.06702723354101181,-0.06592269241809845,-0.14878782629966736,0.15737952291965485,-0.6220862865447998,-0.35940155386924744,0.434709370136261,-0.753443717956543,0.1592583954334259,0.32639190554618835,-0.3660646080970764
1749033598.0590405,0.6145454049110413,-1.9909211597838343,1.360741917287008,2.0989364820667724,-1.57420522371401,2.0115535259246826,-0.08714073151350021,0.06691277027130127,-0.06608370691537857,-0.15180598199367523,0.15992434322834015,-0.6227338910102844,-0.3521783947944641,0.4253666400909424,-0.7526850700378418,0.19752366840839386,0.29440566897392273,-0.3709118962287903
1749033598.0596464,0.6143198609352112,-1.9907742939391078,1.3606184164630335,2.0986358362385253,-1.5738890806781214,2.0103273391723633,-0.0891132578253746,0.0660514384508133,-0.0657467320561409,-0.1479933261871338,0.15507130324840546,-0.6254972815513611,-0.36511099338531494,0.4509829878807068,-0.7608533501625061,0.18519437313079834,0.28901469707489014,-0.34487611055374146
1749033598.061666,0.6141519546508789,-1.9906379185118617,1.3604934851275843,2.098336620921753,-1.573566738759176,2.0090818405151367,-0.08715834468603134,0.06618334352970123,-0.06517127901315689,-0.14823803305625916,0.15226797759532928,-0.6272501349449158,-0.36108702421188354,0.43570825457572937,-0.7634501457214355,0.1651017665863037,0.3433195948600769,-0.35030144453048706
1749033598.1063461,0.6139674186706543,-1.990504880944723,1.360342804585592,2.098019762630127,-1.573284927998678,2.0078368186950684,-0.08884301781654358,0.0666181817650795,-0.06516421586275101,-0.15236777067184448,0.15674223005771637,-0.6258143186569214,-0.34121108055114746,0.43943747878074646,-0.7615934610366821,0.20619480311870575,0.304673433303833,-0.36594346165657043
1749033598.1063957,0.6137804985046387,-1.9903847179808558,1.3602264563189905,2.0977112489887695,-1.5729387442218226,2.006516456604004,-0.0897112637758255,0.06726133078336716,-0.06504324823617935,-0.1501125544309616,0.1521875560283661,-0.6254544258117676,-0.3103266656398773,0.4174731373786926,-0.7766679525375366,0.21036262810230255,0.30131053924560547,-0.3153015375137329
1749033598.106445,0.6136234402656555,-1.9902459583678187,1.3600757757769983,2.097398205394409,-1.5726421515094202,2.0053534507751465,-0.08759785443544388,0.06636203080415726,-0.06514173746109009,-0.15033558011054993,0.1521405279636383,-0.6232057809829712,-0.3406115174293518,0.41804707050323486,-0.7749590277671814,0.22847796976566315,0.31940045952796936,-0.3851138949394226
1749033598.106485,0.6134299039840698,-1.9901091061034144,1.35999042192568,2.0971173483082275,-1.5723589102374476,2.004028558731079,-0.08702313899993896,0.06663402169942856,-0.06498516350984573,-0.14886555075645447,0.1518118977546692,-0.6274428367614746,-0.34133464097976685,0.3990786075592041,-0.7743870615959167,0.2292235791683197,0.3306241035461426,-0.35407495498657227
1749033598.1065238,0.6132571697235107,-1.989957948724264,1.3598392645465296,2.0968100267597656,-1.5720866362201136,2.002723455429077,-0.08781281113624573,0.0669911652803421,-0.06450677663087845,-0.14601071178913116,0.15184585750102997,-0.6286845207214355,-0.3699420094490051,0.4146738350391388,-0.7758344411849976,0.19473429024219513,0.34110480546951294,-0.3141736090183258
1749033598.1065645,0.613092839717865,-1.9897939167418421,1.3597143332110804,2.0965444284626464,-1.5717366377459925,2.001483917236328,-0.08680448681116104,0.06668257713317871,-0.06539153307676315,-0.14517411589622498,0.15193593502044678,-0.6265284419059753,-0.3252198398113251,0.40314269065856934,-0.807115912437439,0.208941251039505,0.3208625614643097,-0.3192765414714813
1749033598.106604,0.6128785610198975,-1.989697118798727,1.3595741430865687,2.096224470729492,-1.5714719931231897,2.0002713203430176,-0.08461980521678925,0.06566200405359268,-0.06378351897001266,-0.1449366807937622,0.15177471935749054,-0.6243696808815002,-0.38043686747550964,0.40914756059646606,-0.7856799960136414,0.20648883283138275,0.34585243463516235,-0.34457361698150635
1749033598.1066418,0.6126868724822998,-1.9895531139769496,1.3594234625445765,2.095951958293579,-1.5711458365069788,1.9990440607070923,-0.08871231228113174,0.06874341517686844,-0.06383053958415985,-0.1459304392337799,0.15229026973247528,-0.622032105922699,-0.3419848382472992,0.37817007303237915,-0.801812469959259,0.20764127373695374,0.37349772453308105,-0.36017802357673645
1749033598.1066785,0.6125691533088684,-1.9894329510130824,1.3592727820025843,2.0956405836292724,-1.5708730856524866,1.9978002309799194,-0.08496218174695969,0.06469796597957611,-0.0651550218462944,-0.14711396396160126,0.15412463247776031,-0.6226040124893188,-0.36437320709228516,0.42953234910964966,-0.7925363779067993,0.20889955759048462,0.3607911467552185,-0.39440616965293884
1749033598.1067276,0.6123945713043213,-1.9893204174437464,1.3591559568988245,2.0953566271015625,-1.570533577595846,1.9965567588806152,-0.08601472526788712,0.06485046446323395,-0.06564503163099289,-0.14547309279441833,0.15588416159152985,-0.6272457838058472,-0.3676668703556061,0.4336569905281067,-0.7885143756866455,0.23075637221336365,0.3445943295955658,-0.336721807718277
1749033598.1067672,0.6122148036956787,-1.9891849956908167,1.3590124289142054,2.09507863103833,-1.570254151021139,1.9953227043151855,-0.08578380942344666,0.06679664552211761,-0.06507759541273117,-0.14654944837093353,0.15752075612545013,-0.6281425356864929,-0.3635709881782532,0.40680888295173645,-0.7851740717887878,0.2008257508277893,0.3177623152732849,-0.31975284218788147
1749033598.1068044,0.6119809746742249,-1.9890371761717738,1.3588836828814905,2.0947741705128173,-1.5699227491961878,1.9940409660339355,-0.08649211376905441,0.06372684240341187,-0.06789220869541168,-0.1448589265346527,0.15872375667095184,-0.62721848487854,-0.3818042576313019,0.44313567876815796,-0.7659172415733337,0.2062278538942337,0.3350844383239746,-0.3741423785686493
1749033598.1068413,0.6119809746742249,-1.9890371761717738,1.3588836828814905,2.0947741705128173,-1.5699227491961878,1.9940409660339355,-0.08649211376905441,0.06372684240341187,-0.06789220869541168,-0.1448589265346527,0.15872375667095184,-0.62721848487854,-0.3818042576313019,0.44313567876815796,-0.7659172415733337,0.2062278538942337,0.3350844383239746,-0.3741423785686493
1749033598.106878,0.6119809746742249,-1.9890371761717738,1.3588836828814905,2.0947741705128173,-1.5699227491961878,1.9940409660339355,-0.08649211376905441,0.06372684240341187,-0.06789220869541168,-0.1448589265346527,0.15872375667095184,-0.62721848487854,-0.3818042576313019,0.44313567876815796,-0.7659172415733337,0.2062278538942337,0.3350844383239746,-0.3741423785686493
1749033598.1069143,0.6114534139633179,-1.9886652431883753,1.3584917227374476,2.0938853460499267,-1.5689638296710413,1.990310549736023,-0.08679002523422241,0.06578709185123444,-0.06938263028860092,-0.146834596991539,0.15574760735034943,-0.6308228373527527,-0.37006473541259766,0.43019136786460876,-0.7495010495185852,0.23431935906410217,0.323815256357193,-0.3714081048965454
1749033598.1069503,0.6112734079360962,-1.988533159295553,1.3583224455462855,2.093581362361572,-1.5686729590045374,1.9889994859695435,-0.08598796278238297,0.0657205805182457,-0.0679154098033905,-0.14534172415733337,0.15086397528648376,-0.6335119605064392,-0.37734824419021606,0.4447520971298218,-0.7449427247047424,0.2366613894701004,0.3530369699001312,-0.3139965534210205
1749033598.1069872,0.6111454963684082,-1.988413473168844,1.358225170766012,2.093285484904907,-1.5683859030352991,1.9877727031707764,-0.08726345002651215,0.06504594534635544,-0.0673549473285675,-0.14497531950473785,0.1514049619436264,-0.6325415968894958,-0.3881584703922272,0.4466681480407715,-0.7695488929748535,0.20274484157562256,0.37772083282470703,-0.3460821807384491
1749033598.107024,0.6109464168548584,-1.9882642231383265,1.3580802122699183,2.093001289958618,-1.5680978933917444,1.9864914417266846,-0.08799106627702713,0.06711866706609726,-0.0673028752207756,-0.14615453779697418,0.1555240899324417,-0.6338005661964417,-0.3713410198688507,0.4748947024345398,-0.7703073024749756,0.19619472324848175,0.3590611219406128,-0.3712118864059448
1749033598.1070597,0.6107350587844849,-1.9881097278990687,1.3579323927508753,2.0927445131489257,-1.567824665700094,1.9852098226547241,-0.08734209090471268,0.06645273417234421,-0.06785399466753006,-0.14761070907115936,0.1583952009677887,-0.6356294751167297,-0.33962681889533997,0.41405776143074036,-0.7364020347595215,0.21803440153598785,0.3424411416053772,-0.28610873222351074
1749033598.107096,0.6106303334236145,-1.9880243740477503,1.3577888647662562,2.092439814204834,-1.5674827734576624,1.9839565753936768,-0.08739891648292542,0.06722143292427063,-0.06610216945409775,-0.14779697358608246,0.1593189239501953,-0.6307849884033203,-0.38622400164604187,0.44782501459121704,-0.7756984233856201,0.21335875988006592,0.3187781274318695,-0.35248863697052
1749033598.1071322,0.6104386448860168,-1.9878775082030238,1.3576849142657679,2.0921763616749267,-1.56712514558901,1.9826868772506714,-0.08494466543197632,0.0637848749756813,-0.06619314849376678,-0.1474299132823944,0.16452445089817047,-0.6303285360336304,-0.37356966733932495,0.46132758259773254,-0.7772595286369324,0.20308151841163635,0.2608725130558014,-0.327606201171875
1749033598.107168,0.6102398633956909,-1.9877101383604945,1.3575218359576624,2.0918478208729248,-1.5668490568744105,1.9814796447753906,-0.08400878310203552,0.0642751157283783,-0.06696812808513641,-0.14944662153720856,0.16005465388298035,-0.6299787759780884,-0.41830676794052124,0.465793251991272,-0.7724331617355347,0.21394090354442596,0.295894980430603,-0.3160639703273773
1749033598.1076677,0.6100983023643494,-1.9875818691649378,1.3574164549456995,2.091538353557251,-1.5665257612811487,1.9801723957061768,-0.08816169202327728,0.06773963570594788,-0.06789864599704742,-0.14689065515995026,0.15736636519432068,-0.6277545690536499,-0.32889503240585327,0.4541626572608948,-0.7434320449829102,0.18901269137859344,0.31458431482315063,-0.37534090876579285
1749033598.1097429,0.6099077463150024,-1.987465044061178,1.3572457472430628,2.091238184566162,-1.5661872068988245,1.9789392948150635,-0.08482802659273148,0.06614381074905396,-0.06575946509838104,-0.14977805316448212,0.15737657248973846,-0.6264609694480896,-0.3920021653175354,0.4063125252723694,-0.7739325761795044,0.2184104174375534,0.273275226354599,-0.3203534185886383
1749033598.1543128,0.6097630858421326,-1.9873138866820277,1.3571293989764612,2.0909108358570556,-1.5658658186541956,1.9777122735977173,-0.08667275309562683,0.06490928679704666,-0.06543903797864914,-0.15086938440799713,0.15517374873161316,-0.6264238357543945,-0.36286914348602295,0.4776836335659027,-0.7889682650566101,0.2600901424884796,0.31549060344696045,-0.37997519969940186
1749033598.1543589,0.6095606088638306,-1.987192770043844,1.3570049444781702,2.0906099516102294,-1.5656169096576136,1.976404070854187,-0.08780662715435028,0.06758712232112885,-0.06831814348697662,-0.14891095459461212,0.15451683104038239,-0.6277551651000977,-0.3728480339050293,0.4182184934616089,-0.7348901033401489,0.24601733684539795,0.3139808177947998,-0.36126023530960083
1749033598.1543992,0.6093963384628296,-1.987037797967428,1.3568537870990198,2.0902857023426513,-1.565275017415182,1.975187063217163,-0.0869535282254219,0.0673636794090271,-0.06520187109708786,-0.14801089465618134,0.15188811719417572,-0.6290543675422668,-0.38368386030197144,0.44609856605529785,-0.7788619995117188,0.2533862888813019,0.3200468420982361,-0.33725547790527344
1749033598.1544383,0.6092010736465454,-1.986913343469137,1.3567569891559046,2.0900096136280517,-1.5649569670306605,1.9739097356796265,-0.08683816343545914,0.06824295967817307,-0.0653865858912468,-0.14612539112567902,0.15241949260234833,-0.6270459294319153,-0.3982379734516144,0.38514524698257446,-0.7906374931335449,0.26058077812194824,0.3450428545475006,-0.37839236855506897
1749033598.154477,0.6090595722198486,-1.9867845974364222,1.3565905729876917,2.089756413097046,-1.5646384398089808,1.9726245403289795,-0.08607963472604752,0.06845266371965408,-0.06654457002878189,-0.14438796043395996,0.15364061295986176,-0.6286965012550354,-0.42300325632095337,0.4034656882286072,-0.7640029788017273,0.2395046502351761,0.3215942084789276,-0.36888357996940613
1749033598.1545155,0.6088694334030151,-1.98663391689443,1.3564775625811976,2.089444561595581,-1.5643661657916468,1.9714007377624512,-0.08916766196489334,0.06815624237060547,-0.06817249208688736,-0.1430288702249527,0.15386967360973358,-0.6287130117416382,-0.3472808003425598,0.397966206073761,-0.7557353377342224,0.22880208492279053,0.32976090908050537,-0.3188563883304596
1749033598.154558,0.6086968779563904,-1.986539979974264,1.356314484273092,2.0891668039509277,-1.5640514532672327,1.9701086282730103,-0.08595626801252365,0.06736953556537628,-0.06627784669399261,-0.14292316138744354,0.1545274704694748,-0.6290189027786255,-0.398426353931427,0.4001166820526123,-0.7564641237258911,0.2265147715806961,0.33849281072616577,-0.35464826226234436
1749033598.1545963,0.6084550619125366,-1.986401220361227,1.3561638037311,2.088890715236328,-1.5637372175799769,1.9688620567321777,-0.0900692418217659,0.06686174124479294,-0.06642913073301315,-0.14442622661590576,0.1565355360507965,-0.6280574798583984,-0.3554683327674866,0.4321132302284241,-0.7625290155410767,0.23774535953998566,0.31884831190109253,-0.32551291584968567
1749033598.154634,0.6083298921585083,-1.9862500629820765,1.356035057698385,2.088583393687866,-1.5634172598468226,1.9675885438919067,-0.08662986010313034,0.06641311943531036,-0.06662154942750931,-0.1437896341085434,0.15691505372524261,-0.6260517239570618,-0.36803722381591797,0.41506680846214294,-0.7515401244163513,0.2288264036178589,0.3000079393386841,-0.3265053331851959
1749033598.1547995,0.6081591844558716,-1.9861489735045375,1.3559067885028284,2.0882834631153564,-1.5630839506732386,1.966369867324829,-0.08782468736171722,0.06612192094326019,-0.0668698400259018,-0.14286917448043823,0.15874198079109192,-0.6227658987045288,-0.35131803154945374,0.4134325683116913,-0.7440933585166931,0.21380972862243652,0.2994396984577179,-0.3642464876174927
1749033598.1548386,0.6079872250556946,-1.98600496868276,1.3557561079608362,2.0880061823078613,-1.5628779570208948,1.9650917053222656,-0.087868832051754,0.06642687320709229,-0.06678871810436249,-0.14621351659297943,0.15512022376060486,-0.6258652806282043,-0.3723994791507721,0.44172564148902893,-0.750105082988739,0.2250255048274994,0.31545591354370117,-0.3497718274593353
1749033598.1548758,0.6077882051467896,-1.985842844048971,1.3556163946734827,2.087702675456665,-1.5625155607806605,1.96385657787323,-0.08699049055576324,0.06639504432678223,-0.06651300191879272,-0.14527715742588043,0.15108570456504822,-0.6271494030952454,-0.3733891546726227,0.4326373040676117,-0.7445812225341797,0.2306613326072693,0.3266879916191101,-0.362890362739563
1749033598.1549127,0.6076586246490479,-1.9857493839659632,1.3554957548724573,2.0874451833912353,-1.5621770063983362,1.962620735168457,-0.08619572222232819,0.06594890356063843,-0.06587965786457062,-0.14762064814567566,0.15447692573070526,-0.6292495131492615,-0.36541950702667236,0.4283742904663086,-0.7463722825050354,0.2440902441740036,0.3093518018722534,-0.33174508810043335
1749033598.1549497,0.6074161529541016,-1.9855739078917445,1.3553836981402796,2.087129517192505,-1.5618670622455042,1.961281657218933,-0.0860627144575119,0.06511224806308746,-0.06614776700735092,-0.15048041939735413,0.15084947645664215,-0.6297499537467957,-0.37910211086273193,0.43654105067253113,-0.7426086068153381,0.2797187566757202,0.3483203947544098,-0.28973016142845154
1749033598.154986,0.6073064208030701,-1.9854890308775843,1.3552048842059534,2.0868252950855712,-1.5616138617144983,1.960112452507019,-0.08613954484462738,0.06485140323638916,-0.06596391648054123,-0.14880849421024323,0.15054693818092346,-0.6260068416595459,-0.3740045130252838,0.46646538376808167,-0.7551091313362122,0.29144608974456787,0.33630746603012085,-0.33766016364097595
1749033598.1550226,0.6070696711540222,-1.9853407345213832,1.355096165333883,2.086512966746948,-1.5612214247332972,1.9588775634765625,-0.08688129484653473,0.06665264070034027,-0.06611605733633041,-0.14670056104660034,0.15203484892845154,-0.6238427758216858,-0.36302414536476135,0.40396633744239807,-0.7421755790710449,0.2602982521057129,0.3177974224090576,-0.3265018165111542
1749033598.1550589,0.6069089770317078,-1.985185285607809,1.3549640814410608,2.0862478452869873,-1.560953442250387,1.9576029777526855,-0.08678872883319855,0.06368931382894516,-0.06599441170692444,-0.14565490186214447,0.15382808446884155,-0.6216980814933777,-0.3822174668312073,0.4539485275745392,-0.7353594303131104,0.2619129717350006,0.3065865933895111,-0.35289666056632996
1749033598.1550953,0.6067684888839722,-1.9850813351073207,1.3548324743853968,2.0859247881123046,-1.5606568495379847,1.9563912153244019,-0.087464340031147,0.06518003344535828,-0.06487622112035751,-0.14431269466876984,0.15350289642810822,-0.6233652234077454,-0.3901579678058624,0.4874046742916107,-0.7749933004379272,0.25265082716941833,0.31262779235839844,-0.40307408571243286
1749033598.1551313,0.6065386533737183,-1.9849449596800746,1.3547003904925745,2.085620089168213,-1.5602996985064905,1.9550714492797852,-0.08625108003616333,0.06793372333049774,-0.065988689661026,-0.14606162905693054,0.15392573177814484,-0.62912517786026,-0.39231157302856445,0.4085238575935364,-0.7413362264633179,0.2654975354671478,0.31203678250312805,-0.31386420130729675
1749033598.155168,0.6064054369926453,-1.9847976169981898,1.3545525709735315,2.0853237348743896,-1.559974495564596,1.953867793083191,-0.08968815207481384,0.06454616039991379,-0.0630837231874466,-0.14575150609016418,0.15291360020637512,-0.6290698647499084,-0.3633555471897125,0.43023383617401123,-0.7672505378723145,0.2698363661766052,0.29670295119285583,-0.2956273555755615
1749033598.1552055,0.6062224507331848,-1.9846660099425257,1.35441762605776,2.085054560298584,-1.559685532246725,1.9525575637817383,-0.08639781177043915,0.06671345233917236,-0.06351836025714874,-0.1442675143480301,0.1498626172542572,-0.6266869306564331,-0.40098461508750916,0.42845895886421204,-0.7733637094497681,0.25333136320114136,0.31813347339630127,-0.3350835144519806
1749033598.1552413,0.6060499548912048,-1.984537263909811,1.3543008009540003,2.0847627359577636,-1.5593817869769495,1.9513485431671143,-0.08886541426181793,0.06694860756397247,-0.06640183925628662,-0.144808828830719,0.15190725028514862,-0.6219387650489807,-0.3664093017578125,0.40749120712280273,-0.743698239326477,0.2717885971069336,0.31522446870803833,-0.3159438967704773
1749033598.155644,0.6058857440948486,-1.9843899212279261,1.3541730085956019,2.0845016676136474,-1.5590794722186487,1.9501179456710815,-0.08728601783514023,0.06669534742832184,-0.06379207223653793,-0.13959425687789917,0.1503669023513794,-0.6195984482765198,-0.34998172521591187,0.39053741097450256,-0.7653381824493408,0.2168891429901123,0.3097253143787384,-0.38272178173065186
1749033598.157665,0.6056713461875916,-1.984248777429098,1.3540213743792933,2.084197445506714,-1.5587886015521448,1.9488881826400757,-0.08804287016391754,0.06687154620885849,-0.0640486478805542,-0.14132629334926605,0.14995963871479034,-0.6245760321617126,-0.39426329731941223,0.41138431429862976,-0.7734800577163696,0.22248339653015137,0.3126671314239502,-0.38606512546539307
1749033598.2022998,0.6055070757865906,-1.984141012231344,1.3538816610919397,2.083920879954956,-1.5584848562823694,1.9475713968276978,-0.08780381828546524,0.0671556368470192,-0.06522021442651749,-0.14296968281269073,0.14952602982521057,-0.6282390356063843,-0.3611196279525757,0.4126972258090973,-0.7776210904121399,0.25677287578582764,0.3072551190853119,-0.30820536613464355
1749033598.2023456,0.6053171157836914,-1.9840246639647425,1.3537657896624964,2.0836328703114013,-1.5581515471087855,1.9463911056518555,-0.08705305308103561,0.06575408577919006,-0.06569229066371918,-0.14023616909980774,0.14981180429458618,-0.6250271797180176,-0.3634798228740692,0.4301280081272125,-0.7391567826271057,0.215518519282341,0.317856103181839,-0.35586848855018616
1749033598.202393,0.6051408052444458,-1.9838930569090785,1.3536418120013636,2.0833679872700195,-1.5578907171832483,1.9450863599777222,-0.08711447566747665,0.06952839344739914,-0.06667203456163406,-0.14272144436836243,0.14897163212299347,-0.6233174204826355,-0.36131155490875244,0.39379990100860596,-0.7550636529922485,0.2226448506116867,0.31242841482162476,-0.3511504828929901
1749033598.202434,0.6049572825431824,-1.9837295017638148,1.35350209871401,2.083111210460327,-1.5576003233539026,1.9438356161117554,-0.08713072538375854,0.06534374505281448,-0.06575819104909897,-0.14122271537780762,0.15071408450603485,-0.6234588027000427,-0.37372031807899475,0.42190858721733093,-0.7582979798316956,0.21408267319202423,0.3181939721107483,-0.37622326612472534
1749033598.202473,0.6048284769058228,-1.9836012325682582,1.3533971945392054,2.0828117567249755,-1.5572851339923304,1.9426240921020508,-0.08614444732666016,0.06608349084854126,-0.06495130062103271,-0.14293496310710907,0.1514444202184677,-0.6235032677650452,-0.41419389843940735,0.40702712535858154,-0.7717170715332031,0.18663190305233002,0.3021140396595001,-0.4067763686180115
1749033598.202511,0.6046448349952698,-1.983481069604391,1.353269402180807,2.082554741496704,-1.5569809118853968,1.9413279294967651,-0.0880114808678627,0.06919416785240173,-0.06542883068323135,-0.14391258358955383,0.1519668996334076,-0.6289065480232239,-0.37439239025115967,0.39135944843292236,-0.7604188323020935,0.20511949062347412,0.31971919536590576,-0.35307127237319946
1749033598.2025485,0.604461669921875,-1.9833561382689417,1.353133503590719,2.082259102458618,-1.5567205587970179,1.9400146007537842,-0.08625531196594238,0.06583768874406815,-0.0672202929854393,-0.14735209941864014,0.15401968359947205,-0.6299664378166199,-0.40441253781318665,0.42167264223098755,-0.7348854541778564,0.2073507457971573,0.2939718961715698,-0.3127296268939972
1749033598.2025862,0.6042941808700562,-1.9832092724242152,1.353001896535055,2.0819594103046875,-1.5563519636737269,1.938785433769226,-0.08899633586406708,0.06655692309141159,-0.06396346539258957,-0.14784759283065796,0.15373358130455017,-0.6270536780357361,-0.4071701467037201,0.422055721282959,-0.7754937410354614,0.20697356760501862,0.30318501591682434,-0.3374243676662445
1749033598.202623,0.6041289567947388,-1.983072896996969,1.3528545538531702,2.0816585260578613,-1.556091610585348,1.9375309944152832,-0.08624265342950821,0.06712143868207932,-0.06445828825235367,-0.14928734302520752,0.15436778962612152,-0.6256899237632751,-0.39340153336524963,0.4252268075942993,-0.766659140586853,0.1919751912355423,0.268846333026886,-0.33975136280059814
1749033598.2026603,0.6041289567947388,-1.983072896996969,1.3528545538531702,2.0816585260578613,-1.556091610585348,1.9375309944152832,-0.08624265342950821,0.06712143868207932,-0.06445828825235367,-0.14928734302520752,0.15436778962612152,-0.6256899237632751,-0.39340153336524963,0.4252268075942993,-0.766659140586853,0.1919751912355423,0.268846333026886,-0.33975136280059814
1749033598.2027018,0.603718638420105,-1.982793470422262,1.3525870482074183,2.081061287517212,-1.5554001967059534,1.9350712299346924,-0.08842206746339798,0.06684044748544693,-0.06391803920269012,-0.15046994388103485,0.15345607697963715,-0.6265823245048523,-0.3664752244949341,0.4271567463874817,-0.7779749631881714,0.2014182209968567,0.30253279209136963,-0.3959938883781433
1749033598.2027392,0.6035637259483337,-1.9826652012267054,1.3524554411517542,2.080732985133789,-1.555108372365133,1.9337995052337646,-0.08825177699327469,0.06719618290662766,-0.06444185227155685,-0.15187564492225647,0.1526627540588379,-0.6306592226028442,-0.378560870885849,0.41720494627952576,-0.7863386869430542,0.2288244366645813,0.2837984561920166,-0.3200274407863617
1749033598.2027757,0.6034113764762878,-1.982514043847555,1.3523390928851526,2.0804175573536376,-1.5548089186297815,1.9325858354568481,-0.08884362131357193,0.06752200424671173,-0.06508921831846237,-0.15609925985336304,0.15135261416435242,-0.6304588913917542,-0.3764125406742096,0.4020022749900818,-0.7799369096755981,0.27260059118270874,0.29852741956710815,-0.34972119331359863
1749033598.2028124,0.6032124757766724,-1.982401033441061,1.3521726767169397,2.0801121431538085,-1.5544708410846155,1.9313331842422485,-0.08896367251873016,0.06791892647743225,-0.06486550718545914,-0.15244682133197784,0.15161198377609253,-0.6310390830039978,-0.38889461755752563,0.44794410467147827,-0.7806637287139893,0.2705993950366974,0.3191421627998352,-0.41602662205696106
1749033598.2028484,0.6030675172805786,-1.9822846851744593,1.3520720640765589,2.079831762904785,-1.554206673298971,1.930047869682312,-0.09082329273223877,0.06899300217628479,-0.06541915237903595,-0.15160618722438812,0.1525193750858307,-0.634716808795929,-0.35774627327919006,0.38597971200942993,-0.7748509645462036,0.28344836831092834,0.31587690114974976,-0.32644838094711304
1749033598.2028852,0.6028953194618225,-1.9821340046324671,1.3519170920001429,2.0795392233082275,-1.553845230733053,1.928828477859497,-0.0898929238319397,0.06784377992153168,-0.06462748348712921,-0.14949306845664978,0.1518392711877823,-0.6343459486961365,-0.3548731505870819,0.40797537565231323,-0.7934623956680298,0.26180166006088257,0.323849081993103,-0.3622512221336365
1749033598.2029219,0.6026809811592102,-1.9819899998106898,1.351816479359762,2.0792035299488525,-1.5535762945758265,1.927531361579895,-0.08841163665056229,0.06682609021663666,-0.0654025599360466,-0.14992652833461761,0.1518406867980957,-0.6368951797485352,-0.3550876975059509,0.4170311987400055,-0.780971884727478,0.2603919506072998,0.3241317570209503,-0.305512011051178
1749033598.2029583,0.6025404930114746,-1.9818960628905238,1.3517072836505335,2.078962965602539,-1.5532663504229944,1.9262865781784058,-0.08753547817468643,0.06715288013219833,-0.06649548560380936,-0.1493396908044815,0.15095743536949158,-0.6371710896492004,-0.3890816569328308,0.41146886348724365,-0.7911949753761292,0.255938857793808,0.3281654417514801,-0.3166871666908264
1749033598.202994,0.602353572845459,-1.9817377529540003,1.351532284413473,2.0786663728901367,-1.5529707113849085,1.9249722957611084,-0.08978507667779922,0.06761140376329422,-0.0672588050365448,-0.14889709651470184,0.15462204813957214,-0.6350955963134766,-0.3810023367404938,0.4187787175178528,-0.7707474827766418,0.24827855825424194,0.30400481820106506,-0.3400493860244751
1749033598.2030306,0.602158784866333,-1.9816128216185511,1.3514044920550745,2.0783702570148925,-1.552664581929342,1.9237226247787476,-0.08696350455284119,0.06840494275093079,-0.06761032342910767,-0.14726929366588593,0.15213392674922943,-0.6346048712730408,-0.3919820189476013,0.3861365020275116,-0.772626519203186,0.23717498779296875,0.30209487676620483,-0.29950234293937683
1749033598.2030666,0.6020188331604004,-1.98144592861318,1.3512652556048792,2.0780817705341796,-1.5523422400103968,1.9224528074264526,-0.08833826333284378,0.06879767030477524,-0.06787871569395065,-0.1490432471036911,0.15250395238399506,-0.6329960823059082,-0.4159865975379944,0.3882918655872345,-0.766470193862915,0.25331172347068787,0.2943115234375,-0.3537059426307678
1749033598.2031033,0.6018147468566895,-1.9813610515990199,1.3511408011065882,2.0777811247059326,-1.55202562013735,1.9212207794189453,-0.08983973413705826,0.06786738336086273,-0.06761208176612854,-0.1450008600950241,0.15278582274913788,-0.6347114443778992,-0.34974178671836853,0.4047524929046631,-0.7623680233955383,0.21653366088867188,0.2899520993232727,-0.3476063311100006
1749033598.2036598,0.6016282439231873,-1.9811660252013148,1.351008717213766,2.077489061946533,-1.5517695585833948,1.9199066162109375,-0.08834151178598404,0.07041627168655396,-0.06637892872095108,-0.14469417929649353,0.1498686820268631,-0.6353397965431213,-0.41463345289230347,0.37296342849731445,-0.7634249925613403,0.20738618075847626,0.3224756419658661,-0.3417985439300537
1749033598.2056446,0.601459264755249,-1.9810410938658656,1.3508532683001917,2.0771805483051757,-1.5514519850360315,1.9187029600143433,-0.09084464609622955,0.06673508137464523,-0.06642210483551025,-0.15111012756824493,0.15034671127796173,-0.6330325603485107,-0.3735407888889313,0.4042375087738037,-0.7743198275566101,0.24991798400878906,0.31718969345092773,-0.3640177547931671
1749033598.246302,0.6013002395629883,-1.980906148950094,1.3507455031024378,2.076836510295532,-1.5511253515826624,1.917414903640747,-0.08954691886901855,0.06643301993608475,-0.06605720520019531,-0.14772334694862366,0.15232661366462708,-0.633597731590271,-0.36706262826919556,0.4142264425754547,-0.7764767408370972,0.24501366913318634,0.3222404420375824,-0.3531914949417114
1749033598.2463477,0.6011132597923279,-1.9807740650572718,1.3505976835833948,2.076556606883667,-1.550868336354391,1.9161090850830078,-0.08985844254493713,0.06874122470617294,-0.06996434181928635,-0.14897291362285614,0.15384306013584137,-0.6330207586288452,-0.3557661771774292,0.3841347396373749,-0.7597869634628296,0.25756001472473145,0.3149643838405609,-0.3316398859024048
1749033598.2463915,0.6009359359741211,-1.9806648693480433,1.3504694143878382,2.076251907939575,-1.5504844824420374,1.9148975610733032,-0.08957751095294952,0.06534244865179062,-0.06608087569475174,-0.14770282804965973,0.1542188674211502,-0.6323148608207703,-0.3878241181373596,0.4027785062789917,-0.7785696983337402,0.25000128149986267,0.314636766910553,-0.3505418598651886
1749033598.2464309,0.6007687449455261,-1.9805170498290003,1.3503568808185022,2.075951500529907,-1.5502284208880823,1.913557767868042,-0.0905141606926918,0.06584630906581879,-0.0657663643360138,-0.14766691625118256,0.1539473682641983,-0.6321765780448914,-0.3805915415287018,0.42520996928215027,-0.7854323983192444,0.24193915724754333,0.3198343515396118,-0.35044682025909424
1749033598.2464697,0.6006045341491699,-1.9804007015623988,1.3501938025103968,2.075666590327881,-1.5499628225909632,1.9123188257217407,-0.09042838215827942,0.06728348881006241,-0.0690845251083374,-0.1465405970811844,0.15412655472755432,-0.631905734539032,-0.4052845239639282,0.3928517997264862,-0.7485355138778687,0.22744137048721313,0.3134463131427765,-0.34263694286346436
1749033598.2465074,0.6003744602203369,-1.9802376232542933,1.3500703016864222,2.075362368220947,-1.5495904127704065,1.9110333919525146,-0.08870495855808258,0.06715704500675201,-0.06764566153287888,-0.1477379947900772,0.15401363372802734,-0.6302911043167114,-0.36751896142959595,0.39722010493278503,-0.762580156326294,0.2621766924858093,0.3231552243232727,-0.33326709270477295
1749033598.2465508,0.600269079208374,-1.980152269402975,1.3499468008624476,2.0751213270374755,-1.5492923895465296,1.9097687005996704,-0.08668754994869232,0.06615176796913147,-0.0672849789261818,-0.1465987116098404,0.15723158419132233,-0.6294145584106445,-0.4028821885585785,0.4255101680755615,-0.7558774948120117,0.2599031627178192,0.2920711040496826,-0.29336681962013245
1749033598.2465894,0.6000439524650574,-1.9799701176085414,1.3497827688800257,2.0748297411152343,-1.548981014882223,1.908532977104187,-0.09012063592672348,0.0657656341791153,-0.06806495040655136,-0.14570781588554382,0.15437541902065277,-0.6274731159210205,-0.4118267893791199,0.42941269278526306,-0.7613459229469299,0.22563786804676056,0.30998528003692627,-0.4000559151172638
1749033598.2466266,0.5998904705047607,-1.9798571072020472,1.349670712147848,2.0745128828236084,-1.54869252840151,1.907243251800537,-0.08762875199317932,0.06844784319400787,-0.06804195046424866,-0.14449036121368408,0.15844418108463287,-0.6286349296569824,-0.4211961328983307,0.41496092081069946,-0.7443745136260986,0.21625417470932007,0.2770378589630127,-0.360586017370224
1749033598.2466643,0.5997377634048462,-1.9796821079649867,1.34953481355776,2.074220820064209,-1.548307243977682,1.906015396118164,-0.08907350897789001,0.06644117087125778,-0.06798845529556274,-0.1439051628112793,0.15809543430805206,-0.6300667524337769,-0.38886183500289917,0.3933578431606293,-0.747390627861023,0.21179404854774475,0.27425727248191833,-0.31093651056289673
1749033598.2467015,0.5995124578475952,-1.9795729122557582,1.3494065443622034,2.073948307628296,-1.548046890889303,1.9047521352767944,-0.08921884000301361,0.06488794088363647,-0.06738663464784622,-0.1405336558818817,0.15579606592655182,-0.6266857385635376,-0.38852357864379883,0.435493528842926,-0.7487040758132935,0.20647656917572021,0.29717278480529785,-0.3496083915233612
1749033598.2467387,0.5993826985359192,-1.9794179401793421,1.3492711226092737,2.073667212123535,-1.547694508229391,1.9034900665283203,-0.08874614536762238,0.06644870340824127,-0.0667107105255127,-0.1441510021686554,0.15543556213378906,-0.6282094717025757,-0.4047151207923889,0.4277326464653015,-0.7569489479064941,0.1762726753950119,0.3077343702316284,-0.3528488278388977
1749033598.2467759,0.5991836190223694,-1.9792901478209437,1.3491390387164515,2.0733446317860107,-1.54741079012026,1.9022133350372314,-0.09111762046813965,0.0689617171883583,-0.06624256074428558,-0.14570356905460358,0.155241459608078,-0.6282944083213806,-0.3842679262161255,0.3656620383262634,-0.7589614987373352,0.23723509907722473,0.290275514125824,-0.3169872760772705
1749033598.2468128,0.5990403890609741,-1.9791575870909632,1.3489792982684534,2.0730594831654052,-1.5471184889422815,1.9009671211242676,-0.0900382250547409,0.06694889813661575,-0.06807437539100647,-0.14475411176681519,0.1532977968454361,-0.6291337609291077,-0.3821830749511719,0.3852528929710388,-0.7481388449668884,0.2063351571559906,0.303779661655426,-0.36671456694602966
1749033598.24685,0.5988101363182068,-1.9790131054320277,1.348870579396383,2.0727833944508056,-1.546807591115133,1.8997398614883423,-0.09001308679580688,0.06512035429477692,-0.06566092371940613,-0.14639075100421906,0.15116120874881744,-0.6303271055221558,-0.39679619669914246,0.42947643995285034,-0.764830470085144,0.20832598209381104,0.32099083065986633,-0.33788514137268066
1749033598.2468867,0.5986412763595581,-1.9788743458189906,1.348731819783346,2.0724949079700927,-1.5465133825885218,1.898393988609314,-0.09019212424755096,0.06640885025262833,-0.06505338847637177,-0.1459471434354782,0.15209446847438812,-0.630659818649292,-0.3750932216644287,0.39065849781036377,-0.7645542621612549,0.2255900800228119,0.32660698890686035,-0.2922506332397461
1749033598.2469232,0.5984734296798706,-1.9788123569884242,1.3485801855670374,2.072190685863159,-1.5462754408465784,1.8972147703170776,-0.08948498219251633,0.06597034633159637,-0.06629539281129837,-0.14585620164871216,0.15361961722373962,-0.6261098980903625,-0.39632630348205566,0.3937962055206299,-0.7523926496505737,0.20932170748710632,0.31686514616012573,-0.3129062056541443
1749033598.2469597,0.5982987284660339,-1.9786540470519007,1.3484681288348597,2.071899338359497,-1.5459187666522425,1.8958890438079834,-0.09352634847164154,0.06582337617874146,-0.06741826236248016,-0.14465227723121643,0.1547304093837738,-0.6233789920806885,-0.3572682738304138,0.3904014825820923,-0.7458401918411255,0.18821091949939728,0.31859153509140015,-0.2981830835342407
1749033598.2469957,0.5981495380401611,-1.978497167626852,1.3483441511737269,2.07161728918042,-1.545654598866598,1.8946797847747803,-0.08974552899599075,0.0651373639702797,-0.06541826575994492,-0.14414624869823456,0.15212976932525635,-0.6220152974128723,-0.3842620551586151,0.4124177396297455,-0.7508241534233093,0.19425417482852936,0.32802659273147583,-0.37214386463165283
1749033598.2470324,0.5979552268981934,-1.9783693752684535,1.3481925169574183,2.0713137823292236,-1.5453208128558558,1.8934611082077026,-0.09227315336465836,0.06598684936761856,-0.0666174590587616,-0.14793629944324493,0.15580514073371887,-0.6255638003349304,-0.38219550251960754,0.4257235527038574,-0.7510613203048706,0.1957152932882309,0.297952800989151,-0.34610408544540405
1749033598.247676,0.5977242588996887,-1.9782563648619593,1.348095719014303,2.0710219579884033,-1.5450242201434534,1.8921693563461304,-0.08821149170398712,0.0660305842757225,-0.0673193633556366,-0.1459646373987198,0.15385732054710388,-0.6273915767669678,-0.3870835602283478,0.39925509691238403,-0.7454142570495605,0.2108953595161438,0.3030959963798523,-0.28238964080810547
1749033598.2496607,0.5976154208183289,-1.978098054925436,1.3479216734515589,2.070737286204956,-1.544706169758932,1.890954852104187,-0.0903349369764328,0.0658365860581398,-0.06713910400867462,-0.14501112699508667,0.15420103073120117,-0.62408047914505,-0.36644530296325684,0.4065610468387604,-0.7342173457145691,0.1776726245880127,0.3230660557746887,-0.3293679356575012
1749033598.29031,0.5974201560020447,-1.977950235406393,1.3478086630450647,2.0704681116291503,-1.544356648121969,1.8896913528442383,-0.09071476757526398,0.0648936927318573,-0.06644582003355026,-0.14998292922973633,0.15369567275047302,-0.622653603553772,-0.36646223068237305,0.4230288565158844,-0.7531220316886902,0.20138175785541534,0.3096347153186798,-0.3251025676727295
1749033598.2903562,0.597216010093689,-1.9778534374632777,1.34766132036318,2.0701796251484375,-1.5440805594073694,1.8884590864181519,-0.08999291807413101,0.0651407465338707,-0.06652430444955826,-0.14703945815563202,0.1541815847158432,-0.6211174130439758,-0.38267672061920166,0.42653876543045044,-0.7464123964309692,0.19276049733161926,0.326227605342865,-0.3437870144844055
1749033598.290397,0.5970803499221802,-1.9776789150633753,1.3475173155414026,2.0699030595966796,-1.5438359419452112,1.8872528076171875,-0.08912131935358047,0.0646822452545166,-0.06622429937124252,-0.14685238897800446,0.15450698137283325,-0.620408296585083,-0.3571232259273529,0.431835800409317,-0.7533045411109924,0.18095558881759644,0.3275968134403229,-0.373343288898468
1749033598.2904363,0.5968775749206543,-1.977549215356344,1.3473737875567835,2.0695957380482177,-1.5435016790973108,1.886000394821167,-0.0898209735751152,0.06432805210351944,-0.06660635024309158,-0.14823675155639648,0.15483993291854858,-0.6242424249649048,-0.35641464591026306,0.4059354364871979,-0.7542904615402222,0.20623020827770233,0.32317930459976196,-0.32408612966537476
1749033598.2904747,0.5967206954956055,-1.9774066410460414,1.3472536245929163,2.069284124965332,-1.5431788603412073,1.8847135305404663,-0.09001791477203369,0.06483038514852524,-0.06615942716598511,-0.14765715599060059,0.15480393171310425,-0.6260266900062561,-0.3286685049533844,0.4340893030166626,-0.7429783344268799,0.1914815455675125,0.3159509003162384,-0.3355260491371155
1749033598.2905123,0.5965379476547241,-1.9772783718504847,1.3471139113055628,2.0690271097370605,-1.5428808371173304,1.883475661277771,-0.08873424679040909,0.06476540118455887,-0.06621195375919342,-0.1488390862941742,0.15299148857593536,-0.6228464841842651,-0.3638526499271393,0.43805330991744995,-0.7333539128303528,0.20233605802059174,0.3535394072532654,-0.3627994954586029
1749033598.2905493,0.5963460803031921,-1.9771620235838832,1.3469937483416956,2.0687259870716552,-1.5425766150103968,1.8822216987609863,-0.0905018225312233,0.06381715834140778,-0.06571692228317261,-0.1496267169713974,0.15642760694026947,-0.6221769452095032,-0.35850411653518677,0.44231802225112915,-0.7464581727981567,0.21128961443901062,0.33572036027908325,-0.3350037634372711
1749033598.2905912,0.5961781144142151,-1.9770881138243617,1.3468621412860315,2.0684029298969726,-1.5422866980182093,1.8809953927993774,-0.08901475369930267,0.064052052795887,-0.06522119790315628,-0.1500197947025299,0.15253998339176178,-0.6195259690284729,-0.3880279064178467,0.44937509298324585,-0.7609758377075195,0.20800253748893738,0.3400542140007019,-0.3948380947113037
1749033598.2906299,0.5959740281105042,-1.9769484005370082,1.3467143217669886,2.0681184965321044,-1.5419605414019983,1.8797647953033447,-0.09243740141391754,0.06802424043416977,-0.06455890834331512,-0.15091775357723236,0.1519583910703659,-0.6249834299087524,-0.344639390707016,0.3887016177177429,-0.7611331343650818,0.21171638369560242,0.3669998049736023,-0.3977425992488861
1749033598.290667,0.5957876443862915,-1.9767891369261683,1.3466103712665003,2.067833824748657,-1.5416181723224085,1.8784464597702026,-0.08821183443069458,0.06373464316129684,-0.06535705924034119,-0.14954538643360138,0.1575796753168106,-0.6288845539093018,-0.3386453092098236,0.4367012083530426,-0.7779551148414612,0.22196553647518158,0.34108883142471313,-0.32563596963882446
1749033598.2907038,0.5956082344055176,-1.9766456089415492,1.3464744726764124,2.0675298410603027,-1.5413177649127405,1.877170205116272,-0.08968769013881683,0.06397221237421036,-0.06587965786457062,-0.1512773483991623,0.1546255648136139,-0.6253424882888794,-0.34775665402412415,0.432952880859375,-0.7380472421646118,0.2047402411699295,0.3266345262527466,-0.3328927457332611
1749033598.290741,0.5954749584197998,-1.9765521488585414,1.346365753804342,2.0672291952320556,-1.5410049597369593,1.8759803771972656,-0.08934805542230606,0.06787514686584473,-0.06314227730035782,-0.15060210227966309,0.1561475545167923,-0.6235533952713013,-0.33562248945236206,0.3844563066959381,-0.792721152305603,0.23202890157699585,0.3356299102306366,-0.3590925335884094
1749033598.2907784,0.5952796936035156,-1.976400991479391,1.346198860798971,2.0669097143360595,-1.5407012144671839,1.8746792078018188,-0.0889744684100151,0.06528438627719879,-0.06401029229164124,-0.14936433732509613,0.157939612865448,-0.6220594644546509,-0.35296106338500977,0.39900583028793335,-0.7917838096618652,0.2102188766002655,0.3252251148223877,-0.3357714116573334
1749033598.2908156,0.5950849652290344,-1.9762536487975062,1.3460481802569788,2.0665857034870605,-1.540405575429098,1.87346351146698,-0.08760254830121994,0.06590268015861511,-0.067715585231781,-0.15335431694984436,0.1555207520723343,-0.6211742162704468,-0.3824711740016937,0.43372642993927,-0.7630631923675537,0.22878503799438477,0.3215152621269226,-0.4070945680141449
1749033598.2908523,0.5949206352233887,-1.9761058292784632,1.3459351698504847,2.066300554866455,-1.540121857319967,1.872249722480774,-0.08914575725793839,0.0669386014342308,-0.06507696956396103,-0.1504170000553131,0.15427105128765106,-0.627336323261261,-0.3841981291770935,0.42551347613334656,-0.7636375427246094,0.2592763602733612,0.3352920413017273,-0.3584992289543152
1749033598.2908893,0.5947456359863281,-1.975973745385641,1.3458154837237757,2.066034956569336,-1.5397799650775355,1.870966911315918,-0.08897211402654648,0.066930390894413,-0.06569181382656097,-0.1488933563232422,0.1546502709388733,-0.6299477219581604,-0.3684789538383484,0.4079332947731018,-0.762636661529541,0.2362569272518158,0.329741895198822,-0.30792173743247986
1749033598.2909253,0.5945783853530884,-1.9758578739561976,1.3456905523883265,2.0657107073017578,-1.5394333044635218,1.86973237991333,-0.08806052058935165,0.06622122973203659,-0.06550765037536621,-0.148977130651474,0.15672191977500916,-0.6281258463859558,-0.3847119212150574,0.38779497146606445,-0.7612928152084351,0.24555209279060364,0.3387995958328247,-0.34475043416023254
1749033598.2909617,0.5943937301635742,-1.9757362804808558,1.3455517927752894,2.0654100614735107,-1.539154354725973,1.868485927581787,-0.08655767142772675,0.06723522394895554,-0.06494660675525665,-0.148909330368042,0.15619631111621857,-0.6290232539176941,-0.4048246741294861,0.4008939564228058,-0.7720874547958374,0.23029875755310059,0.3034866154193878,-0.30674251914024353
1749033598.2909977,0.594206690788269,-1.9755932293333949,1.345435921345846,2.0651187139698486,-1.53886586824526,1.8671975135803223,-0.08934083580970764,0.06625567376613617,-0.06458614021539688,-0.14801259338855743,0.1541728675365448,-0.6256277561187744,-0.36839190125465393,0.3746682405471802,-0.7784786820411682,0.2251250445842743,0.33765244483947754,-0.37474554777145386
1749033598.2910342,0.5939984321594238,-1.975450178185934,1.3452847639666956,2.0647827821918945,-1.538586441670553,1.8660049438476562,-0.08755531162023544,0.06472434848546982,-0.06570260971784592,-0.14603394269943237,0.15945838391780853,-0.6278349757194519,-0.3975355327129364,0.43268531560897827,-0.7979841232299805,0.23101219534873962,0.3068827986717224,-0.3768194317817688
1749033598.2916737,0.5938705205917358,-1.9753185711302699,1.345168415700094,2.064520760173462,-1.5382679144488733,1.8646711111068726,-0.0907115712761879,0.06607674807310104,-0.06476621329784393,-0.15064436197280884,0.15817826986312866,-0.6327203512191772,-0.34898149967193604,0.42034292221069336,-0.8002617955207825,0.2721138000488281,0.3119904398918152,-0.30504438281059265
1749033598.2936528,0.5936716198921204,-1.975213190118307,1.3450434843646448,2.0641979414173584,-1.5379326979266565,1.8634531497955322,-0.08664186298847198,0.06695495545864105,-0.06493423879146576,-0.1455639898777008,0.15842051804065704,-0.6301040649414062,-0.3783830404281616,0.40565887093544006,-0.8009467124938965,0.22996148467063904,0.3023470938205719,-0.3638051748275757
1749033598.3385332,0.5934763550758362,-1.975081583062643,1.3449395338641565,2.063897057170532,-1.537638012562887,1.862182855606079,-0.08968975394964218,0.06537159532308578,-0.06432352215051651,-0.14453348517417908,0.1574036031961441,-0.6311764121055603,-0.37931743264198303,0.4562922418117523,-0.8123245239257812,0.20902113616466522,0.3066585063934326,-0.33201658725738525
1749033598.3386083,0.5933430194854736,-1.9749537907042445,1.3447535673724573,2.0636283594318847,-1.5372965971576136,1.8609098196029663,-0.08909637480974197,0.06672888249158859,-0.06799903512001038,-0.1472080498933792,0.15609508752822876,-0.6313675045967102,-0.33020681142807007,0.40588903427124023,-0.7739660739898682,0.2502442002296448,0.31845879554748535,-0.32527071237564087
1749033598.3386784,0.5931602120399475,-1.9748174152769984,1.344656769429342,2.0633243757435302,-1.5370119253741663,1.859694242477417,-0.08839958161115646,0.06618528813123703,-0.06697280704975128,-0.14359228312969208,0.15584583580493927,-0.6281557083129883,-0.36738890409469604,0.42469358444213867,-0.7594157457351685,0.23906037211418152,0.3209584653377533,-0.3562733829021454
1749033598.3387477,0.5929685235023499,-1.9746700725951136,1.3444932142840784,2.0630485254475097,-1.5367167631732386,1.8584333658218384,-0.08828222006559372,0.06601845473051071,-0.06675489991903305,-0.14351032674312592,0.15631651878356934,-0.6286072134971619,-0.3578343391418457,0.42161494493484497,-0.7844579815864563,0.21870607137680054,0.3112518787384033,-0.34098464250564575
1749033598.338815,0.592777669429779,-1.9745351276793421,1.3443382422076624,2.062778874034546,-1.5363782087909144,1.8571821451187134,-0.0882597416639328,0.06594767421483994,-0.06930087506771088,-0.14462366700172424,0.1575433313846588,-0.6297090649604797,-0.34751051664352417,0.40383943915367126,-0.7788366079330444,0.24728362262248993,0.3032512962818146,-0.32903802394866943
1749033598.338882,0.5926477909088135,-1.9744030437865199,1.3442404905902308,2.062499447459839,-1.5360983053790491,1.8559004068374634,-0.08879149705171585,0.06577523052692413,-0.06892549991607666,-0.14482901990413666,0.15712355077266693,-0.6274056434631348,-0.3292258381843567,0.405714213848114,-0.7430636286735535,0.25158366560935974,0.2926774024963379,-0.35800787806510925
1749033598.3389487,0.5924659371376038,-1.974311967889303,1.3440898100482386,2.0621983247944335,-1.5357678572284144,1.8546724319458008,-0.08624850958585739,0.06578067690134048,-0.06671390682458878,-0.14560088515281677,0.15768876671791077,-0.6261868476867676,-0.39948779344558716,0.4326910376548767,-0.7830777764320374,0.20634889602661133,0.27757030725479126,-0.33597898483276367
1749033598.3390148,0.5923054218292236,-1.9741646252074183,1.3439458052264612,2.0618912416645507,-1.535456959401266,1.8534213304519653,-0.09148970991373062,0.0660581886768341,-0.0676896944642067,-0.14619119465351105,0.15751245617866516,-0.6276344656944275,-0.3857690095901489,0.4326111674308777,-0.7791942358016968,0.22385865449905396,0.26183825731277466,-0.3695889115333557
1749033598.3390813,0.5921101570129395,-1.974006792108053,1.3438380400287073,2.061603232020996,-1.535130802785055,1.8521755933761597,-0.08705726265907288,0.06628968566656113,-0.06777945905923843,-0.14635589718818665,0.15310725569725037,-0.6297912001609802,-0.3864232301712036,0.4345138370990753,-0.7757164239883423,0.2257339507341385,0.29530656337738037,-0.3568737506866455
1749033598.3391466,0.5919108390808105,-1.9738785229124964,1.3436701933490198,2.061319037074707,-1.534875218068258,1.8508944511413574,-0.08732640743255615,0.06621046364307404,-0.06775731593370438,-0.14688512682914734,0.1536911576986313,-0.6312952041625977,-0.4263702630996704,0.41014477610588074,-0.7550332546234131,0.23429574072360992,0.2695755362510681,-0.32274800539016724
1749033598.3392136,0.5917866230010986,-1.9737493000426234,1.3435853163348597,2.0610028940388183,-1.5345171133624476,1.8496006727218628,-0.08931177854537964,0.06633810698986053,-0.06808654218912125,-0.14739395678043365,0.15271736681461334,-0.6291407346725464,-0.3821679651737213,0.4193892478942871,-0.7590320110321045,0.20933926105499268,0.2981761693954468,-0.3838575780391693
1749033598.3392797,0.591560423374176,-1.9735948048033656,1.343414608632223,2.060706539744995,-1.5342181364642542,1.8484165668487549,-0.08890138566493988,0.06669069826602936,-0.0680757537484169,-0.14599741995334625,0.1532076895236969,-0.6309794187545776,-0.3776650130748749,0.4209730923175812,-0.7632259726524353,0.20146536827087402,0.3238791525363922,-0.3688529133796692
1749033598.3393462,0.5914159417152405,-1.973466535607809,1.3432830015765589,2.0604378420063476,-1.533926788960592,1.8470524549484253,-0.09032026678323746,0.06735208630561829,-0.06817248463630676,-0.1507169008255005,0.15452732145786285,-0.6328657269477844,-0.35118597745895386,0.416671484708786,-0.7541386485099792,0.21768182516098022,0.2892252206802368,-0.3535378873348236
1749033598.3394122,0.5912011861801147,-1.9733349285521449,1.343189541493551,2.0600780683704834,-1.533619228993551,1.8458319902420044,-0.09056960046291351,0.06670721620321274,-0.06781628727912903,-0.14929671585559845,0.15455670654773712,-0.6330777406692505,-0.32354944944381714,0.4208206534385681,-0.7440016269683838,0.2577328681945801,0.31745120882987976,-0.3550164997577667
1749033598.3394806,0.5910800099372864,-1.9732300243773402,1.3430159727679651,2.059798164958618,-1.5332840124713343,1.8444974422454834,-0.08950868248939514,0.06571109592914581,-0.06643259525299072,-0.1493547111749649,0.155135840177536,-0.631339430809021,-0.38946205377578735,0.4370992183685303,-0.7644553184509277,0.25862351059913635,0.3117945194244385,-0.3244757056236267
1749033598.339547,0.5908692479133606,-1.9730588398375453,1.3428791205035608,2.059504671687744,-1.5329707304583948,1.8433079719543457,-0.09086886793375015,0.06602739542722702,-0.06847269088029861,-0.15376153588294983,0.15552808344364166,-0.6302280426025391,-0.3567817509174347,0.42834797501564026,-0.7466613054275513,0.29975974559783936,0.28095707297325134,-0.323093056678772
1749033598.339613,0.5907092690467834,-1.9729544124998988,1.3427351156817835,2.0592049795338134,-1.5326669851886194,1.842054009437561,-0.09080332517623901,0.0651342123746872,-0.06899777054786682,-0.14908018708229065,0.1579861342906952,-0.6285529732704163,-0.34542036056518555,0.44133949279785156,-0.7507064342498779,0.29208046197891235,0.29060208797454834,-0.34562647342681885
1749033598.3396795,0.5905019044876099,-1.9727822742857875,1.3426383177386683,2.0588573652454834,-1.5323718229876917,1.840801477432251,-0.09085103869438171,0.06594809889793396,-0.06753143668174744,-0.14746001362800598,0.15554097294807434,-0.6288138031959534,-0.35713979601860046,0.4447270929813385,-0.7441200017929077,0.27910953760147095,0.29007118940353394,-0.33159589767456055
1749033598.339745,0.5903220176696777,-1.972684999505514,1.3424785772906702,2.0585765081593017,-1.5320761839496058,1.8395484685897827,-0.0905541181564331,0.06692803651094437,-0.06989718228578568,-0.14584733545780182,0.1543286144733429,-0.62981778383255,-0.37032485008239746,0.4099799394607544,-0.74261873960495,0.2795572280883789,0.2951982021331787,-0.39041438698768616
1749033598.3398108,0.5901733040809631,-1.9725543461241664,1.3423507849322718,2.0582730013081054,-1.5317772070514124,1.8382554054260254,-0.09153380990028381,0.06567985564470291,-0.06673117727041245,-0.14544838666915894,0.15760865807533264,-0.6334527730941772,-0.36600226163864136,0.45950403809547424,-0.7408071160316467,0.27859216928482056,0.2822820246219635,-0.35621947050094604
1749033598.3398767,0.5899401307106018,-1.9724418125548304,1.3422077337848108,2.058004065150879,-1.5314658323871058,1.8370355367660522,-0.08925621956586838,0.0669054388999939,-0.06564740836620331,-0.14304932951927185,0.1537950485944748,-0.6361978650093079,-0.31491586565971375,0.43308305740356445,-0.7599217891693115,0.27616190910339355,0.27619996666908264,-0.2999683916568756
1749033598.3399422,0.5899401307106018,-1.9724418125548304,1.3422077337848108,2.058004065150879,-1.5314658323871058,1.8370355367660522,-0.08925621956586838,0.0669054388999939,-0.06564740836620331,-0.14304932951927185,0.1537950485944748,-0.6361978650093079,-0.31491586565971375,0.43308305740356445,-0.7599217891693115,0.27616190910339355,0.27619996666908264,-0.2999683916568756
1749033598.3401017,0.5897594094276428,-1.9722911320128382,1.3420761267291468,2.0576771932789306,-1.5311673323260706,1.8357436656951904,-0.08812221884727478,0.06935971975326538,-0.06790884584188461,-0.14529602229595184,0.15435542166233063,-0.6325294375419617,-0.36636751890182495,0.3839974105358124,-0.7646879553794861,0.2816275954246521,0.2742362320423126,-0.31080135703086853
1749033598.3416843,0.5894361734390259,-1.9720264873900355,1.341816250477926,2.0571366983601074,-1.5305021444903772,1.8332611322402954,-0.08680807054042816,0.06698432564735413,-0.06527035683393478,-0.13939625024795532,0.1533716917037964,-0.625565230846405,-0.38680997490882874,0.42429226636886597,-0.7717363834381104,0.2617410719394684,0.3007587492465973,-0.33398061990737915
1749033598.3825054,0.5893154740333557,-1.971910139123434,1.3416526953326624,2.0568415361591796,-1.5301602522479456,1.8319953680038452,-0.08886181563138962,0.06627266108989716,-0.06639156490564346,-0.14304938912391663,0.15348179638385773,-0.6267581582069397,-0.3607913851737976,0.40653711557388306,-0.7598442435264587,0.23882436752319336,0.2872825562953949,-0.37611424922943115
1749033598.3825831,0.5891159772872925,-1.971781393090719,1.3415330092059534,2.0565427976795654,-1.5298221747027796,1.8307362794876099,-0.0889977216720581,0.06583414226770401,-0.0671776682138443,-0.14037731289863586,0.1528852880001068,-0.631372332572937,-0.3510798215866089,0.4371402859687805,-0.7528418302536011,0.2484923005104065,0.3109297454357147,-0.3179495930671692
1749033598.3826532,0.5889362096786499,-1.97168030361318,1.3413928190814417,2.05632392942395,-1.529536549245016,1.8294211626052856,-0.08905613422393799,0.0653175488114357,-0.06793160736560822,-0.1402522176504135,0.1532352715730667,-0.6310141682624817,-0.37861597537994385,0.4695906639099121,-0.7438913583755493,0.21098147332668304,0.29139596223831177,-0.31245553493499756
1749033598.382724,0.588756799697876,-1.9715014896788539,1.3412449995623987,2.0560359197803955,-1.5292261282550257,1.828181505203247,-0.0889773964881897,0.0684797391295433,-0.06787780672311783,-0.1413532793521881,0.15368300676345825,-0.6276261806488037,-0.3288370668888092,0.33725330233573914,-0.7471296787261963,0.2319977730512619,0.24653293192386627,-0.22528058290481567
1749033598.3827937,0.5885542631149292,-1.971400877038473,1.3411291281329554,2.0557407575794677,-1.5289319197284144,1.8269710540771484,-0.08755827695131302,0.06385590136051178,-0.06816821545362473,-0.1428000032901764,0.14997102320194244,-0.6176274418830872,-0.383400559425354,0.46032026410102844,-0.731660008430481,0.2359769642353058,0.27529793977737427,-0.3315082788467407
1749033598.382862,0.5883936285972595,-1.9712416134276332,1.3409975210772913,2.0554563242145996,-1.5286276976214808,1.825736165046692,-0.08733103424310684,0.06531772762537003,-0.06838227063417435,-0.14526066184043884,0.14954505860805511,-0.6151471138000488,-0.37130361795425415,0.48094093799591064,-0.7101312279701233,0.2248559147119522,0.29414045810699463,-0.3885127305984497
1749033598.3829308,0.5882301926612854,-1.971133371392721,1.3408687750445765,2.0551838117786865,-1.5283287207232874,1.8245019912719727,-0.09179465472698212,0.07027891278266907,-0.06801804155111313,-0.14644455909729004,0.14963939785957336,-0.6211825013160706,-0.3415132761001587,0.41012799739837646,-0.7271983623504639,0.2425495684146881,0.24978035688400269,-0.4054335355758667
1749033598.382997,0.5880189538002014,-1.9710170231261195,1.3407495657550257,2.054879828090332,-1.5280454794513147,1.8232481479644775,-0.08843961358070374,0.06560665369033813,-0.06644103676080704,-0.1467021107673645,0.14679694175720215,-0.6272558569908142,-0.33832675218582153,0.43548455834388733,-0.7366166710853577,0.2510574758052826,0.29678091406822205,-0.3502548635005951
1749033598.3830643,0.5878585577011108,-1.970865388909811,1.340597931538717,2.0545453268238525,-1.527703110371725,1.821953296661377,-0.08959644287824631,0.06689445674419403,-0.06790763884782791,-0.14805513620376587,0.14946570992469788,-0.6243836879730225,-0.38179072737693787,0.4483053982257843,-0.7384722232818604,0.2566072344779968,0.28656095266342163,-0.34092530608177185
1749033598.383132,0.587644100189209,-1.9707209072508753,1.3404629866229456,2.0542680460163574,-1.5274046103106897,1.8207294940948486,-0.08944565057754517,0.06778930127620697,-0.06724628806114197,-0.14758025109767914,0.149643212556839,-0.6231794357299805,-0.35515400767326355,0.41935908794403076,-0.7115655541419983,0.27142202854156494,0.2809925675392151,-0.36143481731414795
1749033598.383199,0.5874768495559692,-1.9706040821471156,1.3403576056109827,2.053952141399048,-1.527128044758932,1.8194530010223389,-0.08827477693557739,0.06742244958877563,-0.06503625214099884,-0.14702509343624115,0.14890488982200623,-0.6229138374328613,-0.3775787353515625,0.4494640529155731,-0.7377924919128418,0.2368745505809784,0.30789875984191895,-0.3531067371368408
1749033598.3832648,0.5873323678970337,-1.970426698724264,1.3402183691607874,2.0536526876636962,-1.526813809071676,1.8182404041290283,-0.08941194415092468,0.0673803836107254,-0.06661775708198547,-0.14588087797164917,0.1495315432548523,-0.6226715445518494,-0.3524785041809082,0.4342847466468811,-0.7523431181907654,0.25004830956459045,0.2891051173210144,-0.42922520637512207
1749033598.3833306,0.5871332883834839,-1.970349451104635,1.3401106039630335,2.0533332067677,-1.5265024344073694,1.816976547241211,-0.08970823138952255,0.06706511229276657,-0.06828350573778152,-0.1479095220565796,0.15184924006462097,-0.6289746165275574,-0.35659077763557434,0.4634135961532593,-0.7115626931190491,0.2687157392501831,0.2861706018447876,-0.36199450492858887
1749033598.383395,0.5870301723480225,-1.9702125988402308,1.3399737516986292,2.053043766612671,-1.526222054158346,1.815626859664917,-0.0886138305068016,0.06770950555801392,-0.0656559094786644,-0.14827188849449158,0.15123103559017181,-0.6318256855010986,-0.3741835653781891,0.45755794644355774,-0.7399928569793701,0.2944384217262268,0.2907516360282898,-0.31896528601646423
1749033598.3834584,0.5868555903434753,-1.970046182672018,1.3398507277118128,2.0527521806904296,-1.5259040037738245,1.8143609762191772,-0.08863278478384018,0.06784968078136444,-0.06709950417280197,-0.14525705575942993,0.1526440978050232,-0.6300771832466125,-0.375113844871521,0.42575541138648987,-0.7280140519142151,0.2525176405906677,0.2968562841415405,-0.3482619524002075
1749033598.3835256,0.5866447687149048,-1.9698950252928675,1.3396990934955042,2.0524489122578125,-1.5255864302264612,1.813154935836792,-0.08862735331058502,0.06773210316896439,-0.06765638291835785,-0.14820927381515503,0.15511950850486755,-0.6304072737693787,-0.35473063588142395,0.44339412450790405,-0.7399721741676331,0.26145076751708984,0.27357298135757446,-0.2878647446632385
1749033598.3835905,0.5864229202270508,-1.9697896442809046,1.3395713011371058,2.0522071558186035,-1.5252636114703577,1.8118857145309448,-0.08849697560071945,0.06776227802038193,-0.06700889021158218,-0.14410585165023804,0.15124990046024323,-0.6256084442138672,-0.35737451910972595,0.4138711094856262,-0.7430857419967651,0.30462175607681274,0.26757681369781494,-0.3485715091228485
1749033598.3836553,0.5862438678741455,-1.969647069970602,1.3394354025470179,2.0519155698963623,-1.5249760786639612,1.8106094598770142,-0.08856363594532013,0.06668688356876373,-0.06800726801156998,-0.1425924450159073,0.15349142253398895,-0.6268318295478821,-0.35164183378219604,0.44612956047058105,-0.7299573421478271,0.23941408097743988,0.27774304151535034,-0.3672682046890259
1749033598.3837192,0.5860949158668518,-1.969494482079977,1.3393195311175745,2.051635666484497,-1.5246689955340784,1.8094217777252197,-0.08773189783096313,0.06712733954191208,-0.06718025356531143,-0.1421685516834259,0.1530144065618515,-0.6283258199691772,-0.34432581067085266,0.441689670085907,-0.7399965524673462,0.22800761461257935,0.2531316876411438,-0.3184058964252472
1749033598.3837833,0.5858961343765259,-1.969370504418844,1.3392065207110804,2.0513977247425537,-1.5243547598468226,1.8081647157669067,-0.09124497324228287,0.06766028702259064,-0.06668488681316376,-0.14367464184761047,0.15053777396678925,-0.6266990303993225,-0.3288438618183136,0.4470056891441345,-0.7430271506309509,0.22660180926322937,0.3040514588356018,-0.3609338700771332
1749033598.3839464,0.5857389569282532,-1.9692493877806605,1.339043919240133,2.051102562541626,-1.524085823689596,1.8069038391113281,-0.08833368867635727,0.06829536706209183,-0.06636694073677063,-0.14308929443359375,0.15224535763263702,-0.6276167035102844,-0.37089142203330994,0.43417274951934814,-0.7455207109451294,0.19538997113704681,0.3017353415489197,-0.35097405314445496
1749033598.3856938,0.5855597853660583,-1.9691053829588832,1.3388999144183558,2.0508104997822265,-1.523787800465719,1.805649995803833,-0.09118126332759857,0.06813608109951019,-0.06633391231298447,-0.14853687584400177,0.15246674418449402,-0.6297990679740906,-0.3445059657096863,0.41547900438308716,-0.756792426109314,0.21913853287696838,0.28479933738708496,-0.33930861949920654
1749033598.4264984,0.5853452682495117,-1.9689661465086878,1.3387840429889124,2.0505189138599853,-1.5234525839435022,1.8043922185897827,-0.08880604803562164,0.06822342425584793,-0.06568841636180878,-0.1456308215856552,0.15211495757102966,-0.629242479801178,-0.3201974332332611,0.4007048010826111,-0.7600628137588501,0.21009480953216553,0.3009794056415558,-0.36839860677719116
1749033598.426577,0.5852203965187073,-1.9688688717284144,1.3386552969561976,2.0502466398426513,-1.5231416861163538,1.8032200336456299,-0.0887734666466713,0.06716589629650116,-0.06561475992202759,-0.1479305922985077,0.15283598005771637,-0.632430374622345,-0.34793952107429504,0.44512301683425903,-0.7752367258071899,0.20419704914093018,0.2903543710708618,-0.32953137159347534
1749033598.4266465,0.5850288271903992,-1.9686833820738734,1.3385513464557093,2.0499183374592285,-1.522799317036764,1.8018923997879028,-0.08877173811197281,0.07012616842985153,-0.06563585251569748,-0.15211300551891327,0.15189707279205322,-0.6345723867416382,-0.36066898703575134,0.4142095744609833,-0.7783293128013611,0.22535014152526855,0.27429822087287903,-0.3118928074836731
1749033598.4267156,0.5848578214645386,-1.968557973901266,1.3384035269366663,2.049639864558838,-1.522491757069723,1.8005945682525635,-0.08826756477355957,0.06677006185054779,-0.06779647618532181,-0.14984150230884552,0.15243783593177795,-0.6323762536048889,-0.37610748410224915,0.3883574306964874,-0.7516956329345703,0.2294921725988388,0.2928887903690338,-0.3341311812400818
1749033598.4267836,0.5846898555755615,-1.9684225521483363,1.3382719198810022,2.0493246751972656,-1.5222085157977503,1.7993487119674683,-0.08834008127450943,0.06584998220205307,-0.0651344284415245,-0.15100520849227905,0.15360288321971893,-0.6308789253234863,-0.36067384481430054,0.44511258602142334,-0.7839686274528503,0.2500980496406555,0.27427729964256287,-0.2844100594520569
1749033598.4268513,0.5844351053237915,-1.9683014355101527,1.338160816823141,2.049024744624756,-1.52185565630068,1.798122763633728,-0.08827665448188782,0.06904871016740799,-0.0651295855641365,-0.1520899087190628,0.15292872488498688,-0.6279590129852295,-0.35484999418258667,0.4174448549747467,-0.7870988249778748,0.242702454328537,0.2766173481941223,-0.3653695583343506
1749033598.4269192,0.5843309164047241,-1.9681745968260707,1.338012997304098,2.0487090784260253,-1.5215972105609339,1.7968220710754395,-0.08710931241512299,0.06714366376399994,-0.06843347102403641,-0.1515493541955948,0.1542334258556366,-0.6302165985107422,-0.3705956041812897,0.4088934063911438,-0.761730968952179,0.2685299515724182,0.2771782875061035,-0.3755364418029785
1749033598.426986,0.5841044783592224,-1.9680286846556605,1.3378570715533655,2.0483853059956054,-1.52126390138735,1.7955795526504517,-0.09103091061115265,0.067573681473732,-0.06596463918685913,-0.15120352804660797,0.15565066039562225,-0.6334188580513,-0.34452611207962036,0.4261396527290344,-0.7598034143447876,0.2804415822029114,0.24358804523944855,-0.3003980815410614
1749033598.427053,0.5839282274246216,-1.9679004154601039,1.3377249876605433,2.048109217281006,-1.5209301153766077,1.7943328619003296,-0.08716815710067749,0.06829449534416199,-0.06599081307649612,-0.1501331776380539,0.1504044532775879,-0.6309075951576233,-0.3912254571914673,0.4156084954738617,-0.7674009203910828,0.24238437414169312,0.276962012052536,-0.3467097580432892
1749033598.427121,0.5838222503662109,-1.9677368603148402,1.3376091162311,2.0478054720112304,-1.5206573645221155,1.7930647134780884,-0.08990383893251419,0.06660731136798859,-0.06835319846868515,-0.14977149665355682,0.15173323452472687,-0.6314335465431213,-0.37754321098327637,0.43166273832321167,-0.7668462991714478,0.25368618965148926,0.2941032648086548,-0.35457566380500793
1749033598.4271865,0.5835577249526978,-1.9675895176329554,1.3374770323382776,2.0475479799458007,-1.5203197638141077,1.7917591333389282,-0.08917342871427536,0.06684686988592148,-0.06855146586894989,-0.15010704100131989,0.14995425939559937,-0.6314592957496643,-0.3324046730995178,0.4608409106731415,-0.7563947439193726,0.24607068300247192,0.2709699273109436,-0.3341999650001526
1749033598.4272537,0.5833896994590759,-1.9674726925291957,1.3373568693744105,2.047229452724121,-1.5200327078448694,1.7904890775680542,-0.08818044513463974,0.06526368856430054,-0.06805256754159927,-0.14846666157245636,0.14837096631526947,-0.6306366920471191,-0.3561082184314728,0.44635066390037537,-0.752384603023529,0.24741947650909424,0.2883046269416809,-0.37215670943260193
1749033598.4273205,0.5832363367080688,-1.9673449001707972,1.337212864552633,2.046944780940674,-1.5197494665728968,1.7892342805862427,-0.08816540241241455,0.06805005669593811,-0.06755748391151428,-0.14714987576007843,0.1507878601551056,-0.6301461458206177,-0.3469496965408325,0.39160528779029846,-0.7661979794502258,0.23556336760520935,0.28980568051338196,-0.318499356508255
1749033598.4273875,0.5830260515213013,-1.9671970806517542,1.3370721975909632,2.046656294459961,-1.5194228331195276,1.787977695465088,-0.08847928792238235,0.06417270749807358,-0.06757062673568726,-0.1453719437122345,0.1530233770608902,-0.6295009851455688,-0.36479490995407104,0.46709340810775757,-0.7710502743721008,0.20280873775482178,0.2807212769985199,-0.32789525389671326
1749033598.4274547,0.5828701257705688,-1.9670897922911585,1.3369796911822718,2.0463411050983886,-1.5191119352923792,1.7867270708084106,-0.08851810544729233,0.0648733377456665,-0.06694261729717255,-0.14897869527339935,0.15257719159126282,-0.6282103657722473,-0.38646745681762695,0.4562513530254364,-0.7837358117103577,0.2160698026418686,0.28737756609916687,-0.37999215722084045
1749033598.4275217,0.5826665163040161,-1.9669295750060023,1.3368008772479456,2.046052857036255,-1.5188129583941858,1.7854509353637695,-0.08879796415567398,0.06833396852016449,-0.06773564219474792,-0.14670154452323914,0.1584904044866562,-0.6283319592475891,-0.35462522506713867,0.41245847940444946,-0.7730252146720886,0.21716797351837158,0.26075974106788635,-0.3085399866104126
1749033598.4275887,0.5824722647666931,-1.96679749111318,1.3366687933551233,2.045740528697632,-1.5185325781451624,1.7841684818267822,-0.08829367160797119,0.0656665563583374,-0.06844159960746765,-0.14698447287082672,0.1561257392168045,-0.6282585859298706,-0.37171608209609985,0.45359712839126587,-0.7519955635070801,0.21821895241737366,0.2502800524234772,-0.36820223927497864
1749033598.4276547,0.5823467969894409,-1.9666811428465785,1.3365562597857874,2.0454560953327636,-1.5182302633868616,1.782944917678833,-0.08823259174823761,0.06677410751581192,-0.06785059720277786,-0.15027789771556854,0.15389278531074524,-0.629983127117157,-0.3658246397972107,0.4455620050430298,-0.7623790502548218,0.2598292827606201,0.27116844058036804,-0.3565950393676758
1749033598.4277208,0.5821758508682251,-1.9665266476073207,1.3363927046405237,2.0451292234608154,-1.5179317633258265,1.78168523311615,-0.08716318011283875,0.06731445342302322,-0.06997328996658325,-0.14528366923332214,0.15658916532993317,-0.6311473250389099,-0.3892737925052643,0.42813217639923096,-0.7389532327651978,0.22178973257541656,0.2585306167602539,-0.32172533869743347
1749033598.4277868,0.5819717645645142,-1.96637024501943,1.3363078276263636,2.0448531347462158,-1.5175860563861292,1.7804431915283203,-0.08699240535497665,0.0671936571598053,-0.06766293197870255,-0.14467819035053253,0.15319418907165527,-0.6299684047698975,-0.3841175436973572,0.42099541425704956,-0.7660814523696899,0.22373682260513306,0.27032458782196045,-0.33034345507621765
1749033598.427952,0.5818001627922058,-1.9662696323790492,1.3361409346209925,2.044536753291748,-1.5173056761371058,1.7791651487350464,-0.08617140352725983,0.06647028774023056,-0.06811869144439697,-0.1454644352197647,0.15234217047691345,-0.6295846700668335,-0.4158329665660858,0.4451153874397278,-0.764006495475769,0.21606242656707764,0.26658403873443604,-0.36387383937835693
1749033598.4296548,0.5816597938537598,-1.9661447010436,1.3360126654254358,2.044252558345459,-1.5169451872455042,1.7778759002685547,-0.08916108310222626,0.06663806736469269,-0.07142205536365509,-0.1438295692205429,0.15206603705883026,-0.6295287013053894,-0.3362073302268982,0.4441651701927185,-0.7414216995239258,0.22034648060798645,0.30241477489471436,-0.3220800757408142
1749033598.4703498,0.5814800262451172,-1.9659940205016078,1.3358529249774378,2.0439681249805908,-1.516695801411764,1.7766286134719849,-0.08703193813562393,0.06886574625968933,-0.06958816200494766,-0.14570678770542145,0.15204796195030212,-0.6317565441131592,-0.383512943983078,0.41779854893684387,-0.7355812191963196,0.2101006805896759,0.29485630989074707,-0.3698763847351074
1749033598.4703958,0.5812613368034363,-1.9658462009825648,1.335748020802633,2.0436767774769287,-1.5163849035846155,1.7753283977508545,-0.09235088527202606,0.06662912666797638,-0.06957606226205826,-0.1470496654510498,0.1528613120317459,-0.6346285939216614,-0.31552574038505554,0.3989177942276001,-0.7550047636032104,0.22145044803619385,0.29137909412384033,-0.30963021516799927
1749033598.4704368,0.5811102390289307,-1.9657517872252406,1.3355816046344202,2.0433875757404785,-1.516074005757467,1.774066686630249,-0.08610580116510391,0.06645399332046509,-0.06980040669441223,-0.1440754532814026,0.15486718714237213,-0.632136881351471,-0.3885636627674103,0.44314444065093994,-0.7339395880699158,0.2093735784292221,0.2717468738555908,-0.29083532094955444
1749033598.4704769,0.5809458494186401,-1.9655701122679652,1.335456673298971,2.0431198316761474,-1.5157564322101038,1.772800326347351,-0.08793848752975464,0.0666135624051094,-0.06885156035423279,-0.14691044390201569,0.15448208153247833,-0.6294190883636475,-0.3793249726295471,0.42728155851364136,-0.7478772401809692,0.20621758699417114,0.2952601909637451,-0.3261667788028717
1749033598.4705167,0.5807315111160278,-1.9654504261412562,1.3353436628924769,2.0428005891987304,-1.5154474417315882,1.7715864181518555,-0.08944890648126602,0.06684942543506622,-0.06840101629495621,-0.14732515811920166,0.1552518755197525,-0.6271119117736816,-0.36262568831443787,0.4235132336616516,-0.7575500011444092,0.21115219593048096,0.27674993872642517,-0.3353551924228668
1749033598.4705553,0.5805697441101074,-1.9653684101500453,1.3351925055133265,2.0425008970447998,-1.5151532332049769,1.7703055143356323,-0.08863770961761475,0.06678737699985504,-0.06839555501937866,-0.14562657475471497,0.1548563688993454,-0.6262661814689636,-0.3440225124359131,0.4328141212463379,-0.7558483481407166,0.21286962926387787,0.2871170938014984,-0.3446267247200012
1749033598.4705927,0.5803760290145874,-1.965189596215719,1.3350675741778772,2.042184038753174,-1.514838997517721,1.7690165042877197,-0.08805851638317108,0.06584642082452774,-0.06842537224292755,-0.1464240700006485,0.15385954082012177,-0.6292102336883545,-0.36949267983436584,0.44602805376052856,-0.7360731363296509,0.21490192413330078,0.2822452783584595,-0.35398414731025696
1749033598.4706302,0.5801717638969421,-1.9650842152037562,1.3349164167987269,2.0419277387806396,-1.514508072529928,1.7678087949752808,-0.08838043361902237,0.0662706270813942,-0.06850580871105194,-0.146953746676445,0.15455074608325958,-0.6324999928474426,-0.36460527777671814,0.45488905906677246,-0.7344239950180054,0.22791346907615662,0.28635773062705994,-0.3115382790565491
1749033598.4706666,0.5800009965896606,-1.964910169641012,1.3347843329059046,2.0416034895130615,-1.5142281691180628,1.7665013074874878,-0.09047558903694153,0.06641383469104767,-0.06849110871553421,-0.14915820956230164,0.15435926616191864,-0.6290847659111023,-0.3533038794994354,0.4323245882987976,-0.7502416968345642,0.23966264724731445,0.2718706727027893,-0.2906785011291504
1749033598.4707046,0.5798903107643127,-1.9647861919798792,1.3346403280841272,2.0413080888935546,-1.5139172712909144,1.7653099298477173,-0.08673205226659775,0.06590486317873001,-0.06795693933963776,-0.15027207136154175,0.15091121196746826,-0.6264055967330933,-0.3492322862148285,0.4181765615940094,-0.7435982823371887,0.2463035136461258,0.29302170872688293,-0.312782347202301
1749033598.4707417,0.5796608924865723,-1.9646803341307582,1.3345239798175257,2.0410241323658447,-1.513606373463766,1.7640401124954224,-0.08677461743354797,0.06503918766975403,-0.06723500043153763,-0.1493183970451355,0.15378963947296143,-0.6234681010246277,-0.38800400495529175,0.45656442642211914,-0.7575201988220215,0.23758278787136078,0.2956082224845886,-0.35084670782089233
1749033598.4707787,0.5795038342475891,-1.964517732659811,1.3343752066241663,2.0407396990009765,-1.5132954756366175,1.7628086805343628,-0.0868220180273056,0.06775196641683578,-0.07021526247262955,-0.14823006093502045,0.1539972722530365,-0.622078001499176,-0.342764675617218,0.40759700536727905,-0.7190106511116028,0.24691134691238403,0.2715092897415161,-0.37171435356140137
1749033598.4708214,0.5793049335479736,-1.9644094906248988,1.334235970173971,2.0404326158710937,-1.5129616896258753,1.7615519762039185,-0.08518589287996292,0.06505241245031357,-0.06801953911781311,-0.1455143690109253,0.15431343019008636,-0.6252707839012146,-0.4025843143463135,0.4618075489997864,-0.7229991555213928,0.22436276078224182,0.2785009741783142,-0.3337634205818176
1749033598.4708657,0.5790868401527405,-1.964243074456686,1.334088150654928,2.0401791769215087,-1.512669865285055,1.7603181600570679,-0.0861896350979805,0.06535663455724716,-0.06666672974824905,-0.14374731481075287,0.1547633707523346,-0.6269219517707825,-0.38790440559387207,0.45334872603416443,-0.748253583908081,0.20467998087406158,0.2811305522918701,-0.3301005959510803
1749033598.4709039,0.5789780616760254,-1.964107175866598,1.3339560667621058,2.039884014720581,-1.5123398939715784,1.7589666843414307,-0.08723761886358261,0.06933105736970901,-0.06847674399614334,-0.14140494167804718,0.15564367175102234,-0.6229874491691589,-0.36051610112190247,0.4060118496417999,-0.7568910717964172,0.16389894485473633,0.28966572880744934,-0.3364201486110687
1749033598.4709415,0.5787672996520996,-1.9639979801573695,1.3338277975665491,2.039583607310913,-1.512059513722555,1.7577967643737793,-0.0858391597867012,0.06550255417823792,-0.06742815673351288,-0.14598512649536133,0.15616373717784882,-0.6219289302825928,-0.4009975492954254,0.4072604179382324,-0.7270210981369019,0.18314267694950104,0.27459195256233215,-0.3301349878311157
1749033598.4709783,0.5786076188087463,-1.9639045200743617,1.333672825490133,2.039257212276123,-1.5117605368243616,1.7565364837646484,-0.08677930384874344,0.06612879782915115,-0.06593780964612961,-0.14461472630500793,0.15445658564567566,-0.6193289160728455,-0.39298000931739807,0.4451330602169037,-0.7497828006744385,0.19708164036273956,0.26831573247909546,-0.3702901601791382
1749033598.4710152,0.5784557461738586,-1.9637376270689906,1.3335359732257288,2.0390073496052246,-1.5114653746234339,1.7553067207336426,-0.08659902960062027,0.06729630380868912,-0.066869355738163,-0.14553800225257874,0.15153522789478302,-0.6246415972709656,-0.4023684859275818,0.4108757972717285,-0.7511129975318909,0.20383788645267487,0.2868601083755493,-0.37982261180877686
1749033598.471052,0.5782957077026367,-1.9635864696898402,1.333428208027975,2.0387040811726074,-1.5111458937274378,1.7540339231491089,-0.08740898221731186,0.06706493347883224,-0.06678807735443115,-0.14986376464366913,0.15551474690437317,-0.6292003989219666,-0.40705636143684387,0.4448412358760834,-0.7448858022689819,0.2169179618358612,0.2866867184638977,-0.3405587077140808
1749033598.4710884,0.5780723690986633,-1.9634877643980921,1.3332613150226038,2.038407250041626,-1.5108397642718714,1.7527289390563965,-0.08780893683433533,0.06662068516016006,-0.06654498726129532,-0.14719602465629578,0.1520470678806305,-0.6271842122077942,-0.3692392110824585,0.4118262827396393,-0.7495687007904053,0.22198013961315155,0.280987024307251,-0.3492564857006073
1749033598.471687,0.5779595971107483,-1.9633103809752406,1.3331521193133753,2.0381316381641845,-1.5105474630938929,1.7514852285385132,-0.08782655745744705,0.06621700525283813,-0.06657455116510391,-0.14617542922496796,0.15126526355743408,-0.6256282329559326,-0.3716980814933777,0.44843795895576477,-0.7617613077163696,0.19087979197502136,0.28740301728248596,-0.3176969885826111
1749033598.4736814,0.5777122974395752,-1.9631906948485316,1.333031956349508,2.0378317075916748,-1.5102523008929651,1.7502399682998657,-0.08778734505176544,0.0660715326666832,-0.06611235439777374,-0.14615732431411743,0.15054471790790558,-0.6244802474975586,-0.3830493092536926,0.4288020431995392,-0.7710148096084595,0.19451022148132324,0.3015688359737396,-0.34759727120399475
1749033598.5183249,0.5774989724159241,-1.9630848369994105,1.3328641096698206,2.0375472742268066,-1.5099723974811,1.7490166425704956,-0.08634216338396072,0.06677982956171036,-0.06736992299556732,-0.14763255417346954,0.14997869729995728,-0.6232485771179199,-0.408444881439209,0.40132150053977966,-0.7442038059234619,0.219793438911438,0.3117723762989044,-0.39301785826683044
1749033598.5183737,0.5773811936378479,-1.9629456005492152,1.3327277342425745,2.037271185512207,-1.5096386114703577,1.7477596998214722,-0.090001679956913,0.06461328268051147,-0.06733477860689163,-0.1474122405052185,0.15065781772136688,-0.6268425583839417,-0.34454572200775146,0.46455782651901245,-0.7451452016830444,0.1872216761112213,0.3177844285964966,-0.317196786403656
1749033598.5184155,0.5772302150726318,-1.962773939172262,1.3326199690448206,2.0369481283375244,-1.5093310515033167,1.7464933395385742,-0.08747940510511398,0.06558381766080856,-0.06703662872314453,-0.1501377522945404,0.15163244307041168,-0.6266558170318604,-0.37839221954345703,0.446135550737381,-0.7527300119400024,0.18842355906963348,0.3250487148761749,-0.3177725672721863
1749033598.518454,0.5770347118377686,-1.9626332722105921,1.332486931477682,2.0366601186939697,-1.5090416113482874,1.7452703714370728,-0.08865885436534882,0.06943880021572113,-0.0663529708981514,-0.15090149641036987,0.15271185338497162,-0.625887930393219,-0.411344051361084,0.39222288131713867,-0.7549908757209778,0.19962966442108154,0.31041258573532104,-0.3363528847694397
1749033598.518501,0.576884925365448,-1.9625374279417933,1.332331959401266,2.0364102560230712,-1.5087221304522913,1.7440193891525269,-0.08599847555160522,0.06511536240577698,-0.06865143775939941,-0.14906831085681915,0.15440161526203156,-0.6269869804382324,-0.3890124261379242,0.4406276345252991,-0.7412273287773132,0.20542176067829132,0.32477664947509766,-0.3451476991176605
1749033598.518546,0.5766602754592896,-1.962365289727682,1.332242790852682,2.03607885419812,-1.5084002653705042,1.7427812814712524,-0.08753115683794022,0.06762231886386871,-0.06497319787740707,-0.15255756676197052,0.1551259458065033,-0.6248595118522644,-0.3748767673969269,0.42302924394607544,-0.7567421197891235,0.22012218832969666,0.3032817840576172,-0.3727838397026062
1749033598.518584,0.5765377879142761,-1.96228088955068,1.3321026007281702,2.0357908445545654,-1.508120361958639,1.741519808769226,-0.08704972267150879,0.06721345335245132,-0.06417826563119888,-0.15160056948661804,0.15603983402252197,-0.627152144908905,-0.39739078283309937,0.4054834544658661,-0.7704658508300781,0.24183174967765808,0.29404765367507935,-0.3681635856628418
1749033598.5186214,0.5762953758239746,-1.9621335468687953,1.3319676558123987,2.035475416774414,-1.5077875296222132,1.7403035163879395,-0.08700734376907349,0.06718264520168304,-0.06662966310977936,-0.1497357338666916,0.15424932539463043,-0.6321249604225159,-0.36041373014450073,0.4029482305049896,-0.7729673981666565,0.21293571591377258,0.3104555308818817,-0.3110351264476776
1749033598.5186622,0.5761208534240723,-1.9619857273497523,1.3318312803851526,2.035151167506836,-1.5074804464923304,1.7390319108963013,-0.08707668632268906,0.06810227036476135,-0.06405749171972275,-0.14978176355361938,0.1572217345237732,-0.62897127866745,-0.38006114959716797,0.4015428423881531,-0.7811790704727173,0.22939416766166687,0.2880324423313141,-0.35475707054138184
1749033598.5187004,0.5759763121604919,-1.9618574581541957,1.3316996733294886,2.034839077586792,-1.5071890989886683,1.7377854585647583,-0.08684971183538437,0.06600607186555862,-0.06453602015972137,-0.14921508729457855,0.1539645940065384,-0.6289823055267334,-0.3851417899131775,0.423440158367157,-0.7900308966636658,0.23762816190719604,0.2777983844280243,-0.3298332095146179
1749033598.5187373,0.5758237838745117,-1.9617444477477015,1.3315795103656214,2.0345393854328613,-1.506890598927633,1.7364951372146606,-0.08914019912481308,0.06629381328821182,-0.06567132472991943,-0.14915482699871063,0.15610311925411224,-0.6286629438400269,-0.3437161147594452,0.4143948256969452,-0.7945718765258789,0.22561021149158478,0.29464203119277954,-0.350741982460022
1749033598.5187805,0.5755856037139893,-1.9615551433958949,1.3314631620990198,2.0341922479816894,-1.5065911451922815,1.7352699041366577,-0.08880054205656052,0.06743454933166504,-0.06585317850112915,-0.14855900406837463,0.15604497492313385,-0.6274230480194092,-0.36858031153678894,0.41954514384269714,-0.7944568991661072,0.25083786249160767,0.28378596901893616,-0.3756119906902313
1749033598.5188186,0.5754750370979309,-1.961531778375143,1.3313034216510218,2.033930702800415,-1.5063050428973597,1.734006643295288,-0.0895964726805687,0.06689155101776123,-0.06677264720201492,-0.1483536958694458,0.15305666625499725,-0.6294006705284119,-0.3554585576057434,0.40915289521217346,-0.7887389659881592,0.25548598170280457,0.30970364809036255,-0.3307226598262787
1749033598.5188553,0.5752729773521423,-1.9613343677916468,1.3311832586871546,2.033629818553589,-1.5059822241412562,1.73275887966156,-0.08546164631843567,0.06669261306524277,-0.0667409598827362,-0.14789873361587524,0.15276288986206055,-0.6305239200592041,-0.37554705142974854,0.41484788060188293,-0.7780209183692932,0.2563750147819519,0.32539892196655273,-0.3323817849159241
1749033598.518895,0.5750378370285034,-1.9611898861327113,1.3310392538653772,2.0333539682575683,-1.505641285573141,1.7314971685409546,-0.08726222813129425,0.0669914186000824,-0.06757662445306778,-0.1468748152256012,0.1533682644367218,-0.6279814839363098,-0.36695238947868347,0.4173348844051361,-0.7871215343475342,0.2420443892478943,0.33073654770851135,-0.3574197590351105
1749033598.5189333,0.5749099254608154,-1.9610473118224085,1.3308833281146448,2.0330540376850585,-1.505327049885885,1.7302957773208618,-0.08751773089170456,0.06755075603723526,-0.06766238063573837,-0.14404916763305664,0.154677614569664,-0.6269336342811584,-0.3640846014022827,0.4256060719490051,-0.7713029980659485,0.2482990324497223,0.3171490430831909,-0.31497639417648315
1749033598.5189695,0.5746997594833374,-1.960945268670553,1.3307598272906702,2.0327817636677246,-1.505047623311178,1.7289968729019165,-0.08789316564798355,0.06665285676717758,-0.06790107488632202,-0.1478881537914276,0.16099321842193604,-0.628501832485199,-0.3644205331802368,0.39515429735183716,-0.7805544137954712,0.23505254089832306,0.2851649522781372,-0.3741343021392822
1749033598.5190063,0.5746997594833374,-1.960945268670553,1.3307598272906702,2.0327817636677246,-1.505047623311178,1.7289968729019165,-0.08789316564798355,0.06665285676717758,-0.06790107488632202,-0.1478881537914276,0.16099321842193604,-0.628501832485199,-0.3644205331802368,0.39515429735183716,-0.7805544137954712,0.23505254089832306,0.2851649522781372,-0.3741343021392822
1749033598.5190434,0.5745974183082581,-1.9608446560301722,1.3306120077716272,2.0324627596088867,-1.5046981016742151,1.7277194261550903,-0.08737955242395401,0.06660909950733185,-0.0684451013803482,-0.14461693167686462,0.1605229377746582,-0.6300763487815857,-0.35394492745399475,0.4087054431438446,-0.7790122032165527,0.2659318745136261,0.2747468650341034,-0.3488326966762543
1749033598.5190797,0.574215292930603,-1.9605294666686,1.330362621937887,2.03186218320813,-1.5040763060199183,1.725229263305664,-0.08728531748056412,0.06666083633899689,-0.06779351830482483,-0.1472429782152176,0.16016629338264465,-0.6289308071136475,-0.38817456364631653,0.43800976872444153,-0.7644071578979492,0.2638257145881653,0.2493903487920761,-0.3480025827884674
1749033598.519116,0.5739859342575073,-1.9604279003539027,1.330214802418844,2.031569643611572,-1.5037968794452112,1.7239906787872314,-0.08874964714050293,0.06605074554681778,-0.06788872182369232,-0.14311981201171875,0.15586555004119873,-0.6299383044242859,-0.36365586519241333,0.412627249956131,-0.762970507144928,0.24334639310836792,0.26739463210105896,-0.370618999004364
1749033598.5191522,0.5738804936408997,-1.9602657757201136,1.3300865332232874,2.031289740199707,-1.503486458455221,1.7227402925491333,-0.08729542046785355,0.06542445719242096,-0.06886107474565506,-0.14452625811100006,0.15520691871643066,-0.6315315961837769,-0.40632137656211853,0.4721476137638092,-0.7431067824363708,0.23805943131446838,0.2892887592315674,-0.37904056906700134
1749033598.519643,0.5737152099609375,-1.960130353967184,1.3299577871905726,2.030989332790039,-1.5031874815570276,1.721402883529663,-0.08855391293764114,0.06712915748357773,-0.0673757791519165,-0.14584630727767944,0.15461412072181702,-0.6338571906089783,-0.3695756494998932,0.45585960149765015,-0.7791139483451843,0.2483401596546173,0.3022020161151886,-0.37794241309165955
1749033598.5216792,0.5734727382659912,-1.9599935017027796,1.3297908941852015,2.030728741283081,-1.5028889814959925,1.7201488018035889,-0.08836929500102997,0.06905980408191681,-0.06639119237661362,-0.14559200406074524,0.15411056578159332,-0.6338152885437012,-0.33338451385498047,0.3468528985977173,-0.7666362524032593,0.27646559476852417,0.2907923460006714,-0.25625431537628174
1749033598.5623024,0.573357105255127,-1.9598494968810023,1.3296540419207972,2.030444546336792,-1.5025561491595667,1.7188555002212524,-0.08598820865154266,0.06199333444237709,-0.07070428133010864,-0.14439991116523743,0.15473923087120056,-0.628720223903656,-0.39678502082824707,0.47902560234069824,-0.7310881018638611,0.24703450500965118,0.29023709893226624,-0.2844817042350769
1749033598.5623496,0.5731494426727295,-1.9597417316832484,1.3295028845416468,2.030148907298706,-1.502237621937887,1.7176650762557983,-0.08953920006752014,0.064847432076931,-0.06754186004400253,-0.1429843157529831,0.15583033859729767,-0.6245653033256531,-0.3567860424518585,0.47587984800338745,-0.7485509514808655,0.23036348819732666,0.2930677533149719,-0.37545645236968994
1749033598.5623896,0.5729859471321106,-1.9596358738341273,1.3293760458575647,2.0298611360737304,-1.501904312764303,1.7163742780685425,-0.08744097501039505,0.06686585396528244,-0.06768675893545151,-0.14372135698795319,0.15664801001548767,-0.6261984705924988,-0.40057504177093506,0.4125388562679291,-0.7470173239707947,0.22273731231689453,0.29333603382110596,-0.3346266746520996
1749033598.5624332,0.5727640986442566,-1.959484716454977,1.3292387167560022,2.0295659738728027,-1.5016472975360315,1.715096354484558,-0.09054193645715714,0.06622578203678131,-0.06745734810829163,-0.14455731213092804,0.15788868069648743,-0.6278470158576965,-0.3550999164581299,0.41547372937202454,-0.7426134347915649,0.23871175944805145,0.2760453522205353,-0.36301666498184204
1749033598.5624735,0.5726268291473389,-1.9593645534911097,1.329134766255514,2.029324455852173,-1.5013144651996058,1.713873028755188,-0.08666807413101196,0.06628444045782089,-0.06795726716518402,-0.1432085931301117,0.15690045058727264,-0.6304563283920288,-0.367465078830719,0.4362452030181885,-0.7444277405738831,0.20747153460979462,0.26289498805999756,-0.3577347695827484
1749033598.562512,0.5724624991416931,-1.9592133961119593,1.3289592901812952,2.0290085512348632,-1.501037899647848,1.712570071220398,-0.08854929357767105,0.06733561307191849,-0.06761396676301956,-0.14739486575126648,0.1559818983078003,-0.6333203315734863,-0.3777989447116852,0.45740070939064026,-0.7407670021057129,0.21637170016765594,0.2826410233974457,-0.29688820242881775
1749033598.5625508,0.5722672343254089,-1.9590965710081996,1.3288396040545862,2.028693123454712,-1.5007432142840784,1.7113453149795532,-0.0904209241271019,0.06792023032903671,-0.06715328246355057,-0.14700791239738464,0.15533258020877838,-0.631644070148468,-0.338697224855423,0.3964100480079651,-0.7332700490951538,0.237995907664299,0.2588326334953308,-0.3060823976993561
1749033598.5625887,0.5720526576042175,-1.9589253864684046,1.3286917845355433,2.0283967691608886,-1.5004256407367151,1.7100238800048828,-0.0887884572148323,0.07047327607870102,-0.06698495149612427,-0.1458563506603241,0.1520104855298996,-0.6284731030464172,-0.3146195113658905,0.3537653982639313,-0.7542522549629211,0.21091528236865997,0.2887226641178131,-0.338083416223526
1749033598.5626261,0.5718611478805542,-1.9588214359679164,1.328606430684225,2.0281082826801757,-1.5001104513751429,1.7088449001312256,-0.08715866506099701,0.0659627616405487,-0.06659171730279922,-0.14712773263454437,0.15366150438785553,-0.624670147895813,-0.3372776210308075,0.3920516073703766,-0.7521142959594727,0.24348625540733337,0.30214670300483704,-0.34960606694221497
1749033598.5626638,0.5717402696609497,-1.9587203464903773,1.3284347693072718,2.027773542995117,-1.4998238722430628,1.707598090171814,-0.08994943648576736,0.06567990034818649,-0.06566028296947479,-0.14788569509983063,0.1516946256160736,-0.6250044703483582,-0.3366764485836029,0.43547511100769043,-0.7552689909934998,0.23434458673000336,0.2980145514011383,-0.40219646692276
1749033598.5627015,0.571498453617096,-1.9585100613036097,1.328299347554342,2.0275119978138427,-1.499528710042135,1.7063162326812744,-0.08692020177841187,0.06986537575721741,-0.06747673451900482,-0.14816221594810486,0.1530831903219223,-0.632564902305603,-0.35638004541397095,0.39018145203590393,-0.7511035799980164,0.25035321712493896,0.3295002579689026,-0.34553202986717224
1749033598.5627387,0.5713692307472229,-1.9583784542479457,1.328179184590475,2.0271851259418945,-1.4992144743548792,1.7049833536148071,-0.0890667662024498,0.06821995973587036,-0.06593824923038483,-0.14636287093162537,0.15512366592884064,-0.6322553157806396,-0.3465196192264557,0.35816606879234314,-0.758643388748169,0.24563884735107422,0.30999183654785156,-0.29675984382629395
1749033598.5627759,0.5712300539016724,-1.9582849941649378,1.32805043855776,2.026923103923462,-1.4989197889911097,1.7037526369094849,-0.0863746777176857,0.06684638559818268,-0.0651492029428482,-0.14642244577407837,0.15696093440055847,-0.630134105682373,-0.3424980640411377,0.4046040177345276,-0.7763745784759521,0.22964680194854736,0.27601587772369385,-0.31876489520072937
1749033598.5628123,0.5710039138793945,-1.9581133327879847,1.3278992811786097,2.0266236501881103,-1.4985435644732874,1.702528476715088,-0.08685503154993057,0.06733040511608124,-0.06701791286468506,-0.14730164408683777,0.15597787499427795,-0.6254974007606506,-0.40419429540634155,0.40159478783607483,-0.765396773815155,0.24695944786071777,0.2893095910549164,-0.31887561082839966
1749033598.5628495,0.5708555579185486,-1.9579807720580042,1.3277834097491663,2.026320381755493,-1.498221222554342,1.7013071775436401,-0.08786622434854507,0.06683658063411713,-0.0668032094836235,-0.14669476449489594,0.15670235455036163,-0.6226925253868103,-0.377228319644928,0.38685017824172974,-0.7610566020011902,0.22562165558338165,0.28522565960884094,-0.3676672577857971
1749033598.5628867,0.5706709623336792,-1.9578572712340296,1.3276580015765589,2.026019735927246,-1.49792987505068,1.700061321258545,-0.08840062469244003,0.06639035046100616,-0.06618664413690567,-0.14952485263347626,0.15870597958564758,-0.6260234713554382,-0.3859313130378723,0.42341428995132446,-0.7575960159301758,0.2265598177909851,0.24899443984031677,-0.38859057426452637
1749033598.562923,0.5705305337905884,-1.9577256641783656,1.3275139967547815,2.025700731868408,-1.497645680104391,1.698778748512268,-0.08862383663654327,0.06590840965509415,-0.06775715202093124,-0.14874006807804108,0.15484341979026794,-0.6297872066497803,-0.3713976740837097,0.43105176091194153,-0.755212664604187,0.27283793687820435,0.28501516580581665,-0.3435578942298889
1749033598.5629594,0.5703233480453491,-1.9575745067992152,1.3273699919330042,2.0254201132008056,-1.4972918669330042,1.697532057762146,-0.09052572399377823,0.06675441563129425,-0.06776672601699829,-0.1468782126903534,0.15674322843551636,-0.6281571984291077,-0.3668098449707031,0.4028795063495636,-0.742630124092102,0.26872605085372925,0.28698694705963135,-0.35965144634246826
1749033598.5629957,0.5701547861099243,-1.957442422906393,1.3272345701800745,2.025123043651245,-1.4969781080829065,1.6962229013442993,-0.08842561393976212,0.06658358871936798,-0.06709597259759903,-0.14845430850982666,0.1548255831003189,-0.6268485188484192,-0.37338417768478394,0.4181844890117645,-0.7364956140518188,0.26016873121261597,0.23521029949188232,-0.3349813222885132
1749033598.5630322,0.5699881911277771,-1.9573208294310511,1.3270905653582972,2.0248123842426757,-1.4966757933246058,1.6949951648712158,-0.08862211555242538,0.06648371368646622,-0.06720621138811111,-0.14656934142112732,0.1525387167930603,-0.6258329749107361,-0.3448013961315155,0.40642762184143066,-0.7404773831367493,0.2682321071624756,0.28932470083236694,-0.3485126495361328
1749033598.5636659,0.5697964429855347,-1.9571896992125453,1.326977554951803,2.0245279508778076,-1.496350113545553,1.6937105655670166,-0.08831056952476501,0.06625736504793167,-0.06644047051668167,-0.14579415321350098,0.15089675784111023,-0.6234696507453918,-0.3738592863082886,0.4121173024177551,-0.7430282235145569,0.28003746271133423,0.29888516664505005,-0.4019377827644348
1749033598.5656888,0.5696172714233398,-1.957041402856344,1.3268302122699183,2.0242273050495605,-1.4960740248309534,1.692537546157837,-0.08898089081048965,0.06648128479719162,-0.06663460284471512,-0.1463693529367447,0.15057753026485443,-0.6285213828086853,-0.37105822563171387,0.4189249873161316,-0.7396581768989563,0.25846412777900696,0.29045677185058594,-0.3660922050476074
1749033598.6062756,0.5694655179977417,-1.9569326839842738,1.3267172018634241,2.023958607310913,-1.4957793394671839,1.6912440061569214,-0.08952748030424118,0.06723743677139282,-0.06615405529737473,-0.14744599163532257,0.15133997797966003,-0.6311227679252625,-0.3217320442199707,0.37507960200309753,-0.7443580627441406,0.28267520666122437,0.2979331314563751,-0.3289371132850647
1749033598.6063225,0.5692467093467712,-1.9567810497679652,1.3265584150897425,2.023667021388672,-1.495460335408346,1.689976692199707,-0.08907920867204666,0.0666997954249382,-0.0663466677069664,-0.14679734408855438,0.1522771269083023,-0.6288590431213379,-0.3494572639465332,0.42155343294143677,-0.739621102809906,0.26427942514419556,0.29410505294799805,-0.3522276282310486
1749033598.6063623,0.5690951347351074,-1.956630369225973,1.3264649550067347,2.023390932674072,-1.4951890150653284,1.6886630058288574,-0.08827224373817444,0.06668928265571594,-0.06658158451318741,-0.14769820868968964,0.15298862755298615,-0.6286841034889221,-0.357755184173584,0.4033871293067932,-0.7441757917404175,0.2688026428222656,0.27626368403434753,-0.3102114498615265
1749033598.6064022,0.5689032673835754,-1.956494470635885,1.3263137976275843,2.023118420238159,-1.4948247114764612,1.6874350309371948,-0.08932188898324966,0.066152423620224,-0.06625466048717499,-0.14504866302013397,0.15352290868759155,-0.6255195736885071,-0.32967469096183777,0.39745259284973145,-0.7498653531074524,0.25671645998954773,0.27534615993499756,-0.355366587638855
1749033598.6064408,0.56874680519104,-1.9563733539977015,1.3261659781085413,2.0227877336689453,-1.4945414702044886,1.6861928701400757,-0.08665607124567032,0.06778810173273087,-0.06607747077941895,-0.14755240082740784,0.15507671236991882,-0.6277679800987244,-0.38349515199661255,0.38310936093330383,-0.7514272332191467,0.2551729679107666,0.2619239091873169,-0.350857675075531
1749033598.6064837,0.5685825347900391,-1.9562527141966761,1.3260653654681605,2.022526903743408,-1.4942157904254358,1.684937596321106,-0.09086757153272629,0.06454860419034958,-0.06509922444820404,-0.14468827843666077,0.15469926595687866,-0.6289849877357483,-0.3301565945148468,0.3797037601470947,-0.7570938467979431,0.2504342198371887,0.26255491375923157,-0.2861708104610443
1749033598.6065257,0.5684074759483337,-1.9561215839781703,1.325886074696676,2.022225781078003,-1.4939120451556605,1.683698058128357,-0.08774546533823013,0.06537000834941864,-0.06836964190006256,-0.1421710103750229,0.1553090512752533,-0.6264742016792297,-0.4052789509296417,0.4170486032962799,-0.742363452911377,0.2213524878025055,0.2623794674873352,-0.3579234778881073
1749033598.6065643,0.5682592988014221,-1.9559890232481898,1.3257578055011194,2.0219458776661376,-1.4936063925372522,1.6824184656143188,-0.08947303146123886,0.06951586902141571,-0.06506307423114777,-0.14801469445228577,0.15226392447948456,-0.6273007392883301,-0.37689533829689026,0.38815563917160034,-0.7504589557647705,0.24271437525749207,0.2562287747859955,-0.3406369388103485
1749033598.606603,0.5680794715881348,-1.9558412037291468,1.3256219069110315,2.0216261583515625,-1.493307892476217,1.6811710596084595,-0.09020468592643738,0.06771568953990936,-0.06412015855312347,-0.1450376957654953,0.15365584194660187,-0.6282568573951721,-0.3545933663845062,0.3571385145187378,-0.781444787979126,0.2584798336029053,0.24430736899375916,-0.34316349029541016
1749033598.6066403,0.5678496956825256,-1.955724378625387,1.3255098501788538,2.0213307577320556,-1.4929278532611292,1.6799513101577759,-0.08838696777820587,0.06653814762830734,-0.06700897961854935,-0.14495229721069336,0.15185841917991638,-0.6273201704025269,-0.3527533710002899,0.40413904190063477,-0.7428624629974365,0.23933002352714539,0.2566035985946655,-0.3848477005958557
1749033598.6066813,0.5676671862602234,-1.955534120599264,1.3253548781024378,2.021062059993408,-1.4927333037005823,1.6787112951278687,-0.09047211706638336,0.06726894527673721,-0.06527519226074219,-0.14582538604736328,0.15085557103157043,-0.6302707195281982,-0.34807494282722473,0.3887310028076172,-0.7516021132469177,0.2709219455718994,0.2883337736129761,-0.3208812475204468
1749033598.6067188,0.5676671862602234,-1.955534120599264,1.3253548781024378,2.021062059993408,-1.4927333037005823,1.6787112951278687,-0.09047211706638336,0.06726894527673721,-0.06527519226074219,-0.14582538604736328,0.15085557103157043,-0.6302707195281982,-0.34807494282722473,0.3887310028076172,-0.7516021132469177,0.2709219455718994,0.2883337736129761,-0.3208812475204468
1749033598.6067605,0.5673692226409912,-1.9552980862059535,1.3251097838031214,2.020470305080078,-1.492091480885641,1.6762193441390991,-0.0884326696395874,0.06643261760473251,-0.0647897720336914,-0.14368927478790283,0.15274721384048462,-0.6306841373443604,-0.3643205165863037,0.3811790347099304,-0.7932972311973572,0.21462973952293396,0.2870303988456726,-0.3366987705230713
1749033598.606798,0.5672091841697693,-1.95520081142568,1.3249934355365198,2.020198269481323,-1.4917328993426722,1.6748850345611572,-0.08884056657552719,0.0666147992014885,-0.06520616263151169,-0.1440919190645218,0.15189522504806519,-0.6291402578353882,-0.348833829164505,0.3918028473854065,-0.7730464935302734,0.2041381299495697,0.2931581437587738,-0.2979345917701721
1749033598.606835,0.5669793486595154,-1.9550534687437953,1.3248732725726526,2.0199338632770996,-1.4914172331439417,1.6736533641815186,-0.09037657082080841,0.06594859808683395,-0.06497403234243393,-0.14670412242412567,0.15135909616947174,-0.6262704133987427,-0.35389694571495056,0.39713072776794434,-0.7765061855316162,0.22835111618041992,0.2875474691390991,-0.3477054238319397
1749033598.6068718,0.5668500065803528,-1.9549209080138148,1.3247488180743616,2.01963393270459,-1.4910958448993128,1.6723911762237549,-0.09172169864177704,0.06696633994579315,-0.06515192240476608,-0.14779478311538696,0.15017755329608917,-0.6284223198890686,-0.3524641990661621,0.42868664860725403,-0.7762976288795471,0.2162659764289856,0.33516159653663635,-0.436878502368927
1749033598.6069083,0.5666577219963074,-1.9547730884947718,1.3245976606952112,2.019345446223877,-1.4908116499530237,1.6711251735687256,-0.0921478196978569,0.06863415986299515,-0.06491172313690186,-0.15161946415901184,0.15415072441101074,-0.6343218088150024,-0.34448814392089844,0.40598949790000916,-0.7934224009513855,0.23084022104740143,0.268285870552063,-0.3024926483631134
1749033598.606945,0.5664708614349365,-1.9546534023680628,1.3244498411761683,2.0190417009541015,-1.4905169645892542,1.6699306964874268,-0.09047546982765198,0.06836840510368347,-0.06484849750995636,-0.15063528716564178,0.15077702701091766,-0.6324346661567688,-0.3099779486656189,0.3278081715106964,-0.8038144111633301,0.22294659912586212,0.28505653142929077,-0.33928605914115906
1749033598.6069815,0.566269040107727,-1.9544865093626917,1.3243096510516565,2.018761082286499,-1.4901908079730433,1.6685951948165894,-0.08923670649528503,0.06434285640716553,-0.0651484876871109,-0.1495465338230133,0.15125712752342224,-0.631649374961853,-0.36196261644363403,0.42624983191490173,-0.8185482025146484,0.22544002532958984,0.29549533128738403,-0.3415999114513397
1749033598.607018,0.5660760998725891,-1.9543739757933558,1.3241894880877894,2.0184451776691894,-1.489892307912008,1.6673555374145508,-0.08871063590049744,0.06543046236038208,-0.0681321993470192,-0.15307006239891052,0.15449856221675873,-0.6304271817207336,-0.3508824110031128,0.43856438994407654,-0.7751777172088623,0.2258380502462387,0.28136706352233887,-0.37527239322662354
1749033598.6088417,0.5658857226371765,-1.9542213879027308,1.3240488211261194,2.018117828960083,-1.4895971457110804,1.6660887002944946,-0.08944103866815567,0.06835344433784485,-0.0666474997997284,-0.152949258685112,0.15419720113277435,-0.631228506565094,-0.352550208568573,0.375580757856369,-0.784349262714386,0.2691062092781067,0.2657417058944702,-0.3941235840320587
1749033598.6097078,0.5657254457473755,-1.954104562798971,1.3238814512835901,2.0178214746662597,-1.489281956349508,1.6648797988891602,-0.08919783681631088,0.06456039100885391,-0.06565820425748825,-0.1530597060918808,0.15353617072105408,-0.6325118541717529,-0.339945912361145,0.38940349221229553,-0.7970898747444153,0.28387680649757385,0.26331135630607605,-0.32490748167037964
1749033598.6504958,0.565557599067688,-1.9539815388121546,1.3237536589251917,2.0175091463276367,-1.488941494618551,1.6635767221450806,-0.0886891782283783,0.06532011181116104,-0.06803621351718903,-0.15284007787704468,0.15282607078552246,-0.6326148509979248,-0.3307114839553833,0.4256725013256073,-0.7887076735496521,0.2815439701080322,0.2685071527957916,-0.3381732106208801
1749033598.650571,0.5653849244117737,-1.9538685284056605,1.3236454168902796,2.0172056394764404,-1.488708798085348,1.6623369455337524,-0.08817294985055923,0.06638555973768234,-0.06694481521844864,-0.1507357954978943,0.15143489837646484,-0.6309556365013123,-0.35374829173088074,0.4001272916793823,-0.7463682293891907,0.28743624687194824,0.2921240031719208,-0.3348008096218109
1749033598.6506429,0.5651716589927673,-1.9537607632079066,1.3235204855548304,2.0169130998798828,-1.4883750120746058,1.6610625982284546,-0.08873992413282394,0.06664861738681793,-0.06441928446292877,-0.1500025987625122,0.15145094692707062,-0.630050003528595,-0.37600186467170715,0.39958611130714417,-0.8026386499404907,0.2810632586479187,0.3121188282966614,-0.33179566264152527
1749033598.6507118,0.5650067329406738,-1.9536096058287562,1.3233502546893519,2.016589804286621,-1.488030735646383,1.6598173379898071,-0.08758014440536499,0.06613992154598236,-0.06558005511760712,-0.147694930434227,0.15329509973526,-0.6310721039772034,-0.3532690405845642,0.39104974269866943,-0.7965523600578308,0.2563856840133667,0.27631211280822754,-0.35658711194992065
1749033598.6507795,0.5648508667945862,-1.9534694157042445,1.3232291380511683,2.016317053432129,-1.4877198378192347,1.6585420370101929,-0.08940304070711136,0.06605206429958344,-0.06576144695281982,-0.14770542085170746,0.1537780463695526,-0.6318418383598328,-0.3604370355606079,0.4183700680732727,-0.7799803614616394,0.27594834566116333,0.26715758442878723,-0.36618122458457947
1749033598.6508505,0.5646907091140747,-1.9533330402769984,1.3231213728534144,2.016033096904419,-1.4874332586871546,1.6572718620300293,-0.08785209059715271,0.06643036752939224,-0.06554260849952698,-0.1466275155544281,0.15310126543045044,-0.6336649656295776,-0.36300966143608093,0.38650065660476685,-0.7935287356376648,0.2441108077764511,0.28914111852645874,-0.33833515644073486
1749033598.6509182,0.5645264983177185,-1.9532052479186,1.322961155568258,2.0157288747974853,-1.4871729055987757,1.6559820175170898,-0.08870687335729599,0.06722144037485123,-0.06641797721385956,-0.14867570996284485,0.15644215047359467,-0.6307962536811829,-0.357153981924057,0.4000728130340576,-0.7964956760406494,0.2779715359210968,0.26743820309638977,-0.3310990035533905
1749033598.6509826,0.5642743110656738,-1.9530612430968226,1.3228328863727015,2.015456362361572,-1.4868539015399378,1.6547638177871704,-0.08975748717784882,0.06727119535207748,-0.06690332293510437,-0.1437128484249115,0.15312498807907104,-0.6309276223182678,-0.33682921528816223,0.3599914610385895,-0.7987452149391174,0.256637305021286,0.2773876190185547,-0.3263236880302429
1749033598.6510482,0.5641101598739624,-1.9529568157591761,1.3226693312274378,2.0151564317890625,-1.4865673224078577,1.653507113456726,-0.0873255506157875,0.0661650151014328,-0.06759224832057953,-0.146035835146904,0.15574251115322113,-0.6291125416755676,-0.3682398498058319,0.415546178817749,-0.7773762941360474,0.23652248084545135,0.28267794847488403,-0.3436375856399536
1749033598.6511142,0.5639373660087585,-1.9527789554991664,1.3225529829608362,2.0148493486591796,-1.4862654844867151,1.6522449254989624,-0.08740980923175812,0.06716995686292648,-0.06779278814792633,-0.14596813917160034,0.15585190057754517,-0.6307352185249329,-0.3469099998474121,0.3798286020755768,-0.777209997177124,0.2723829746246338,0.24201640486717224,-0.3566575348377228
1749033598.65118,0.56377774477005,-1.9526730976500453,1.3224089781390589,2.014580412501953,-1.4859235922442835,1.6509718894958496,-0.08632451295852661,0.06689988821744919,-0.06777011603116989,-0.14408841729164124,0.15459313988685608,-0.6320807337760925,-0.3505471348762512,0.37617599964141846,-0.7789750099182129,0.2323368787765503,0.26449263095855713,-0.30054837465286255
1749033598.651245,0.5635873079299927,-1.9525453052916468,1.3222735563861292,2.0142764288135986,-1.4856045881854456,1.649674892425537,-0.08844056725502014,0.06665930151939392,-0.06776154041290283,-0.1446876972913742,0.15482883155345917,-0.6300826668739319,-0.351773202419281,0.37401139736175537,-0.764328122138977,0.23915088176727295,0.2715129554271698,-0.29493802785873413
1749033598.651311,0.5634276866912842,-1.952428480187887,1.32214862505068,2.013995571727417,-1.485302750264303,1.6484551429748535,-0.08534830063581467,0.06603997945785522,-0.06793124228715897,-0.14507289230823517,0.15455320477485657,-0.6282092332839966,-0.4165927469730377,0.427101731300354,-0.7559514045715332,0.23049834370613098,0.2741745710372925,-0.34237945079803467
1749033598.6513758,0.5632278323173523,-1.9522549114623011,1.3220203558551233,2.0137039858051757,-1.4849684874164026,1.647190809249878,-0.08791220933198929,0.07072122395038605,-0.06755408644676208,-0.14523853361606598,0.15319356322288513,-0.626885175704956,-0.3970927894115448,0.3747987151145935,-0.7588412761688232,0.22744926810264587,0.27556347846984863,-0.3284633159637451
1749033598.651441,0.563075840473175,-1.9521366558470667,1.3218725363360804,2.013427897090576,-1.4846542517291468,1.6459513902664185,-0.08835891634225845,0.06683551520109177,-0.06752538681030273,-0.14538925886154175,0.1527537852525711,-0.6269757747650146,-0.32647454738616943,0.3716410994529724,-0.7606943845748901,0.23873943090438843,0.3004402220249176,-0.3551174998283386
1749033598.6515067,0.5628687739372253,-1.9520131550230921,1.3217089811908167,2.013131781215332,-1.4843938986407679,1.644683837890625,-0.08748460561037064,0.06629270315170288,-0.06757517904043198,-0.14566349983215332,0.1531921774148941,-0.6299242973327637,-0.37785470485687256,0.3884032964706421,-0.7564137578010559,0.229812353849411,0.270494669675827,-0.3462495803833008
1749033598.6515722,0.5627554059028625,-1.9518653355040492,1.3215926329242151,2.0128275591083984,-1.4840882460223597,1.6433892250061035,-0.08783648163080215,0.06943071633577347,-0.06937606632709503,-0.14580100774765015,0.15442563593387604,-0.6316810250282288,-0.35702863335609436,0.3538242280483246,-0.7271051406860352,0.2318209558725357,0.27947965264320374,-0.28770965337753296
1749033598.6516376,0.5625267028808594,-1.951733728448385,1.3214839140521448,2.0125276285358886,-1.4837845007525843,1.6421964168548584,-0.08837890625,0.06552811712026596,-0.06631288677453995,-0.14524169266223907,0.15524829924106598,-0.6271482110023499,-0.34299707412719727,0.3721819519996643,-0.7474002242088318,0.2402341216802597,0.2633296549320221,-0.30301129817962646
1749033598.6517022,0.5623381733894348,-1.9516173801817835,1.3213327566729944,2.0121959882923584,-1.4834240118609827,1.6408474445343018,-0.08831072598695755,0.06672506779432297,-0.0657636895775795,-0.14827202260494232,0.15206952393054962,-0.6240671277046204,-0.34723490476608276,0.40929266810417175,-0.7561981081962585,0.23389051854610443,0.2675458788871765,-0.3219166398048401
1749033598.6517687,0.5622236728668213,-1.9515043697752894,1.3211968580829065,2.0119358736225585,-1.4831612745868128,1.6396654844284058,-0.08874522149562836,0.06740609556436539,-0.06824154406785965,-0.14572396874427795,0.1538526862859726,-0.6217828392982483,-0.3676066994667053,0.40046530961990356,-0.7273026704788208,0.22903352975845337,0.2955965995788574,-0.34235912561416626
1749033598.6519227,0.5620096325874329,-1.9513656101622523,1.3210490385638636,2.0116512018391113,-1.4828508535968226,1.638431191444397,-0.08917935937643051,0.06729255616664886,-0.0653812363743782,-0.14305992424488068,0.1523682177066803,-0.6216000914573669,-0.3605780601501465,0.3730000853538513,-0.7473493814468384,0.2311503142118454,0.280972957611084,-0.3997291922569275
1749033598.653642,0.5618681311607361,-1.9512092075743617,1.3209484259234827,2.0113703447529296,-1.482568089162008,1.6371840238571167,-0.08910900354385376,0.06773057579994202,-0.0655660331249237,-0.1467154324054718,0.15245670080184937,-0.6251891851425171,-0.3587399423122406,0.38326048851013184,-0.7597816586494446,0.2346443235874176,0.29640448093414307,-0.3413095474243164
1749033598.6945043,0.5616436004638672,-1.9510966740050257,1.3208044211017054,2.011070652598999,-1.4822762648211878,1.6359084844589233,-0.08822091668844223,0.06811016798019409,-0.06564579159021378,-0.14144264161586761,0.15235783159732819,-0.6261882185935974,-0.39046043157577515,0.36815977096557617,-0.7507642507553101,0.21525919437408447,0.28422948718070984,-0.3271929621696472
1749033598.6945896,0.5614827871322632,-1.9509574375548304,1.3206847349749964,2.0107595163532714,-1.4819501082049769,1.6346757411956787,-0.08786666393280029,0.06802228093147278,-0.06557761132717133,-0.14291903376579285,0.1538434475660324,-0.6232976913452148,-0.3746398985385895,0.38212910294532776,-0.7584404945373535,0.223346546292305,0.3007943034172058,-0.357373982667923
1749033598.6946554,0.561264157295227,-1.9508048496642054,1.3205445448504847,2.0104939180561523,-1.481682602559225,1.6333959102630615,-0.08653640002012253,0.06795637309551239,-0.06547778844833374,-0.14479102194309235,0.1538933664560318,-0.6221519112586975,-0.3845674395561218,0.35876190662384033,-0.7673909664154053,0.21119508147239685,0.30668768286705017,-0.3276834189891815
1749033598.6947267,0.5610893368721008,-1.9506846867003382,1.3204248587237757,2.0101868349262695,-1.481345001851217,1.6322280168533325,-0.08708985149860382,0.06695958226919174,-0.06579501181840897,-0.14619310200214386,0.15297845005989075,-0.6202112436294556,-0.36509615182876587,0.37409305572509766,-0.7482414245605469,0.2260836660861969,0.30370983481407166,-0.3894002437591553
1749033598.6947935,0.5609332323074341,-1.9505530796446742,1.320303742085592,2.009898825282715,-1.4810426870929163,1.6309330463409424,-0.08632738888263702,0.07026955485343933,-0.06585346162319183,-0.1461331993341446,0.15304112434387207,-0.6258275508880615,-0.36750543117523193,0.3372485339641571,-0.7648831009864807,0.22363698482513428,0.3189295828342438,-0.3758925199508667
1749033598.6948614,0.5607914924621582,-1.9504486523070277,1.3201525847064417,2.009622736568115,-1.4807480017291468,1.6296571493148804,-0.08594011515378952,0.06618563085794449,-0.06560124456882477,-0.14428068697452545,0.15226948261260986,-0.6296055316925049,-0.4024113416671753,0.37843015789985657,-0.7602627277374268,0.20259326696395874,0.31649893522262573,-0.31512442231178284
1749033598.6949275,0.5606632232666016,-1.9502502880492152,1.3200276533709925,2.009338541621826,-1.4804838339435022,1.628399133682251,-0.08908067643642426,0.06674635410308838,-0.06810124963521957,-0.14203181862831116,0.15636444091796875,-0.6271565556526184,-0.3393665552139282,0.3793763816356659,-0.7461696267127991,0.17734739184379578,0.30642569065093994,-0.37096619606018066
1749033598.6949923,0.5604478120803833,-1.9501382313170375,1.3198884169207972,2.009066029185913,-1.4801157156573694,1.6270874738693237,-0.08695322275161743,0.06987398862838745,-0.06493214517831802,-0.14534366130828857,0.15409164130687714,-0.6266829967498779,-0.38408949971199036,0.35696667432785034,-0.7703798413276672,0.20275215804576874,0.3092767298221588,-0.33631035685539246
1749033598.6950593,0.5602725148200989,-1.9500166378416957,1.3197324911700647,2.008757992381714,-1.4798286596881312,1.6258224248886108,-0.09014979749917984,0.06794601678848267,-0.06429293006658554,-0.1425408273935318,0.15298514068126678,-0.625130295753479,-0.39528390765190125,0.33960413932800293,-0.7819844484329224,0.16155678033828735,0.30535340309143066,-0.33813658356666565
1749033598.6951246,0.5600892305374146,-1.9498969517149867,1.3196161429034632,2.008513851756714,-1.4795177618609827,1.6246049404144287,-0.08752934634685516,0.06663121283054352,-0.06849063187837601,-0.1429920792579651,0.15720234811306,-0.623956561088562,-0.3746015727519989,0.3816702365875244,-0.7317882180213928,0.15735706686973572,0.29202067852020264,-0.3457767069339752
1749033598.6951907,0.5598862171173096,-1.9497529468932093,1.3194764296161097,2.0081822115131835,-1.479204003010885,1.623323678970337,-0.08835237473249435,0.06736491620540619,-0.06627912074327469,-0.14990390837192535,0.1539018601179123,-0.6267774105072021,-0.394835889339447,0.38317543268203735,-0.7458515167236328,0.19057461619377136,0.3252037763595581,-0.33990079164505005
1749033598.6952562,0.5597219467163086,-1.9496332607665003,1.319348160420553,2.007894201869629,-1.4788544813739222,1.622072696685791,-0.08963585644960403,0.06695736199617386,-0.0661238506436348,-0.14745719730854034,0.15666720271110535,-0.6270020008087158,-0.3698941469192505,0.3910539150238037,-0.765007734298706,0.18849804997444153,0.3076687455177307,-0.3139316439628601
1749033598.695323,0.5595313906669617,-1.9494854412474574,1.319235626851217,2.007606192226074,-1.4785140196429651,1.6208473443984985,-0.08822555094957352,0.06645563244819641,-0.0666179433465004,-0.1471443474292755,0.15798915922641754,-0.6250890493392944,-0.3666691482067108,0.3863120675086975,-0.751572847366333,0.20085284113883972,0.2830374538898468,-0.3534816801548004
1749033598.6953883,0.5593933463096619,-1.949357648889059,1.319104019795553,2.0073141294666748,-1.478255573903219,1.6195939779281616,-0.0914800763130188,0.06572653353214264,-0.0666365921497345,-0.14799195528030396,0.1565229594707489,-0.6251474618911743,-0.32322239875793457,0.3920910358428955,-0.7569828629493713,0.18870487809181213,0.29322224855422974,-0.3175615072250366
1749033598.6954541,0.5591601729393005,-1.9492064915099085,1.3189404646502894,2.0070342260548095,-1.4779260794269007,1.6183466911315918,-0.08889047056436539,0.06650491058826447,-0.06635038554668427,-0.14746886491775513,0.1546446830034256,-0.6211394667625427,-0.3962569832801819,0.4077625274658203,-0.7390986680984497,0.17960934340953827,0.3012959361076355,-0.39399248361587524
1749033598.6955197,0.5590152740478516,-1.9490777454771937,1.3188241163836878,2.0067030626484375,-1.4776275793658655,1.617108941078186,-0.09196885675191879,0.06747781485319138,-0.06643836200237274,-0.14998838305473328,0.1537504345178604,-0.6254593729972839,-0.33205264806747437,0.3984726071357727,-0.7485507130622864,0.18492470681667328,0.3035522699356079,-0.40092554688453674
1749033598.695585,0.5588391423225403,-1.9489184818663539,1.3186920324908655,2.006446524257324,-1.4773290793048304,1.6158454418182373,-0.08928447961807251,0.06581620126962662,-0.06670460104942322,-0.15149016678333282,0.15308965742588043,-0.6323385834693909,-0.31892192363739014,0.3482029438018799,-0.7525010108947754,0.20979082584381104,0.30797266960144043,-0.29512885212898254
1749033598.6956503,0.5587028861045837,-1.9488269291319789,1.318552319203512,2.0061425405689697,-1.4770234266864222,1.6146138906478882,-0.08890177309513092,0.06664135307073593,-0.06589747220277786,-0.15172189474105835,0.15318432450294495,-0.6295119524002075,-0.3427586555480957,0.38694941997528076,-0.7583391666412354,0.2106090784072876,0.2791142463684082,-0.32425475120544434
1749033598.6957157,0.5584644079208374,-1.948691030541891,1.318439785634176,2.00584260999646,-1.4767163435565394,1.6133004426956177,-0.08881410211324692,0.06642962992191315,-0.06602971255779266,-0.15168432891368866,0.15029148757457733,-0.6288461685180664,-0.3446143865585327,0.39774709939956665,-0.7413149476051331,0.20289765298366547,0.3090355396270752,-0.3158578872680664
1749033598.6957808,0.558312177658081,-1.9485513172545375,1.3182957808123987,2.00554267942395,-1.4764536062823694,1.612104892730713,-0.08780839294195175,0.06656491011381149,-0.06514938175678253,-0.14768390357494354,0.15332530438899994,-0.6276829242706299,-0.3421870768070221,0.38254445791244507,-0.7677239775657654,0.19207218289375305,0.33194082975387573,-0.30263054370880127
1749033598.695942,0.5581598281860352,-1.948430677453512,1.3181636969195765,2.005206986064575,-1.476166073475973,1.6108250617980957,-0.08811752498149872,0.0658605694770813,-0.06509020179510117,-0.15274415910243988,0.1549975872039795,-0.6251850128173828,-0.3880351185798645,0.3693491518497467,-0.780076801776886,0.18888792395591736,0.29966455698013306,-0.39461997151374817
1749033598.6976793,0.5579805374145508,-1.9482742748656214,1.318012539540426,2.004945917720459,-1.4758513609515589,1.6095991134643555,-0.08909129351377487,0.06921955198049545,-0.06442464143037796,-0.1521960198879242,0.15727178752422333,-0.6273528933525085,-0.35211241245269775,0.3770623505115509,-0.7857428789138794,0.22765812277793884,0.29181337356567383,-0.3509158492088318
1749033598.738492,0.557778000831604,-1.9480964146056117,1.3179000059710901,2.004626436824463,-1.4755447546588343,1.6083046197891235,-0.08933617919683456,0.06541553139686584,-0.06507839262485504,-0.15206655859947205,0.15881319344043732,-0.6284540891647339,-0.33939647674560547,0.3786432147026062,-0.7862475514411926,0.21870648860931396,0.2960120737552643,-0.33497169613838196
1749033598.7385688,0.5576210021972656,-1.9479953251280726,1.317770783101217,2.004332943553589,-1.4751995245562952,1.6070700883865356,-0.08932501822710037,0.06556402146816254,-0.06483251601457596,-0.15772493183612823,0.1588824987411499,-0.6266343593597412,-0.33263278007507324,0.38778001070022583,-0.7834219336509705,0.25341901183128357,0.2763000428676605,-0.35741546750068665
1749033598.73864,0.5574191808700562,-1.9478327236571253,1.3176196257220667,2.004021330470703,-1.4749048391925257,1.605841875076294,-0.08901462703943253,0.06848620623350143,-0.0644381195306778,-0.15382231771945953,0.15763263404369354,-0.6252016425132751,-0.3524739146232605,0.37792298197746277,-0.7885336875915527,0.25880497694015503,0.2813931703567505,-0.32237952947616577
1749033598.7387094,0.5574191808700562,-1.9478327236571253,1.3176196257220667,2.004021330470703,-1.4749048391925257,1.605841875076294,-0.08901462703943253,0.06848620623350143,-0.0644381195306778,-0.15382231771945953,0.15763263404369354,-0.6252016425132751,-0.3524739146232605,0.37792298197746277,-0.7885336875915527,0.25880497694015503,0.2813931703567505,-0.32237952947616577
1749033598.7387762,0.557075023651123,-1.9476224384703578,1.3173750082599085,2.0033468443104248,-1.4742839972125452,1.603304386138916,-0.08863507956266403,0.06584841012954712,-0.06664254516363144,-0.15172621607780457,0.15542037785053253,-0.6278824210166931,-0.36709868907928467,0.3777722716331482,-0.769910991191864,0.2560616731643677,0.3081956207752228,-0.37531113624572754
1749033598.7388427,0.5568642616271973,-1.9474712810912074,1.3172743956195276,2.00305358945813,-1.4739659468280237,1.6020461320877075,-0.08882554620504379,0.0669400617480278,-0.06483861804008484,-0.15144264698028564,0.15578560531139374,-0.6291052103042603,-0.34889939427375793,0.3579305112361908,-0.7973654866218567,0.2744728624820709,0.30897045135498047,-0.31840795278549194
1749033598.7389104,0.5567004680633545,-1.947343488732809,1.317122761403219,2.002753182048462,-1.4736745993243616,1.600808024406433,-0.08808916807174683,0.06747859716415405,-0.06530950218439102,-0.14984630048274994,0.1573006808757782,-0.6275628209114075,-0.350164532661438,0.3708995282649994,-0.7907846570014954,0.2890781760215759,0.3029593229293823,-0.35144269466400146
1749033598.7389781,0.5564849376678467,-1.947195669213766,1.3169682661639612,2.0024568277546386,-1.4733331839190882,1.5996140241622925,-0.0910719633102417,0.06715124845504761,-0.06752466410398483,-0.1481492966413498,0.16173695027828217,-0.6285519599914551,-0.3281882107257843,0.3780035674571991,-0.7735936045646667,0.26119178533554077,0.24306055903434753,-0.3655482530593872
1749033598.7390442,0.5563707947731018,-1.9470678768553675,1.3168557325946253,2.0021723943897705,-1.4730518499957483,1.5983086824417114,-0.08784586191177368,0.06752851605415344,-0.06526497006416321,-0.1481359452009201,0.15957894921302795,-0.6300220489501953,-0.3705441355705261,0.36462634801864624,-0.8039434552192688,0.2875021994113922,0.25934895873069763,-0.36509570479393005
1749033598.739109,0.556196391582489,-1.9468962154784144,1.3167112509356897,2.0018724638172607,-1.4727533499347132,1.5970436334609985,-0.09109950065612793,0.0670878067612648,-0.06614941358566284,-0.14388415217399597,0.15960900485515594,-0.630980908870697,-0.28128328919410706,0.3226238489151001,-0.7787205576896667,0.26732921600341797,0.24316942691802979,-0.3114132881164551
1749033598.739175,0.5560181140899658,-1.9468146763243617,1.3165715376483362,2.001565380687378,-1.4723966757403772,1.595757007598877,-0.08516264706850052,0.06485890597105026,-0.06665080785751343,-0.14409291744232178,0.15650269389152527,-0.6271107196807861,-0.3319486975669861,0.32864439487457275,-0.7801152467727661,0.27776873111724854,0.2393171787261963,-0.25539353489875793
1749033598.7392402,0.5558609962463379,-1.9466444454588832,1.3164470831500452,2.0013081270405273,-1.472098175679342,1.5945385694503784,-0.0844263881444931,0.06262489408254623,-0.06650599092245102,-0.14193443953990936,0.15119868516921997,-0.6198374629020691,-0.3341768682003021,0.36302652955055237,-0.7610401511192322,0.2914066016674042,0.25820791721343994,-0.24570322036743164
1749033598.7393055,0.5556656718254089,-1.9464971027769984,1.316296402608053,2.001009150142334,-1.471799675618307,1.5933362245559692,-0.08404413610696793,0.06150413304567337,-0.06574910879135132,-0.13887448608875275,0.1500331610441208,-0.6136508584022522,-0.34866535663604736,0.37715983390808105,-0.7696240544319153,0.26894617080688477,0.27010467648506165,-0.2840690612792969
1749033598.7393715,0.5554985404014587,-1.9463650188841761,1.3161795775042933,2.0007523733326416,-1.4715202490436,1.5921434164047241,-0.08447877317667007,0.062385156750679016,-0.06542656570672989,-0.1385853886604309,0.14837035536766052,-0.6077703833580017,-0.3684300184249878,0.39506179094314575,-0.7827958464622498,0.23768030107021332,0.27823612093925476,-0.3044312298297882
1749033598.7394369,0.55537348985672,-1.9462453327574671,1.3160784880267542,2.0004772382923584,-1.4711936155902308,1.5909382104873657,-0.08403581380844116,0.06467310339212418,-0.06437332183122635,-0.13781484961509705,0.14904794096946716,-0.607828676700592,-0.37905168533325195,0.35725271701812744,-0.7901203632354736,0.2539207339286804,0.27209365367889404,-0.3313974142074585
1749033598.7395015,0.5551280975341797,-1.9461251697936,1.3159430662738245,2.0002009111591796,-1.4708989302264612,1.5897178649902344,-0.08755473047494888,0.06176157295703888,-0.06633969396352768,-0.1372312754392624,0.151025652885437,-0.6104388236999512,-0.36248284578323364,0.4480941891670227,-0.7535679936408997,0.2244330644607544,0.29503631591796875,-0.43579161167144775
1749033598.739567,0.5550193190574646,-1.9459969005980433,1.3158353010760706,1.999913139934204,-1.470576588307516,1.5884554386138916,-0.08736840635538101,0.06553838402032852,-0.06272462010383606,-0.13886527717113495,0.15301989018917084,-0.6192740797996521,-0.4111812114715576,0.48554566502571106,-0.7748612761497498,0.21865083277225494,0.26939815282821655,-0.3769100308418274
1749033598.7396321,0.5547966361045837,-1.9458767376341761,1.3156874815570276,1.999664230937622,-1.4703362623797815,1.5872005224227905,-0.09236141294240952,0.07205402851104736,-0.06279323250055313,-0.141891211271286,0.15452560782432556,-0.6253569722175598,-0.34043633937835693,0.33478879928588867,-0.8215173482894897,0.2255973368883133,0.24855801463127136,-0.36972981691360474
1749033598.7396955,0.5546238422393799,-1.9457570515074671,1.315559212361471,1.9993757444569091,-1.4699724356280726,1.5859516859054565,-0.08793855458498001,0.06659157574176788,-0.06620217114686966,-0.14419293403625488,0.1527351588010788,-0.6268804669380188,-0.3514234125614166,0.3434332013130188,-0.7879310250282288,0.22816768288612366,0.2675076127052307,-0.33365485072135925
1749033598.7397602,0.5544679164886475,-1.9456011257567347,1.315411392842428,1.9990708070942382,-1.4696858564959925,1.5847243070602417,-0.08860532194375992,0.06712967902421951,-0.0658419281244278,-0.1468334197998047,0.1544378697872162,-0.6272758841514587,-0.35173743963241577,0.3796848654747009,-0.781716525554657,0.2527456283569336,0.2624639868736267,-0.3303188681602478
1749033598.739923,0.5542870163917542,-1.9454766712584437,1.3152669111834925,1.9988061624714355,-1.4693754355060022,1.5834828615188599,-0.08934810012578964,0.06648747622966766,-0.06664375960826874,-0.14783944189548492,0.15246814489364624,-0.6279581785202026,-0.3482522964477539,0.35319894552230835,-0.8010405898094177,0.2415408194065094,0.27431753277778625,-0.37935754656791687
1749033598.7416599,0.5540850162506104,-1.9453259907164515,1.3151543776141565,1.9985057550617675,-1.4690564314471644,1.582176685333252,-0.08907470852136612,0.06613680720329285,-0.06860801577568054,-0.146330788731575,0.15315976738929749,-0.6340939402580261,-0.3363141119480133,0.32773542404174805,-0.7730723023414612,0.2241588532924652,0.2707671821117401,-0.34002000093460083
1749033598.7824976,0.5539100170135498,-1.9451710186400355,1.3149827162372034,1.9981934267231445,-1.4687421957599085,1.5808935165405273,-0.08910059928894043,0.0652647390961647,-0.06970611214637756,-0.15184643864631653,0.1543690264225006,-0.6343451738357544,-0.3386962115764618,0.3249128758907318,-0.744909405708313,0.23774638772010803,0.25106823444366455,-0.2957504093647003
1749033598.7825732,0.5537264943122864,-1.9450270138182582,1.3148472944842737,1.99788944303479,-1.4684198538409632,1.5796221494674683,-0.08852380514144897,0.06538216024637222,-0.06946837902069092,-0.1502503752708435,0.15395939350128174,-0.6319029927253723,-0.36714184284210205,0.3538111746311188,-0.7523195743560791,0.28064578771591187,0.2507449686527252,-0.3262098431587219
1749033598.7826436,0.553582489490509,-1.9448801479735316,1.3147152105914515,1.9975651937672119,-1.4681060949908655,1.5783950090408325,-0.08778084814548492,0.06495045125484467,-0.06856044381856918,-0.1505044847726822,0.15409831702709198,-0.6300713419914246,-0.3581142723560333,0.3758116066455841,-0.7517881393432617,0.2551991045475006,0.2538331151008606,-0.3069136142730713
1749033598.7827122,0.5534064173698425,-1.9448019466795863,1.3145831266986292,1.9972328382679443,-1.4678452650653284,1.577093482017517,-0.08775831758975983,0.0656215101480484,-0.06795289367437363,-0.15446849167346954,0.15439468622207642,-0.6245066523551941,-0.38093674182891846,0.3678349256515503,-0.7630102038383484,0.2950221300125122,0.2519763112068176,-0.3635554611682892
1749033598.7827802,0.5531949996948242,-1.9446703396239222,1.3144391218768519,1.9969281393238525,-1.4674847761737269,1.5758912563323975,-0.08799488842487335,0.06628363579511642,-0.06738840043544769,-0.15039512515068054,0.15379095077514648,-0.6281456351280212,-0.3714812695980072,0.344409316778183,-0.7633231282234192,0.3072457015514374,0.2374017834663391,-0.3949154019355774
1749033598.7828486,0.5530343055725098,-1.9445225201048792,1.3143070379840296,1.9966551500507812,-1.4671967665301722,1.5745820999145508,-0.08815880864858627,0.0660288855433464,-0.067924365401268,-0.14989830553531647,0.153493270277977,-0.6327082514762878,-0.3615129590034485,0.36437708139419556,-0.7604734897613525,0.2969975471496582,0.24997009336948395,-0.32485419511795044
1749033598.782917,0.5528321862220764,-1.9443899593748988,1.314190689717428,1.9963263708302001,-1.4668291250811976,1.5733246803283691,-0.08788660168647766,0.06501762568950653,-0.06827855110168457,-0.14921143651008606,0.1512727290391922,-0.6326327919960022,-0.3742002248764038,0.3736232817173004,-0.7438160181045532,0.3072178065776825,0.2700425088405609,-0.33892881870269775
1749033598.7829876,0.552666962146759,-1.9442392788329066,1.314050022755758,1.9959978300281982,-1.466546360646383,1.572077989578247,-0.08707498013973236,0.06438525021076202,-0.06765615195035934,-0.14918212592601776,0.1497374325990677,-0.6297426223754883,-0.3602006435394287,0.38099926710128784,-0.7403639554977417,0.3253493905067444,0.28227609395980835,-0.3467879891395569
1749033598.7830553,0.5525044798851013,-1.9441505871214808,1.3138988653766077,1.9957286554523925,-1.466208283101217,1.5707995891571045,-0.09091135859489441,0.06784722208976746,-0.06714153289794922,-0.14483357965946198,0.15306414663791656,-0.6289024949073792,-0.32879966497421265,0.36953073740005493,-0.7584819793701172,0.2895820736885071,0.2588423490524292,-0.35346734523773193
1749033598.7831213,0.5523473620414734,-1.9440261326231898,1.3137510458575647,1.9954287248798828,-1.4658930937396448,1.5695760250091553,-0.08743468672037125,0.06266770511865616,-0.06788533926010132,-0.14692233502864838,0.14971449971199036,-0.6270471215248108,-0.38341233134269714,0.3649175465106964,-0.7468422055244446,0.2939034104347229,0.27762797474861145,-0.39704588055610657
1749033598.7831886,0.552121102809906,-1.943859716454977,1.3136189619647425,1.9951397615620117,-1.4655855337726038,1.5683038234710693,-0.08899320662021637,0.06456828862428665,-0.06806415319442749,-0.1408839225769043,0.15046724677085876,-0.6334354877471924,-0.3601353168487549,0.39072707295417786,-0.7419155836105347,0.2710881233215332,0.2684040665626526,-0.35205313563346863
1749033598.7832549,0.5519574284553528,-1.9437505207457484,1.3135064283954065,1.9948710638233642,-1.4652870337115687,1.5670015811920166,-0.08814384043216705,0.06578590720891953,-0.06804007291793823,-0.13978680968284607,0.15221019089221954,-0.6341160535812378,-0.3212668299674988,0.39198896288871765,-0.7381592988967896,0.27146148681640625,0.2439774125814438,-0.3077092170715332
1749033598.7833192,0.5517613887786865,-1.9436389408507289,1.3133748213397425,1.9946064192005615,-1.4649890104876917,1.565762996673584,-0.08883144706487656,0.06624443829059601,-0.06745217740535736,-0.1443001925945282,0.14999094605445862,-0.6314365863800049,-0.36277908086776733,0.3662624955177307,-0.7470176219940186,0.27889391779899597,0.26479166746139526,-0.3853836953639984
1749033598.783385,0.5515857338905334,-1.9434567890562953,1.313230339680807,1.9943458276936035,-1.4646819273578089,1.564449667930603,-0.09036216884851456,0.06486766040325165,-0.06967148184776306,-0.1421567052602768,0.15152350068092346,-0.6329565048217773,-0.3184090554714203,0.4212571382522583,-0.7335855960845947,0.26277726888656616,0.2548717260360718,-0.32796746492385864
1749033598.7834506,0.5514025092124939,-1.9433404407896937,1.313117806111471,1.9940382677265625,-1.4643986860858362,1.563165307044983,-0.08948173373937607,0.06630872189998627,-0.06671076267957687,-0.1416521519422531,0.15335910022258759,-0.6321906447410583,-0.34792718291282654,0.39014995098114014,-0.7386757135391235,0.2511829137802124,0.23916471004486084,-0.36939841508865356
1749033598.7835155,0.5512261986732483,-1.9432312450804652,1.312934700642721,1.9937419134327392,-1.4641073385821741,1.5619394779205322,-0.08890260756015778,0.06697659194469452,-0.06582079082727432,-0.1416446417570114,0.15348689258098602,-0.6353211402893066,-0.3200240135192871,0.3791084289550781,-0.7584108710289001,0.2313227653503418,0.2418503761291504,-0.3534209728240967
1749033598.783581,0.5510281324386597,-1.9431148968138636,1.31281024614443,1.9934534269520263,-1.4637582937823694,1.560638427734375,-0.08816958963871002,0.06573913991451263,-0.0695745199918747,-0.14308564364910126,0.15182407200336456,-0.6378086805343628,-0.35252517461776733,0.3911803364753723,-0.7277851104736328,0.24089835584163666,0.2572346031665802,-0.28842893242836
1749033598.783646,0.5508481860160828,-1.9429484806456507,1.312674347554342,1.99316851675,-1.4634359518634241,1.5593839883804321,-0.08688952773809433,0.06639860570430756,-0.06745056062936783,-0.14492447674274445,0.1554611325263977,-0.6326913237571716,-0.320193350315094,0.3858225345611572,-0.7270085215568542,0.2712983191013336,0.2124788463115692,-0.3169004023075104
1749033598.7837102,0.5507190823554993,-1.942820211450094,1.312514607106344,1.992856426829956,-1.463156525288717,1.5581436157226562,-0.08481141924858093,0.0658501610159874,-0.06634069979190826,-0.14611294865608215,0.15109817683696747,-0.6302792429924011,-0.38461485505104065,0.3658493161201477,-0.7516655325889587,0.2500072717666626,0.2468060851097107,-0.3484530746936798
1749033598.7837744,0.5504897236824036,-1.9426881275572718,1.3124178091632288,1.9925672250935058,-1.4628532568561,1.5569006204605103,-0.08968660980463028,0.06607191264629364,-0.06729921698570251,-0.14785949885845184,0.1514618992805481,-0.6298511028289795,-0.3399405777454376,0.3919363021850586,-0.7318367958068848,0.25373348593711853,0.2650891840457916,-0.3461267650127411
1749033598.7839322,0.5503600239753723,-1.9425527058043421,1.312317196522848,1.9922668176838378,-1.4625356833087366,1.555647373199463,-0.08649451285600662,0.06641552597284317,-0.06760521978139877,-0.15088103711605072,0.1544078290462494,-0.6298652291297913,-0.3868322968482971,0.39152443408966064,-0.7377501130104065,0.26465409994125366,0.22718755900859833,-0.41320931911468506
1749033598.7856956,0.5502123236656189,-1.9424244366087855,1.3121183554278772,1.991966648692749,-1.46220571199526,1.5543783903121948,-0.08810950815677643,0.0666874572634697,-0.0671791210770607,-0.15110920369625092,0.1521013081073761,-0.6346741318702698,-0.35803866386413574,0.38345369696617126,-0.7465540766716003,0.2728648781776428,0.25912338495254517,-0.3347705006599426
1749033598.8263118,0.5499979257583618,-1.9422890148558558,1.3120024839984339,1.9916536050983886,-1.4619196097003382,1.5531245470046997,-0.08799059689044952,0.06490772217512131,-0.06598422676324844,-0.1502240002155304,0.1526688039302826,-0.6382122039794922,-0.34341779351234436,0.3733568489551544,-0.7364917397499084,0.28102296590805054,0.22914491593837738,-0.3120933175086975
1749033598.8263595,0.5497556924819946,-1.942188402215475,1.3118632475482386,1.9913653570362548,-1.4615972677813929,1.5518600940704346,-0.08848818391561508,0.06765642017126083,-0.06757542490959167,-0.14861327409744263,0.1516834795475006,-0.6357741355895996,-0.34273606538772583,0.4048408269882202,-0.7337043285369873,0.26878729462623596,0.26012176275253296,-0.34658128023147583
1749033598.8264005,0.5497556924819946,-1.942188402215475,1.3118632475482386,1.9913653570362548,-1.4615972677813929,1.5518600940704346,-0.08848818391561508,0.06765642017126083,-0.06757542490959167,-0.14861327409744263,0.1516834795475006,-0.6357741355895996,-0.34273606538772583,0.4048408269882202,-0.7337043285369873,0.26878729462623596,0.26012176275253296,-0.34658128023147583
1749033598.826457,0.5494163036346436,-1.9418865642943324,1.3116100470172327,1.9907376009174804,-1.4609959761248987,1.5493000745773315,-0.08777234703302383,0.06603699177503586,-0.06538362801074982,-0.14630664885044098,0.1512746512889862,-0.631388247013092,-0.3545301854610443,0.4185246527194977,-0.7668430805206299,0.2861785292625427,0.25721168518066406,-0.34818488359451294
1749033598.8264983,0.5492519736289978,-1.9417649708189906,1.3114660421954554,1.9904567438312988,-1.4606927076922815,1.5480468273162842,-0.08798704296350479,0.06624308973550797,-0.06687517464160919,-0.1442338228225708,0.1507287472486496,-0.6318577527999878,-0.3636559247970581,0.39150792360305786,-0.7487431168556213,0.25458961725234985,0.28063926100730896,-0.3767867982387543
1749033598.826538,0.5490645170211792,-1.941636701623434,1.311333958302633,1.9901718336292724,-1.460402790700094,1.546790361404419,-0.08782664686441422,0.06805440038442612,-0.06775979697704315,-0.14935478568077087,0.15153571963310242,-0.6343681216239929,-0.3820386826992035,0.38833168148994446,-0.7088577151298523,0.2903253734111786,0.2753230035305023,-0.3419308066368103
1749033598.8265755,0.5489274263381958,-1.941481729547018,1.3111980597125452,1.9899024206348876,-1.460034195576803,1.5455130338668823,-0.08909095078706741,0.06614889949560165,-0.06463608145713806,-0.14435411989688873,0.15329840779304504,-0.6332255601882935,-0.36691224575042725,0.42795801162719727,-0.7715165615081787,0.23644085228443146,0.25631630420684814,-0.37844324111938477
1749033598.826617,0.5487833023071289,-1.941357275048727,1.3110583464251917,1.989614649409912,-1.4597809950457972,1.544262170791626,-0.08997204154729843,0.06784174591302872,-0.06502816081047058,-0.14485611021518707,0.15387967228889465,-0.634512186050415,-0.3069620430469513,0.35006994009017944,-0.7607600092887878,0.25944751501083374,0.26166611909866333,-0.3395642936229706
1749033598.826655,0.5485488176345825,-1.9412604771056117,1.3109496275531214,1.9893261629291992,-1.4594114462481897,1.5429800748825073,-0.08693660795688629,0.06655418127775192,-0.06541489064693451,-0.14397090673446655,0.15175050497055054,-0.6321167349815369,-0.2830759584903717,0.2937488853931427,-0.7489867210388184,0.29248201847076416,0.2213488519191742,-0.23829209804534912
1749033598.8266926,0.5483624935150146,-1.9411055050291957,1.3108332792865198,1.9890565115162353,-1.4590666929828089,1.5417598485946655,-0.08713395893573761,0.06348294019699097,-0.06525428593158722,-0.14273127913475037,0.15365266799926758,-0.6237974762916565,-0.3343043923377991,0.347014456987381,-0.7483421564102173,0.26690277457237244,0.21574899554252625,-0.28558650612831116
1749033598.82673,0.5482088327407837,-1.9410211048521937,1.3106940428363245,1.988748236293457,-1.4588335196124476,1.5405259132385254,-0.08242861926555634,0.062492623925209045,-0.0643266960978508,-0.14512333273887634,0.14843140542507172,-0.6171334385871887,-0.3471776843070984,0.3775595426559448,-0.764099657535553,0.2755601406097412,0.24058891832828522,-0.2831529974937439
1749033598.8267705,0.548017144203186,-1.940838476220602,1.310584847127096,1.9884716707416992,-1.4584921042071741,1.5392773151397705,-0.08198730647563934,0.06377504765987396,-0.06403021514415741,-0.14245077967643738,0.14781907200813293,-0.612009584903717,-0.38687336444854736,0.3957773447036743,-0.7646706700325012,0.2812233567237854,0.2297232747077942,-0.31759926676750183
1749033598.8268075,0.547815203666687,-1.940725942651266,1.3104808966266077,1.9881915289112548,-1.4582122007953089,1.5380785465240479,-0.08604907244443893,0.06502094119787216,-0.06404893845319748,-0.14002811908721924,0.15113388001918793,-0.6111845970153809,-0.3395457863807678,0.4143334627151489,-0.7708665728569031,0.23473316431045532,0.22280286252498627,-0.4294377565383911
1749033598.8268445,0.5476938486099243,-1.9406596622862757,1.3103292624102991,1.9879116254993896,-1.4579103628741663,1.536837100982666,-0.08432120084762573,0.06753465533256531,-0.06443245708942413,-0.14353683590888977,0.14799091219902039,-0.6156415343284607,-0.39068055152893066,0.42809706926345825,-0.7807676196098328,0.22041058540344238,0.2608450651168823,-0.3948257267475128
1749033598.8268812,0.5474878549575806,-1.9404546223082484,1.3101900259601038,1.98765675603833,-1.457618538533346,1.5356085300445557,-0.0864516943693161,0.07039377093315125,-0.06429135054349899,-0.14524294435977936,0.14911580085754395,-0.6219056248664856,-0.4003751277923584,0.3860994577407837,-0.765745222568512,0.24760352075099945,0.2623292803764343,-0.3971620798110962
1749033598.826921,0.5473742485046387,-1.9402796230711878,1.3100298086749476,1.9873377519794921,-1.4573357740985315,1.5343235731124878,-0.08759399503469467,0.07056042551994324,-0.06450872123241425,-0.14530012011528015,0.15011559426784515,-0.6259531378746033,-0.37481123208999634,0.3644615411758423,-0.7563540935516357,0.230444997549057,0.2625705599784851,-0.3925902545452118
1749033598.8269591,0.5471687316894531,-1.9401599369444789,1.3099339644061487,1.987055941218994,-1.4569991270648401,1.5330636501312256,-0.08618295937776566,0.06907925009727478,-0.06575408577919006,-0.1478288471698761,0.1486852616071701,-0.628299355506897,-0.35765722393989563,0.33544644713401794,-0.7799686789512634,0.2467212975025177,0.266287237405777,-0.3358275890350342
1749033598.8269963,0.5470007658004761,-1.9400040111937464,1.30980092683901,1.9867145258137207,-1.4567316214190882,1.5318001508712769,-0.08591574430465698,0.06906396895647049,-0.06664850562810898,-0.149751678109169,0.1516210287809372,-0.6290699243545532,-0.39595088362693787,0.36260098218917847,-0.7598660588264465,0.24407020211219788,0.27866488695144653,-0.3489384055137634
1749033598.8270323,0.5467965006828308,-1.9399262867369593,1.3096302191363733,1.98643605291333,-1.456440273915426,1.5305635929107666,-0.08615773171186447,0.06866783648729324,-0.06688415259122849,-0.15161332488059998,0.15002287924289703,-0.6288195848464966,-0.3882506489753723,0.3301997780799866,-0.7501801252365112,0.28418517112731934,0.248453751206398,-0.36008042097091675
1749033598.827073,0.5466411113739014,-1.939775129357809,1.3095453421222132,1.986107273692749,-1.4561422506915491,1.5293315649032593,-0.08904823660850525,0.06617965549230576,-0.06752592325210571,-0.15248878300189972,0.14844027161598206,-0.6323402523994446,-0.3157315254211426,0.3627612590789795,-0.766128659248352,0.28076133131980896,0.26585036516189575,-0.3216479420661926
1749033598.82767,0.546422004699707,-1.9396549663939417,1.3093698660479944,1.985806866283081,-1.4558184782611292,1.528027892112732,-0.08671101182699203,0.06710822880268097,-0.06812173873186111,-0.15133614838123322,0.1523582488298416,-0.6314554214477539,-0.39957624673843384,0.4120055139064789,-0.7358216643333435,0.2772606611251831,0.2767096161842346,-0.38249045610427856
1749033598.8296728,0.5462539792060852,-1.9395233593382777,1.3092573324786585,1.9854940611072998,-1.4555109182940882,1.5267733335494995,-0.09153575450181961,0.06782618910074234,-0.06784608960151672,-0.15057438611984253,0.15153880417346954,-0.6343779563903809,-0.3307088315486908,0.3467639684677124,-0.7408096790313721,0.28227585554122925,0.25839704275131226,-0.3358476459980011
1749033598.8703356,0.5461095571517944,-1.939352651635641,1.309152905141012,1.9852096277424316,-1.455212418233053,1.525457501411438,-0.08774805814027786,0.06627100706100464,-0.0678718313574791,-0.1500381976366043,0.15359124541282654,-0.6339191198348999,-0.37546610832214355,0.3771941363811493,-0.7623010277748108,0.2838194966316223,0.27291154861450195,-0.28224998712539673
1749033598.870383,0.54594886302948,-1.9392477474608363,1.309005085621969,1.9849397379108886,-1.4549139181720179,1.5242127180099487,-0.08843528479337692,0.06618903577327728,-0.0700555071234703,-0.1494103968143463,0.1524801105260849,-0.6300976276397705,-0.3522562086582184,0.3605725169181824,-0.7187014818191528,0.2912735641002655,0.28160595893859863,-0.3045462667942047
1749033598.8704438,0.5457969307899475,-1.9391313991942347,1.308845345173971,1.9846326547810058,-1.454646412526266,1.5230090618133545,-0.08762941509485245,0.06486579775810242,-0.06811026483774185,-0.14760936796665192,0.15164212882518768,-0.6266573667526245,-0.3613223433494568,0.41902077198028564,-0.7439573407173157,0.2563527226448059,0.2906974256038666,-0.31421661376953125
1749033598.8704858,0.5455780029296875,-1.9390112362303675,1.308737579976217,1.9843661028095703,-1.4543512503253382,1.5216858386993408,-0.08715177327394485,0.06590331345796585,-0.06828131526708603,-0.14723902940750122,0.1518147885799408,-0.6252681612968445,-0.3846861720085144,0.4001676142215729,-0.7369719743728638,0.2553408443927765,0.31645750999450684,-0.38488370180130005
1749033598.8705246,0.5453802347183228,-1.9388600788512171,1.3085854689227503,1.98407427846875,-1.4540184179889124,1.5204914808273315,-0.08737422525882721,0.06664074212312698,-0.07101790606975555,-0.14872632920742035,0.15374591946601868,-0.6305844783782959,-0.38148006796836853,0.43351882696151733,-0.7094578742980957,0.27950048446655273,0.30738288164138794,-0.3927544355392456
1749033598.8705637,0.545220136642456,-1.9387437305846156,1.3084614912616175,1.9837629038044433,-1.4537509123431605,1.5191758871078491,-0.08735395967960358,0.06666575372219086,-0.06882230192422867,-0.14504531025886536,0.15476281940937042,-0.6360936760902405,-0.36277660727500916,0.39005568623542786,-0.7092962265014648,0.24811682105064392,0.2849918007850647,-0.3006422519683838
1749033598.8706064,0.5450819730758667,-1.9385572872557582,1.3083174864398401,1.9834624963947753,-1.4533937613116663,1.5179022550582886,-0.08729612827301025,0.06604732573032379,-0.06932257860898972,-0.14574186503887177,0.15626023709774017,-0.6343033909797668,-0.340286523103714,0.4156568646430969,-0.723469614982605,0.23708590865135193,0.29063400626182556,-0.3284725844860077
1749033598.8706448,0.5448640584945679,-1.9384600124754847,1.3081854025470179,1.9831504064747314,-1.4530904928790491,1.5166596174240112,-0.08758615702390671,0.06624363362789154,-0.06939654052257538,-0.14646629989147186,0.1580561399459839,-0.6308125257492065,-0.3816981911659241,0.41563400626182556,-0.7067788243293762,0.25841158628463745,0.27067455649375916,-0.310311496257782
1749033598.8706825,0.5446914434432983,-1.9383212528624476,1.3080843130694788,1.9828492838093261,-1.4527338186847132,1.5154134035110474,-0.08793798834085464,0.06695101410150528,-0.06891302764415741,-0.14336425065994263,0.158661887049675,-0.6282322406768799,-0.3717213273048401,0.3891158103942871,-0.703403890132904,0.2518170177936554,0.25175029039382935,-0.33099502325057983
1749033598.8707194,0.5444908142089844,-1.938223501245016,1.3079679648028772,1.98258821546521,-1.452425781880514,1.514126181602478,-0.08887260407209396,0.066647008061409,-0.06783627718687057,-0.14428621530532837,0.15767130255699158,-0.6266726851463318,-0.3704633116722107,0.37026774883270264,-0.7306047677993774,0.2274581491947174,0.27080005407333374,-0.3757883310317993
1749033598.8707607,0.5443562269210815,-1.9380604229369105,1.3077734152423304,1.9822916227528076,-1.4521191755877894,1.5129311084747314,-0.08785675466060638,0.06916095316410065,-0.06948881596326828,-0.14700429141521454,0.1604188233613968,-0.6304820775985718,-0.38004592061042786,0.35617852210998535,-0.6996828317642212,0.2393002063035965,0.237238347530365,-0.3338604271411896
1749033598.870798,0.5440882444381714,-1.9378944836058558,1.3076570669757288,1.981987639064453,-1.4518197218524378,1.511629343032837,-0.09009972959756851,0.06554648280143738,-0.0661916509270668,-0.14604102075099945,0.15474064648151398,-0.6317130923271179,-0.311489462852478,0.41086912155151367,-0.7267513871192932,0.24035590887069702,0.233205184340477,-0.32753774523735046
1749033598.8708346,0.5439709424972534,-1.9378086529173792,1.3075578848468226,1.981705828303955,-1.4514945189105433,1.5103682279586792,-0.08650747686624527,0.066877581179142,-0.06535021960735321,-0.14785350859165192,0.15299439430236816,-0.6289450526237488,-0.3742263615131378,0.40764880180358887,-0.7469043731689453,0.25563186407089233,0.24958105385303497,-0.3624102473258972
1749033598.8708706,0.5437946319580078,-1.937634130517477,1.3074138800250452,1.9813944536396484,-1.4512165228473108,1.5091278553009033,-0.09062651544809341,0.06839898228645325,-0.06847719848155975,-0.146147221326828,0.15456821024417877,-0.6298118829727173,-0.34821373224258423,0.38117390871047974,-0.7270681858062744,0.24417239427566528,0.25988084077835083,-0.32685035467147827
1749033598.8709106,0.5436185598373413,-1.9375134907164515,1.3072779814349573,1.9811183649250488,-1.4509127775775355,1.5078599452972412,-0.0867619588971138,0.06830436736345291,-0.06626368314027786,-0.14336112141609192,0.15238019824028015,-0.625742495059967,-0.3563523292541504,0.35789716243743896,-0.7231252789497375,0.23919115960597992,0.283890962600708,-0.3714582026004791
1749033598.870948,0.543397068977356,-1.9373890362181605,1.3071149031268519,1.98081819593396,-1.4506056944476526,1.5066417455673218,-0.087987020611763,0.06762470304965973,-0.06654925644397736,-0.14791928231716156,0.1539931446313858,-0.6307314038276672,-0.346656858921051,0.3979637920856476,-0.7477515339851379,0.2256009429693222,0.30125734210014343,-0.386462539434433
1749033598.8709838,0.5432959794998169,-1.9372731647887171,1.3069985548602503,1.980508728618286,-1.4502576033221644,1.5053292512893677,-0.08796617388725281,0.06779586523771286,-0.06745369732379913,-0.1479790210723877,0.15665622055530548,-0.6350443363189697,-0.342422753572464,0.38510677218437195,-0.7333275079727173,0.2498190999031067,0.26456695795059204,-0.2999740242958069
1749033598.8710203,0.5430724620819092,-1.9371677837767542,1.3068540732013147,1.9802166658588867,-1.4499691168414515,1.5040416717529297,-0.08743713051080704,0.06738010048866272,-0.0677030086517334,-0.14695250988006592,0.15775269269943237,-0.631104588508606,-0.3646988570690155,0.38276100158691406,-0.7428382635116577,0.2523992657661438,0.262709379196167,-0.3409516513347626
1749033598.87106,0.5429045557975769,-1.9369660816588343,1.3067100683795374,1.9799045759388427,-1.4496858755694788,1.502807855606079,-0.08768294006586075,0.06740976870059967,-0.06787147372961044,-0.14736974239349365,0.16114263236522675,-0.6300673484802246,-0.38447457551956177,0.38515105843544006,-0.7286967635154724,0.24063368141651154,0.21611715853214264,-0.35193705558776855
1749033598.8710978,0.5427321195602417,-1.9368459186949671,1.306624714528219,1.9796034532734375,-1.449322525654928,1.5015403032302856,-0.08785342425107956,0.0669403150677681,-0.06779317557811737,-0.1474531888961792,0.15797299146652222,-0.6307085752487183,-0.3635978698730469,0.38423317670822144,-0.7292696833610535,0.2658563256263733,0.2514283061027527,-0.32918819785118103
1749033598.871644,0.5425182580947876,-1.9366985760130824,1.3064549604998987,1.979306622142456,-1.4490378538714808,1.5002108812332153,-0.08779937773942947,0.06695596128702164,-0.06817101687192917,-0.14562085270881653,0.16032202541828156,-0.6296199560165405,-0.3852270245552063,0.3893171548843384,-0.7238283157348633,0.26104575395584106,0.24510233104228973,-0.3771054446697235
1749033598.8736467,0.5423992276191711,-1.9365793667235316,1.3063109556781214,1.9790064531513671,-1.4487736860858362,1.498992681503296,-0.08741910755634308,0.06763254106044769,-0.06796540319919586,-0.14610430598258972,0.158974751830101,-0.6330185532569885,-0.3540508449077606,0.3740490972995758,-0.7222433090209961,0.2563227117061615,0.20856496691703796,-0.31277376413345337
1749033598.918292,0.5421432256698608,-1.9364339313902796,1.3062251249896448,1.9787179666706542,-1.448416535054342,1.4977320432662964,-0.08707068860530853,0.06644561141729355,-0.06781511753797531,-0.14602139592170715,0.1558714509010315,-0.6322440505027771,-0.3670450448989868,0.40602684020996094,-0.7178122401237488,0.24946963787078857,0.24940797686576843,-0.2918749451637268
1749033598.9183426,0.5420331954956055,-1.9363109074034632,1.3060653845416468,1.9784406858631591,-1.4481218496905726,1.4964689016342163,-0.09052805602550507,0.06643663346767426,-0.06720923632383347,-0.1467856913805008,0.15424729883670807,-0.6293097734451294,-0.34321773052215576,0.4140441119670868,-0.7108430862426758,0.25277209281921387,0.2641705274581909,-0.33254939317703247
1749033598.9183848,0.5418352484703064,-1.9361750088133753,1.3058942000018519,1.9781877237507324,-1.447784725819723,1.4952154159545898,-0.08623877912759781,0.066226065158844,-0.06705394387245178,-0.14596280455589294,0.1536368727684021,-0.6281289458274841,-0.37364664673805237,0.37498897314071655,-0.7443181872367859,0.2486749291419983,0.2594999670982361,-0.3304617702960968
1749033598.9184241,0.5416669845581055,-1.9360467396178187,1.3058236281024378,1.9778601366230468,-1.4475434462176722,1.493933081626892,-0.08758587390184402,0.06516364961862564,-0.06711354851722717,-0.14472877979278564,0.15257145464420319,-0.6231665015220642,-0.3928917646408081,0.41438594460487366,-0.7286364436149597,0.23824407160282135,0.2714173197746277,-0.36920982599258423
1749033598.9184623,0.541515052318573,-1.9359060726561488,1.3056452910052698,1.9776145654865722,-1.4472020308123987,1.4927476644515991,-0.08781923353672028,0.06580597162246704,-0.06657607853412628,-0.14169341325759888,0.15278293192386627,-0.6258934140205383,-0.3772069811820984,0.4122191071510315,-0.7471503019332886,0.21485298871994019,0.27804508805274963,-0.4029492735862732
1749033598.9185004,0.541351318359375,-1.9357711277403773,1.3055256048785608,1.9773267942615966,-1.4468963781939905,1.4915153980255127,-0.08788607269525528,0.06955418735742569,-0.06666631251573563,-0.14591053128242493,0.1534142941236496,-0.6329883337020874,-0.3612076938152313,0.34793442487716675,-0.7269623279571533,0.20973806083202362,0.2875209450721741,-0.2886902093887329
1749033598.9185376,0.5411683320999146,-1.9356428585448207,1.3054125944720667,1.9770306783863525,-1.4465726057635706,1.4902042150497437,-0.08857418596744537,0.06486550718545914,-0.06731090694665909,-0.14291369915008545,0.15423165261745453,-0.6305794715881348,-0.36961156129837036,0.4102974534034729,-0.7393692135810852,0.19809071719646454,0.2740180194377899,-0.32053738832473755
1749033598.918575,0.5409854650497437,-1.9355226955809535,1.3052614370929163,1.97675005971875,-1.4462669531451624,1.4889917373657227,-0.0886397436261177,0.06509804725646973,-0.06718935072422028,-0.14378216862678528,0.15497955679893494,-0.6307501196861267,-0.341183066368103,0.4121314287185669,-0.7420580387115479,0.19359783828258514,0.28001606464385986,-0.308157742023468
1749033598.9186122,0.5407949090003967,-1.9353634319701136,1.305110279713766,1.9764734941669921,-1.4459827581988733,1.4877327680587769,-0.08889785408973694,0.06918232887983322,-0.06689059734344482,-0.14868676662445068,0.15532423555850983,-0.6289858818054199,-0.3405725359916687,0.35591238737106323,-0.7359802722930908,0.2182127833366394,0.2609649896621704,-0.31880009174346924
1749033598.9186492,0.5406346917152405,-1.9352318249144496,1.30499774614443,1.9761530595966796,-1.4456360975848597,1.4864320755004883,-0.08875259757041931,0.06650201231241226,-0.06660488992929459,-0.14634549617767334,0.15239787101745605,-0.6279633641242981,-0.3334309458732605,0.37477490305900574,-0.7627504467964172,0.20697732269763947,0.26862016320228577,-0.36124297976493835
1749033598.9186857,0.5404637455940247,-1.9351121387877406,1.3048771063434046,1.975853367442749,-1.4453566710101526,1.4851664304733276,-0.08782602101564407,0.06717614829540253,-0.06829094141721725,-0.14666648209095,0.15551447868347168,-0.6284945607185364,-0.3636510670185089,0.38319990038871765,-0.718075692653656,0.21025365591049194,0.2387046217918396,-0.3281426429748535
1749033598.9187229,0.5402380228042603,-1.9349681339659632,1.3047297636615198,1.97555319845166,-1.4450433889972132,1.483940601348877,-0.08715542405843735,0.06828486919403076,-0.06550747156143188,-0.14909200370311737,0.15265591442584991,-0.6298711895942688,-0.35453107953071594,0.35910162329673767,-0.733022928237915,0.213033527135849,0.2929815948009491,-0.33005931973457336
1749033598.918759,0.5400931239128113,-1.9347807369627894,1.3046239058123987,1.9752520757862548,-1.4447553793536585,1.4826916456222534,-0.08996427804231644,0.06852663308382034,-0.06496135145425797,-0.15051762759685516,0.15332524478435516,-0.6284683346748352,-0.3477053940296173,0.3453022241592407,-0.7505214810371399,0.225840762257576,0.2698366343975067,-0.3311104476451874
1749033598.9187958,0.5399065017700195,-1.9346419773497523,1.3044808546649378,1.97498266279187,-1.4444416205035608,1.4814761877059937,-0.08625389635562897,0.06810615211725235,-0.06855353713035583,-0.14955148100852966,0.1556892842054367,-0.6271331906318665,-0.36663708090782166,0.34085017442703247,-0.7341011166572571,0.21732883155345917,0.273781955242157,-0.32679396867752075
1749033598.918832,0.5397738814353943,-1.9345485172667445,1.3043063322650355,1.9746786791035156,-1.4441583792315882,1.4801803827285767,-0.08841148018836975,0.06840609759092331,-0.06540403515100479,-0.1533355861902237,0.15464958548545837,-0.627833366394043,-0.3815113306045532,0.3697396516799927,-0.7488631010055542,0.24040824174880981,0.28995299339294434,-0.3754841089248657
1749033598.9188685,0.5397738814353943,-1.9345485172667445,1.3043063322650355,1.9746786791035156,-1.4441583792315882,1.4801803827285767,-0.08841148018836975,0.06840609759092331,-0.06540403515100479,-0.1533355861902237,0.15464958548545837,-0.627833366394043,-0.3815113306045532,0.3697396516799927,-0.7488631010055542,0.24040824174880981,0.28995299339294434,-0.3754841089248657
1749033598.9189095,0.5395962595939636,-1.9344169102110804,1.304201904927389,1.9743432241627197,-1.4438789526568812,1.4789292812347412,-0.08798284083604813,0.06693173199892044,-0.06574738025665283,-0.1504976749420166,0.15627026557922363,-0.629981517791748,-0.35946065187454224,0.36821430921554565,-0.7720637917518616,0.24955599009990692,0.2840622365474701,-0.36883288621902466
1749033598.9189467,0.5391913652420044,-1.934136529962057,1.3039873282061976,1.9737817484089355,-1.4432242552386683,1.4764121770858765,-0.08966441452503204,0.06759559363126755,-0.06617105007171631,-0.15417104959487915,0.15564695000648499,-0.6289538145065308,-0.3561464846134186,0.33255162835121155,-0.7672445774078369,0.23993808031082153,0.2914106845855713,-0.3413686454296112
1749033598.9189837,0.5390357971191406,-1.934012075463766,1.3038643042193812,1.9734691816517334,-1.442953888569967,1.4751683473587036,-0.08876819163560867,0.067560113966465,-0.06558297574520111,-0.15116891264915466,0.15926440060138702,-0.6286503672599792,-0.3736521601676941,0.3835710287094116,-0.7867990136146545,0.24061572551727295,0.30041879415512085,-0.35486775636672974
1749033598.9190195,0.5388831496238708,-1.9338647327818812,1.3036964575396937,1.9731756883808593,-1.4425657431231897,1.4738699197769165,-0.08890834450721741,0.06634379178285599,-0.0688152089715004,-0.15082602202892303,0.15866567194461823,-0.6285207271575928,-0.3637102246284485,0.3271791338920593,-0.7525787353515625,0.2415286749601364,0.25717848539352417,-0.329188734292984
1749033598.919056,0.5388831496238708,-1.9338647327818812,1.3036964575396937,1.9731756883808593,-1.4425657431231897,1.4738699197769165,-0.08890834450721741,0.06634379178285599,-0.0688152089715004,-0.15082602202892303,0.15866567194461823,-0.6285207271575928,-0.3637102246284485,0.3271791338920593,-0.7525787353515625,0.2415286749601364,0.25717848539352417,-0.329188734292984
1749033598.9190922,0.5385215878486633,-1.9336444340147914,1.3034480253802698,1.9725751119801025,-1.4419868628131312,1.4713706970214844,-0.08872000128030777,0.06433627009391785,-0.06622723489999771,-0.14867348968982697,0.1599765121936798,-0.6279352307319641,-0.3255663812160492,0.346758097410202,-0.7796614170074463,0.2770266532897949,0.21223214268684387,-0.2484494149684906
1749033598.9196584,0.5383686423301697,-1.9334775410094203,1.3032806555377405,1.9722775655933837,-1.4416492621051233,1.4700990915298462,-0.08724003285169601,0.06465213000774384,-0.06991810351610184,-0.14734911918640137,0.15582524240016937,-0.6210405826568604,-0.3678498864173889,0.32021909952163696,-0.7337294220924377,0.2520901560783386,0.21080920100212097,-0.24343052506446838
1749033598.9216392,0.5381469130516052,-1.9333459339537562,1.3032029310809534,1.9719766813465576,-1.441343132649557,1.4688218832015991,-0.08555718511343002,0.061218321323394775,-0.06638786196708679,-0.14484438300132751,0.15337306261062622,-0.6138825416564941,-0.3674277067184448,0.39386242628097534,-0.7416908740997314,0.25575506687164307,0.21426968276500702,-0.2878498136997223
1749033598.9624345,0.5380181670188904,-1.9332367382445277,1.3030675093280237,1.971665306682251,-1.4410374800311487,1.4676260948181152,-0.08434190601110458,0.06338459998369217,-0.06627146899700165,-0.14515814185142517,0.1510702222585678,-0.609438419342041,-0.3693668246269226,0.37337711453437805,-0.7531833052635193,0.27299535274505615,0.21434785425662994,-0.2741672992706299
1749033598.9624825,0.5378400683403015,-1.9331289730467738,1.3029044310199183,1.971400423640869,-1.4407151381122034,1.4664517641067505,-0.08778081089258194,0.06364793330430984,-0.066280797123909,-0.14487338066101074,0.1491336226463318,-0.6064561009407043,-0.37239956855773926,0.394998162984848,-0.7580586075782776,0.26239728927612305,0.2704480290412903,-0.3688937723636627
1749033598.962542,0.5376643538475037,-1.9329587421812953,1.3027756849872034,1.9710957246967773,-1.4404905478106897,1.465212345123291,-0.08411829173564911,0.06515396386384964,-0.06470979750156403,-0.14422543346881866,0.14887723326683044,-0.6087364554405212,-0.39660272002220154,0.3761056065559387,-0.7705416083335876,0.2718414068222046,0.25474685430526733,-0.33485347032546997
1749033598.9625962,0.5374940037727356,-1.9327994785704554,1.3026555220233362,1.9708191591450195,-1.440176788960592,1.4640040397644043,-0.08541892468929291,0.06588861346244812,-0.06408196687698364,-0.14069965481758118,0.1502349078655243,-0.6110984086990356,-0.4626801609992981,0.4262154698371887,-0.7864344120025635,0.2132115513086319,0.26892149448394775,-0.3798741102218628
1749033598.9626367,0.5373457074165344,-1.9327174625792445,1.302535359059469,1.9705461698719482,-1.4398515860186976,1.4627275466918945,-0.08763814717531204,0.0688173919916153,-0.06457410752773285,-0.1451222002506256,0.15084949135780334,-0.6141559481620789,-0.41204312443733215,0.37532293796539307,-0.7773006558418274,0.23608635365962982,0.27061033248901367,-0.38684898614883423
1749033598.9626763,0.5371591448783875,-1.932554384271139,1.3023842016803187,1.9702457624622802,-1.4395111242877405,1.4615225791931152,-0.08665795624256134,0.06912396848201752,-0.0643988624215126,-0.14256736636161804,0.1533138006925583,-0.6167495846748352,-0.431593120098114,0.37585949897766113,-0.7900123596191406,0.2226804494857788,0.2591215968132019,-0.3857584595680237
1749033598.9627142,0.5370233058929443,-1.9324537716307582,1.3022635618792933,1.9699575144001464,-1.4392078558551233,1.4603067636489868,-0.08999227732419968,0.06822411715984344,-0.06618154048919678,-0.14325499534606934,0.15501250326633453,-0.6208711862564087,-0.3786527216434479,0.37120622396469116,-0.7743291258811951,0.22987385094165802,0.2556723356246948,-0.36902904510498047
1749033598.962753,0.5368403196334839,-1.9322787723936976,1.302115265523092,1.9696690279194335,-1.4389522711383265,1.4590308666229248,-0.09046094864606857,0.06833738088607788,-0.06698914617300034,-0.14835982024669647,0.15349335968494415,-0.6243771910667419,-0.3635011315345764,0.34882593154907227,-0.7665449976921082,0.2653331160545349,0.2556200623512268,-0.38361987471580505
1749033598.9627912,0.5366173386573792,-1.9321471653380335,1.301983658467428,1.9693607526966552,-1.4386113325702112,1.4578099250793457,-0.09005434811115265,0.06631965935230255,-0.06789691746234894,-0.1441589593887329,0.1568116694688797,-0.6311445236206055,-0.36029374599456787,0.33986467123031616,-0.7686731219291687,0.24201345443725586,0.22819757461547852,-0.34147363901138306
1749033598.9628289,0.5364770293235779,-1.9320126972594203,1.3018315474139612,1.9690603452869873,-1.4382980505572718,1.4565058946609497,-0.08982923626899719,0.06529338657855988,-0.06952321529388428,-0.14438630640506744,0.15365687012672424,-0.6311736702919006,-0.3710859417915344,0.36767131090164185,-0.7554269433021545,0.25586700439453125,0.26005709171295166,-0.2975562512874603
1749033598.9628665,0.5362946391105652,-1.931923051873678,1.301664177571432,1.9687635141560058,-1.4380067030536097,1.4552984237670898,-0.08927777409553528,0.06514232605695724,-0.0699400082230568,-0.1457647830247879,0.15341807901859283,-0.6296919584274292,-0.37624263763427734,0.3735544681549072,-0.7541726231575012,0.243018239736557,0.26828983426094055,-0.33161747455596924
1749033598.9629037,0.5360806584358215,-1.931751390496725,1.3015359083758753,1.9684433180042724,-1.4377344290362757,1.4539915323257446,-0.09230159223079681,0.06453245878219604,-0.07001922279596329,-0.1482556015253067,0.1560511589050293,-0.6278879046440125,-0.3868038058280945,0.3794475793838501,-0.7430739998817444,0.2840516269207001,0.24418188631534576,-0.3317846953868866
1749033598.9629412,0.5359669327735901,-1.9316383800902308,1.3013728300677698,1.9681932169147949,-1.4373858610736292,1.452758550643921,-0.08882786333560944,0.06654533743858337,-0.0694679468870163,-0.15018817782402039,0.15406161546707153,-0.6235492825508118,-0.3679584264755249,0.37834975123405457,-0.7251338958740234,0.2927294373512268,0.2754301428794861,-0.3509346842765808
1749033598.9629786,0.5357959866523743,-1.9314843616881312,1.3012598196612757,1.9679173666187744,-1.4370687643634241,1.4514671564102173,-0.09027481079101562,0.06646544486284256,-0.06887071579694748,-0.1481553614139557,0.1531980037689209,-0.6267098784446716,-0.3960050046443939,0.34048083424568176,-0.7231098413467407,0.2824830412864685,0.26069337129592896,-0.39502280950546265
1749033598.9630163,0.5355892181396484,-1.9313951931395472,1.3011120001422327,1.9676288801380615,-1.436777416859762,1.4502934217453003,-0.08935168385505676,0.06507740169763565,-0.06859509646892548,-0.14832107722759247,0.15370582044124603,-0.631530225276947,-0.36502689123153687,0.42296063899993896,-0.7477970719337463,0.24130374193191528,0.2634733319282532,-0.3373710513114929
1749033598.963054,0.5353914499282837,-1.9312240085997523,1.3009870688067835,1.9673330026813964,-1.4364751021014612,1.448967456817627,-0.09080047160387039,0.06647060066461563,-0.0675104632973671,-0.14558045566082,0.1532224714756012,-0.6313742995262146,-0.3994964063167572,0.40321123600006104,-0.7316049337387085,0.2551009953022003,0.2709672451019287,-0.33175304532051086
1749033598.963091,0.5351775884628296,-1.9311348400511683,1.300835911427633,1.9670201975056152,-1.436136547719137,1.4476981163024902,-0.0906820222735405,0.06853119283914566,-0.06936626881361008,-0.14444607496261597,0.15457358956336975,-0.6284000873565674,-0.3681983947753906,0.32292672991752625,-0.7465917468070984,0.24239714443683624,0.2810036540031433,-0.3625224828720093
1749033598.9631279,0.5350364446640015,-1.9309841595091761,1.3007076422320765,1.966747208232544,-1.435819451008932,1.4465023279190063,-0.09019926190376282,0.06500926613807678,-0.0674455538392067,-0.1495688408613205,0.15873366594314575,-0.6274349093437195,-0.3927157521247864,0.40899741649627686,-0.7413157224655151,0.26560312509536743,0.23089918494224548,-0.35881054401397705
1749033598.9631639,0.5348618626594543,-1.9308630428709925,1.3005865255938929,1.9663964945026855,-1.435507599507467,1.445178747177124,-0.08978161215782166,0.06746486574411392,-0.06672809273004532,-0.14718447625637054,0.15474700927734375,-0.6262611746788025,-0.36514610052108765,0.3681815266609192,-0.7563232779502869,0.26893362402915955,0.2458978146314621,-0.42119187116622925
1749033598.9632938,0.5347015261650085,-1.9306961498656214,1.3004196325885218,1.9661311346241455,-1.4351819197284144,1.443966269493103,-0.09076254069805145,0.06752410531044006,-0.06850612908601761,-0.14643359184265137,0.1544247269630432,-0.6344100832939148,-0.3872784376144409,0.36988696455955505,-0.759719729423523,0.25073134899139404,0.23910443484783173,-0.3649018406867981
1749033598.9637005,0.5345146059989929,-1.9305764637389125,1.3002679983722132,1.96580617010083,-1.434887711201803,1.4426681995391846,-0.0913742259144783,0.06713923066854477,-0.06818914413452148,-0.14794789254665375,0.15675126016139984,-0.6352511644363403,-0.3637235760688782,0.3669668734073639,-0.7110618948936462,0.2929736077785492,0.20843051373958588,-0.3236537277698517
1749033599.0065198,0.534358024597168,-1.930491109887594,1.3001673857318323,1.965486689204834,-1.4345653692828577,1.4413557052612305,-0.0901062935590744,0.0671440064907074,-0.06649600714445114,-0.14839047193527222,0.1536198854446411,-0.633327841758728,-0.3689497113227844,0.36412596702575684,-0.750469446182251,0.30343854427337646,0.2277613878250122,-0.3448714017868042
1749033599.0065951,0.5341488122940063,-1.9302975140013636,1.3000357786761683,1.9652013021656494,-1.43427020708193,1.4401261806488037,-0.09272590279579163,0.06753315776586533,-0.06747525185346603,-0.14874029159545898,0.15246319770812988,-0.6329102516174316,-0.3519105911254883,0.37776800990104675,-0.7440891861915588,0.2839479446411133,0.2457304745912552,-0.3602575659751892
1749033599.0066695,0.5339692234992981,-1.9301730595030726,1.2998946348773401,1.9648973184772949,-1.4339688459979456,1.4388389587402344,-0.09097588062286377,0.06617278605699539,-0.06768866628408432,-0.1477070450782776,0.1519189327955246,-0.633519172668457,-0.3834638297557831,0.3794102072715759,-0.7387308478355408,0.27434447407722473,0.25820422172546387,-0.3562464118003845
1749033599.0067394,0.5337316393852234,-1.9300366840758265,1.2997749487506312,1.9646317201801757,-1.433680836354391,1.4375499486923218,-0.09268763661384583,0.06815695762634277,-0.06708862632513046,-0.14951138198375702,0.15128207206726074,-0.634967565536499,-0.3981979191303253,0.36240437626838684,-0.7425531148910522,0.2895297408103943,0.25852811336517334,-0.37677836418151855
1749033599.0068083,0.5336151123046875,-1.929908891717428,1.2996271292315882,1.964315577144287,-1.4333446661578577,1.4362678527832031,-0.08840490132570267,0.07071158289909363,-0.06716790795326233,-0.14884883165359497,0.1509898602962494,-0.6386148929595947,-0.37038105726242065,0.32102638483047485,-0.7429715394973755,0.3182867765426636,0.26596951484680176,-0.3094884157180786
1749033599.0068765,0.5334011316299438,-1.9297920666136683,1.2995026747332972,1.96401493131604,-1.433061424885885,1.4350271224975586,-0.0897260457277298,0.06708265841007233,-0.06969862431287766,-0.14553216099739075,0.15074001252651215,-0.6341405510902405,-0.3918668031692505,0.33699458837509155,-0.7255760431289673,0.2884458303451538,0.2735704183578491,-0.30685901641845703
1749033599.0069435,0.5332670211791992,-1.9296843014159144,1.2993548552142542,1.9637266832539062,-1.432739559804098,1.4337738752365112,-0.09036442637443542,0.06710108369588852,-0.06711003929376602,-0.15021124482154846,0.15091374516487122,-0.6318862438201904,-0.363865464925766,0.3636266589164734,-0.7466892004013062,0.29483455419540405,0.2589873969554901,-0.31649571657180786
1749033599.0070105,0.5330841541290283,-1.9295131168761195,1.2992189566241663,1.9634110170551757,-1.4323905150042933,1.4325085878372192,-0.09047757834196091,0.06956754624843597,-0.06590178608894348,-0.14699046313762665,0.1520290970802307,-0.6298311352729797,-0.3790245056152344,0.35102730989456177,-0.7524645328521729,0.31339597702026367,0.2648744583129883,-0.3387497365474701
1749033599.0070775,0.5329251289367676,-1.9293848476805628,1.2990596930133265,1.9631408888050537,-1.4321187178241175,1.4312313795089722,-0.09004200249910355,0.06793821603059769,-0.06864354759454727,-0.1456015408039093,0.1520106941461563,-0.6277027726173401,-0.3850189447402954,0.3495607078075409,-0.7384731769561768,0.30863600969314575,0.2742670178413391,-0.3890392780303955
1749033599.007143,0.5327033996582031,-1.9292408428587855,1.2989657560931605,1.9628216463276367,-1.4318159262286585,1.429951548576355,-0.09009480476379395,0.06658102571964264,-0.06827566772699356,-0.14965395629405975,0.1576087921857834,-0.6322536468505859,-0.39118269085884094,0.3882365822792053,-0.7141874432563782,0.3145292401313782,0.22961032390594482,-0.3759933114051819
1749033599.0072086,0.5325039029121399,-1.9290863476195277,1.2988184134112757,1.9625403124042968,-1.4315136114703577,1.4287025928497314,-0.08976857364177704,0.06877000629901886,-0.06749606132507324,-0.14578492939472198,0.15470008552074432,-0.6375661492347717,-0.4101026654243469,0.34216931462287903,-0.7275117039680481,0.3020319938659668,0.21254590153694153,-0.3181266784667969
1749033599.0072744,0.5325039029121399,-1.9290863476195277,1.2988184134112757,1.9625403124042968,-1.4315136114703577,1.4287025928497314,-0.08976857364177704,0.06877000629901886,-0.06749606132507324,-0.14578492939472198,0.15470008552074432,-0.6375661492347717,-0.4101026654243469,0.34216931462287903,-0.7275117039680481,0.3020319938659668,0.21254590153694153,-0.3181266784667969
1749033599.0073388,0.5321726202964783,-1.9287878475584925,1.2985346953021448,1.9619080263325195,-1.4308622519122522,1.4261894226074219,-0.0871218889951706,0.06626500189304352,-0.06823723018169403,-0.14414244890213013,0.15554803609848022,-0.6343345046043396,-0.42083460092544556,0.386650025844574,-0.7229347229003906,0.29225948452949524,0.22998321056365967,-0.31228530406951904
1749033599.007404,0.5319933295249939,-1.9287101231017054,1.2984183470355433,1.9616419511982421,-1.430563751851217,1.4249367713928223,-0.0900217741727829,0.06634709239006042,-0.06767107546329498,-0.14574649930000305,0.15266726911067963,-0.6296240091323853,-0.38383960723876953,0.3755529820919037,-0.7212614417076111,0.310785710811615,0.2426551878452301,-0.3431210517883301
1749033599.0074694,0.5317849516868591,-1.928558965722555,1.2982867399798792,1.9613343912312011,-1.4302499930011194,1.4236541986465454,-0.08827647566795349,0.06564764678478241,-0.06707731634378433,-0.14666226506233215,0.1532316356897354,-0.6297692060470581,-0.43382468819618225,0.3650338649749756,-0.7296509146690369,0.3095649778842926,0.2461012750864029,-0.3744387924671173
1749033599.0075347,0.5316544771194458,-1.9284254513182582,1.2981355826007288,1.9610299307056884,-1.429967228566305,1.4223999977111816,-0.09127720445394516,0.06594254821538925,-0.06733494997024536,-0.14652691781520844,0.15384337306022644,-0.6316797733306885,-0.3754345178604126,0.37140804529190063,-0.7328460216522217,0.3266751766204834,0.24232140183448792,-0.31020963191986084
1749033599.007602,0.5314370393753052,-1.9283057651915492,1.298025910054342,1.9607533651539306,-1.4296415487872522,1.4210923910140991,-0.08678198605775833,0.06585314869880676,-0.06647282093763351,-0.1414952278137207,0.15344096720218658,-0.6281426548957825,-0.38316357135772705,0.3696090877056122,-0.735772430896759,0.3052569031715393,0.25285565853118896,-0.31447964906692505
1749033599.0076659,0.5313159823417664,-1.9281588993468226,1.2978904883014124,1.9604882436939697,-1.429343048726217,1.4198882579803467,-0.08806905895471573,0.06560877710580826,-0.0663594976067543,-0.14379408955574036,0.15341068804264069,-0.6249819993972778,-0.37057456374168396,0.3592721223831177,-0.7216441035270691,0.3099318742752075,0.22652481496334076,-0.27658355236053467
1749033599.0077314,0.5310208797454834,-1.9280616245665492,1.29773456255068,1.9601799684711914,-1.4290602842914026,1.4186760187149048,-0.0871601402759552,0.06389214098453522,-0.06570809334516525,-0.1387525200843811,0.15039880573749542,-0.6201724410057068,-0.35427963733673096,0.350171834230423,-0.7085667848587036,0.30576273798942566,0.24610142409801483,-0.3093826174736023
1749033599.0077956,0.5308995842933655,-1.92787565807485,1.2976105848895472,1.9599227148243408,-1.4287269751178187,1.4174305200576782,-0.08678324520587921,0.06357681006193161,-0.06444898247718811,-0.13640932738780975,0.15255704522132874,-0.6157966256141663,-0.34628474712371826,0.36014455556869507,-0.7495200634002686,0.2866792380809784,0.2199830710887909,-0.3023982644081116
1749033599.0078602,0.530709445476532,-1.9277779064574183,1.2974823156939905,1.9596497255512695,-1.4284127394305628,1.4162037372589111,-0.0871519148349762,0.0637437254190445,-0.06457725912332535,-0.1413586288690567,0.14650259912014008,-0.6118543744087219,-0.3365110754966736,0.381402850151062,-0.7365708351135254,0.28415027260780334,0.25323206186294556,-0.32660436630249023
1749033599.0080233,0.5306031107902527,-1.9276272259154261,1.2973464171039026,1.9593309599110107,-1.42810565630068,1.414975643157959,-0.08718590438365936,0.06530309468507767,-0.062449805438518524,-0.13842031359672546,0.1453891545534134,-0.6096838712692261,-0.4039757549762726,0.41861492395401,-0.7544575929641724,0.27162039279937744,0.2928447723388672,-0.41518616676330566
1749033599.0097167,0.5304046273231506,-1.927535196343893,1.297230068837301,1.9591054159351806,-1.4278038183795374,1.4137388467788696,-0.08930757641792297,0.06778915971517563,-0.062033314257860184,-0.13968728482723236,0.15153667330741882,-0.6150447130203247,-0.3837716579437256,0.386626660823822,-0.7768393158912659,0.24889808893203735,0.2565329074859619,-0.45581090450286865
1749033599.0545352,0.5302371382713318,-1.9273911915221156,1.2970946470843714,1.9588250356861572,-1.4274852911578577,1.4125330448150635,-0.08756938576698303,0.073269322514534,-0.06229156255722046,-0.14160677790641785,0.15159933269023895,-0.6217144727706909,-0.39618170261383057,0.333654522895813,-0.770952582359314,0.2607276737689972,0.2567676603794098,-0.415840744972229
1749033599.0546114,0.5300200581550598,-1.9272471867003382,1.2969587484942835,1.9585174757191162,-1.4272220770465296,1.4112573862075806,-0.09190549701452255,0.0693562924861908,-0.06306758522987366,-0.1403617262840271,0.15384812653064728,-0.6273667216300964,-0.3793845474720001,0.3558179438114166,-0.7681825160980225,0.23704302310943604,0.23149484395980835,-0.3945903182029724
1749033599.0546813,0.5298947095870972,-1.927103658715719,1.296842400227682,1.958240194911621,-1.4269078413592737,1.4099950790405273,-0.08770881593227386,0.06908176094293594,-0.06354460120201111,-0.14129897952079773,0.15434694290161133,-0.6325897574424744,-0.40402257442474365,0.3513193130493164,-0.7819021344184875,0.23192940652370453,0.23236039280891418,-0.39116984605789185
1749033599.0547507,0.5296698212623596,-1.92698397258901,1.296717945729391,1.9579519468494873,-1.4266093412982386,1.4087159633636475,-0.08839713037014008,0.07084183394908905,-0.06687895208597183,-0.14270325005054474,0.1529955118894577,-0.6349225044250488,-0.3976377546787262,0.29993584752082825,-0.7623559832572937,0.22164051234722137,0.2522944509983063,-0.33222687244415283
1749033599.0548193,0.5295066237449646,-1.9268361530699671,1.296582047139303,1.957667036647461,-1.4262421766864222,1.4074267148971558,-0.08971484005451202,0.06523340195417404,-0.06532421708106995,-0.14588004350662231,0.1502552628517151,-0.6348303556442261,-0.35681501030921936,0.3505670428276062,-0.76362144947052,0.22068777680397034,0.26711711287498474,-0.3416878581047058
1749033599.0548866,0.5293512940406799,-1.9266849956908167,1.296422306691305,1.9573630529591064,-1.4259594122516077,1.4061740636825562,-0.08839146792888641,0.066258504986763,-0.06643684208393097,-0.14771603047847748,0.14937052130699158,-0.6336296796798706,-0.3927265703678131,0.3664776682853699,-0.7769529223442078,0.2399880290031433,0.2839711606502533,-0.33848145604133606
1749033599.0549524,0.529189944267273,-1.926551958123678,1.296297852193014,1.957085295314453,-1.4257028738604944,1.4048863649368286,-0.0897960439324379,0.0666108950972557,-0.06971926987171173,-0.15111900866031647,0.1509474813938141,-0.6359827518463135,-0.3633444309234619,0.36054527759552,-0.738398015499115,0.25322049856185913,0.2792656421661377,-0.32162126898765564
1749033599.0550199,0.5290378928184509,-1.926404138604635,1.296142880116598,1.9567617613026123,-1.4253423849688929,1.4036756753921509,-0.08917853981256485,0.06620914489030838,-0.06858617812395096,-0.1522395759820938,0.15223103761672974,-0.6334787011146545,-0.36771076917648315,0.35070785880088806,-0.7410671710968018,0.273147851228714,0.27192258834838867,-0.36999523639678955
1749033599.055083,0.528835654258728,-1.9262930355467738,1.2960298697101038,1.9564804273792724,-1.4250548521624964,1.4023804664611816,-0.0888851210474968,0.0658562034368515,-0.0675017461180687,-0.15032650530338287,0.1570243090391159,-0.6342522501945496,-0.41171735525131226,0.3673039674758911,-0.7432329654693604,0.2661800682544708,0.2505459487438202,-0.32258594036102295
1749033599.0551515,0.5285945534706116,-1.9261495075621546,1.2958820501910608,1.956176443690918,-1.4247377554522913,1.4010798931121826,-0.09039188921451569,0.06566530466079712,-0.06699271500110626,-0.15146712958812714,0.15516403317451477,-0.6333909034729004,-0.39757925271987915,0.40667495131492615,-0.7572864890098572,0.2631581127643585,0.24951431155204773,-0.31687337160110474
1749033599.055218,0.5284504890441895,-1.926051755944723,1.2957618872271937,1.9558872419544677,-1.4243734518634241,1.3998085260391235,-0.09118346124887466,0.06707813590765,-0.06726834923028946,-0.1506531685590744,0.15433400869369507,-0.6314989328384399,-0.34821200370788574,0.34601476788520813,-0.7570645809173584,0.28923100233078003,0.25184398889541626,-0.33372238278388977
1749033599.055284,0.5282867550849915,-1.9259077511229457,1.2956026236163538,1.9555713373371582,-1.4241789023028772,1.3985817432403564,-0.09139484167098999,0.0650792047381401,-0.06589355319738388,-0.14888672530651093,0.1577189862728119,-0.6298721432685852,-0.3499281704425812,0.36343470215797424,-0.7585744261741638,0.26816225051879883,0.21123211085796356,-0.3088544011116028
1749033599.05535,0.5280966758728027,-1.925760885278219,1.2954896132098597,1.9553028780170898,-1.4238413015948694,1.3973294496536255,-0.09073978662490845,0.06843690574169159,-0.06609654426574707,-0.15009044110774994,0.15354108810424805,-0.6291468739509583,-0.38899773359298706,0.361621618270874,-0.7660079002380371,0.27812790870666504,0.25744712352752686,-0.35318636894226074
1749033599.0554166,0.5278886556625366,-1.9256206951537074,1.2953265349017542,1.954970045680664,-1.423504654561178,1.3960213661193848,-0.09125876426696777,0.06471201777458191,-0.06671985983848572,-0.149849072098732,0.15602338314056396,-0.6330687999725342,-0.3971463143825531,0.39229196310043335,-0.7692128419876099,0.2560768127441406,0.24461674690246582,-0.3812461793422699
1749033599.0554845,0.5277255177497864,-1.9254733524718226,1.29521352449526,1.954697533244751,-1.4232643286334437,1.3948103189468384,-0.08950068056583405,0.06606011092662811,-0.0689111202955246,-0.15246310830116272,0.1570814549922943,-0.637368381023407,-0.35447147488594055,0.39168158173561096,-0.7365937829017639,0.2764036953449249,0.2456659972667694,-0.3204020857810974
1749033599.0555518,0.5275263786315918,-1.9253255329527796,1.2950971762286585,1.9543611246296386,-1.422934357319967,1.3934675455093384,-0.08824250847101212,0.06968297809362411,-0.06630785763263702,-0.1514095515012741,0.15640611946582794,-0.636849045753479,-0.36076265573501587,0.31684786081314087,-0.7608093619346619,0.28118687868118286,0.24169495701789856,-0.31042084097862244
1749033599.0556173,0.5273752212524414,-1.9251934490599574,1.2949145475970667,1.9540490347095947,-1.4225881735431116,1.3922377824783325,-0.09182118624448776,0.06504755467176437,-0.06624087691307068,-0.1508358120918274,0.15360844135284424,-0.6332482695579529,-0.33251649141311646,0.38522395491600037,-0.7598474025726318,0.2919096350669861,0.26474907994270325,-0.3423372507095337
1749033599.0556836,0.5271757245063782,-1.925061365167135,1.2947896162616175,1.9537560182758789,-1.4222748915301722,1.3909908533096313,-0.08834242075681686,0.06647065281867981,-0.069939985871315,-0.14818820357322693,0.15159854292869568,-0.6322765350341797,-0.39249101281166077,0.382421612739563,-0.7330343127250671,0.26861560344696045,0.2885845899581909,-0.3442532420158386
1749033599.055751,0.5270125865936279,-1.924917837182516,1.2946770826922815,1.9534594255634765,-1.4219725767718714,1.3897453546524048,-0.09042279422283173,0.06709954142570496,-0.06726152449846268,-0.15101204812526703,0.15075062215328217,-0.6319398283958435,-0.3535333573818207,0.3464087247848511,-0.746410608291626,0.286086767911911,0.2833617627620697,-0.38883838057518005
1749033599.0558178,0.5268535017967224,-1.9248019657530726,1.2945416609393519,1.953183336848877,-1.4216316382037562,1.3884316682815552,-0.0897371843457222,0.06728168576955795,-0.06801144033670425,-0.1473589986562729,0.1571151316165924,-0.6362457275390625,-0.37091606855392456,0.3277534544467926,-0.7447818517684937,0.277416855096817,0.25337308645248413,-0.330163836479187
1749033599.055884,0.5266861319541931,-1.9246508083739222,1.2943976561175745,1.952843351955078,-1.4213488737689417,1.3871723413467407,-0.08919360488653183,0.066952183842659,-0.06834369152784348,-0.14870420098304749,0.15406692028045654,-0.6365309357643127,-0.3844900131225586,0.36104169487953186,-0.7338616251945496,0.2574021816253662,0.2636392414569855,-0.33182933926582336
1749033599.0559494,0.5264827013015747,-1.924544473687643,1.2942341009723108,1.952566309566162,-1.4210923353778284,1.3859144449234009,-0.09008640050888062,0.0670166090130806,-0.0691385567188263,-0.1491927206516266,0.15365757048130035,-0.6333377361297607,-0.37219759821891785,0.35650214552879333,-0.7082363367080688,0.29617005586624146,0.2812696099281311,-0.3668811321258545
1749033599.0561106,0.5263070464134216,-1.9243904552855433,1.29413348833193,1.9522935587116699,-1.4207714239703577,1.3846086263656616,-0.09000417590141296,0.06822974234819412,-0.06761376559734344,-0.14644214510917664,0.15676963329315186,-0.6331721544265747,-0.3541707992553711,0.33866703510284424,-0.7435668110847473,0.249320387840271,0.26450008153915405,-0.35174691677093506
1749033599.0579138,0.5261139869689941,-1.924227853814596,1.2939699331866663,1.952005072230957,-1.4204228560077112,1.3834184408187866,-0.08807012438774109,0.06792871654033661,-0.06752145290374756,-0.14682593941688538,0.15443982183933258,-0.6303576827049255,-0.3663317561149597,0.32914769649505615,-0.7405412793159485,0.2728363275527954,0.2702052593231201,-0.3796262741088867
1749033599.09828,0.5259019136428833,-1.924166818658346,1.2938573996173304,1.9516767698475341,-1.4201472441302698,1.3820911645889282,-0.09192249923944473,0.06608765572309494,-0.06743130832910538,-0.1472025066614151,0.15439791977405548,-0.6341586112976074,-0.3122861087322235,0.36022883653640747,-0.7461581826210022,0.29244664311408997,0.2750113904476166,-0.37264955043792725
1749033599.098327,0.5257745385169983,-1.9240299663939417,1.293725315724508,1.9514035421558837,-1.4198525587665003,1.3808519840240479,-0.08776114135980606,0.06650768965482712,-0.06714028865098953,-0.14663974940776825,0.15446190536022186,-0.6369649171829224,-0.36640775203704834,0.3518372178077698,-0.7473178505897522,0.2676606774330139,0.29166266322135925,-0.2971822917461395
1749033599.098368,0.5255831480026245,-1.923859258691305,1.2935760656939905,1.951087399119995,-1.4195078055011194,1.3795729875564575,-0.09085862338542938,0.0677035003900528,-0.06666357070207596,-0.14692184329032898,0.15532387793064117,-0.6325739026069641,-0.3667233884334564,0.34240660071372986,-0.7445077300071716,0.2686430811882019,0.2721039056777954,-0.3276478946208954
1749033599.098407,0.5254349708557129,-1.9236771068968714,1.2934373060809534,1.9508024889179687,-1.4192164579974573,1.3783020973205566,-0.08960498869419098,0.06718102842569351,-0.06689183413982391,-0.14731977880001068,0.1554822474718094,-0.6296423077583313,-0.34388506412506104,0.3315020501613617,-0.7465592622756958,0.26465967297554016,0.28077229857444763,-0.34371986985206604
1749033599.0984447,0.525251567363739,-1.9236461124815882,1.2932618300067347,1.950498266811035,-1.418906037007467,1.377071738243103,-0.0889524295926094,0.06697914004325867,-0.06697577238082886,-0.1466555893421173,0.1558973789215088,-0.6278616189956665,-0.3801361918449402,0.35573145747184753,-0.7387923002243042,0.27044355869293213,0.29063260555267334,-0.3764573037624359
1749033599.0984826,0.5250735282897949,-1.9234863720335902,1.2931330839740198,1.9502290922352294,-1.4186156431781214,1.3757200241088867,-0.08976604789495468,0.06700730323791504,-0.06718479841947556,-0.1453286111354828,0.15616637468338013,-0.6284094452857971,-0.39498525857925415,0.34563201665878296,-0.7299656271934509,0.2654806971549988,0.2766771614551544,-0.38447436690330505
1749033599.0985203,0.5249133706092834,-1.9233514271178187,1.2929943243609827,1.94993702947583,-1.4182894865619105,1.3744771480560303,-0.08966177701950073,0.06548887491226196,-0.06671834737062454,-0.14778733253479004,0.15744632482528687,-0.6323964595794678,-0.3555814325809479,0.36240047216415405,-0.7388303875923157,0.24930723011493683,0.2681446075439453,-0.301469624042511
1749033599.0985577,0.5246515274047852,-1.9232198200621546,1.292866055165426,1.9496239858814697,-1.4179719130145472,1.3732187747955322,-0.08825255930423737,0.06824974715709686,-0.06691662967205048,-0.1455046534538269,0.1565200686454773,-0.6321046948432922,-0.36077630519866943,0.34834450483322144,-0.7297225594520569,0.2757737934589386,0.2709939181804657,-0.3050777018070221
1749033599.098595,0.5245580673217773,-1.9230905971922816,1.2927339712726038,1.9493200021931152,-1.4176619688617151,1.3719608783721924,-0.08815804123878479,0.06479089707136154,-0.06649992614984512,-0.14390000700950623,0.15546740591526031,-0.6293296217918396,-0.37182509899139404,0.38375648856163025,-0.7198418378829956,0.24126985669136047,0.25371673703193665,-0.33435022830963135
1749033599.098633,0.5242948532104492,-1.922924657861227,1.292605225239889,1.9490389066883544,-1.417417351399557,1.3706685304641724,-0.08872226625680923,0.06486067175865173,-0.06651196628808975,-0.14872826635837555,0.15967831015586853,-0.6288166046142578,-0.3731444776058197,0.3761150538921356,-0.7432781457901001,0.27697041630744934,0.2455066740512848,-0.2903152406215668
1749033599.098672,0.5241620540618896,-1.9227997265257777,1.292480770741598,1.9487394529530029,-1.4170730749713343,1.3694753646850586,-0.08847177773714066,0.06711307168006897,-0.0661901980638504,-0.14320962131023407,0.1562817543745041,-0.6229313015937805,-0.3560798764228821,0.36906698346138,-0.7080457210540771,0.2583753764629364,0.26592695713043213,-0.3471541702747345
1749033599.0987098,0.5239980816841125,-1.9226800403990687,1.2923567930804651,1.9484421449848632,-1.416743580495016,1.3681750297546387,-0.08893022686243057,0.06585478782653809,-0.0647943764925003,-0.14349712431430817,0.15636084973812103,-0.6238574385643005,-0.355739027261734,0.334353506565094,-0.740159809589386,0.2577362656593323,0.27640601992607117,-0.34873974323272705
1749033599.0987473,0.5238222479820251,-1.9225393734373988,1.2922161261187952,1.9481660562702636,-1.416424576436178,1.366935133934021,-0.08782700449228287,0.06529923528432846,-0.06493902951478958,-0.14270181953907013,0.15612180531024933,-0.6272892355918884,-0.3989027440547943,0.3964906632900238,-0.7492750883102417,0.22762638330459595,0.2754339575767517,-0.31403011083602905
1749033599.098784,0.5236238241195679,-1.9224282703795375,1.2920964399920862,1.9478656488605957,-1.4161112944232386,1.365673542022705,-0.09098498523235321,0.06723002344369888,-0.06701570749282837,-0.14406558871269226,0.15616637468338013,-0.6254220604896545,-0.3469022512435913,0.3242870569229126,-0.7127376794815063,0.23031122982501984,0.28125670552253723,-0.32802194356918335
1749033599.098821,0.5234678387641907,-1.9222685299315394,1.2919328848468226,1.9475809770771484,-1.415795628224508,1.3644694089889526,-0.08752038329839706,0.06609384715557098,-0.06386809051036835,-0.145982563495636,0.15526559948921204,-0.6266875267028809,-0.39982038736343384,0.3506122827529907,-0.7533562183380127,0.2543087899684906,0.2726629078388214,-0.32434311509132385
1749033599.0988662,0.5232898592948914,-1.922171255151266,1.2918008009540003,1.947307987804077,-1.4155009428607386,1.363240361213684,-0.0911848172545433,0.06637212634086609,-0.06518444418907166,-0.14724433422088623,0.1559758484363556,-0.6264097094535828,-0.3666903078556061,0.34880438446998596,-0.7522037625312805,0.25085943937301636,0.2787002921104431,-0.3299707770347595
1749033599.0989041,0.5231022834777832,-1.9220167599120082,1.291656796132223,1.9470032888599853,-1.4151518980609339,1.3619520664215088,-0.08808263391256332,0.0664704367518425,-0.06612421572208405,-0.1468675583600998,0.15540999174118042,-0.6248615980148315,-0.3574489653110504,0.3598310649394989,-0.7345041632652283,0.24373655021190643,0.2762413024902344,-0.35321658849716187
1749033599.098942,0.5229467749595642,-1.9219008884825648,1.291520897542135,1.9467148023792724,-1.4148996512042444,1.3606395721435547,-0.08898420631885529,0.06604034453630447,-0.06578480452299118,-0.14835740625858307,0.15788178145885468,-0.6255617737770081,-0.37185466289520264,0.3485715985298157,-0.7327942252159119,0.2635330855846405,0.2350689023733139,-0.3193971514701843
1749033599.0989802,0.5229467749595642,-1.9219008884825648,1.291520897542135,1.9467148023792724,-1.4148996512042444,1.3606395721435547,-0.08898420631885529,0.06604034453630447,-0.06578480452299118,-0.14835740625858307,0.15788178145885468,-0.6255617737770081,-0.37185466289520264,0.3485715985298157,-0.7327942252159119,0.2635330855846405,0.2350689023733139,-0.3193971514701843
1749033599.0990164,0.5227517485618591,-1.9217568836607875,1.2914050261126917,1.9464337068745117,-1.4145482222186487,1.3594156503677368,-0.08916696161031723,0.06605185568332672,-0.06729856878519058,-0.14338430762290955,0.15380872786045074,-0.6259779930114746,-0.34415534138679504,0.3765849471092224,-0.717762291431427,0.22712069749832153,0.2596345543861389,-0.3167482018470764
1749033599.0996697,0.5224061608314514,-1.9214889011778773,1.2911255995379847,1.9458457666584472,-1.4139583746539515,1.3569369316101074,-0.08794929832220078,0.06696729362010956,-0.06421495974063873,-0.14727018773555756,0.15475109219551086,-0.6226437091827393,-0.36460915207862854,0.4014279544353485,-0.7518817186355591,0.243509441614151,0.24534782767295837,-0.3498000502586365
1749033599.1016433,0.5222533941268921,-1.921384950677389,1.291015926991598,1.9455413061329345,-1.413628880177633,1.3557077646255493,-0.08754631131887436,0.06634490191936493,-0.06610436737537384,-0.1455589383840561,0.15341190993785858,-0.6248002648353577,-0.375271201133728,0.3732466995716095,-0.7263345122337341,0.21942323446273804,0.2573763430118561,-0.3558542728424072
1749033599.1422818,0.5220441222190857,-1.9212342701353968,1.2908805052386683,1.9452687936970214,-1.4133651892291468,1.3544458150863647,-0.08588104695081711,0.06882878392934799,-0.0651615560054779,-0.14719226956367493,0.15281729400157928,-0.6267873644828796,-0.37201759219169617,0.2965118885040283,-0.7244454622268677,0.22511345148086548,0.2658300995826721,-0.3545434772968292
1749033599.1423285,0.5218838453292847,-1.921105524102682,1.2907565275775355,1.9449958044239501,-1.4130085150348108,1.3532230854034424,-0.0895208790898323,0.06473878026008606,-0.06297454237937927,-0.1481947898864746,0.15306270122528076,-0.6272820234298706,-0.37527602910995483,0.41675180196762085,-0.7749868035316467,0.26006218791007996,0.2764739394187927,-0.34636080265045166
1749033599.1423767,0.5216888189315796,-1.9209891758360804,1.2906211058246058,1.9446889597126464,-1.4127290884601038,1.3519484996795654,-0.08675960451364517,0.0671999529004097,-0.06452663987874985,-0.14690735936164856,0.1546308547258377,-0.6261515617370605,-0.32001328468322754,0.3073068857192993,-0.7548057436943054,0.2532700300216675,0.23840761184692383,-0.28213703632354736
1749033599.142432,0.5215253233909607,-1.9208570919432582,1.2904771010028284,1.9444350439259033,-1.4124239126788538,1.3507119417190552,-0.08812161535024643,0.06502177566289902,-0.0656411424279213,-0.14735397696495056,0.1557634323835373,-0.6232413649559021,-0.386741578578949,0.3732897937297821,-0.7329422235488892,0.2129421979188919,0.24666495621204376,-0.3613685369491577
1749033599.142473,0.5213152170181274,-1.920687814752096,1.290372673665182,1.9441115099140625,-1.4121292273150843,1.3495078086853027,-0.08786744624376297,0.06582522392272949,-0.06339387595653534,-0.14820119738578796,0.15644170343875885,-0.6236897110939026,-0.3448166251182556,0.40419673919677734,-0.7657150030136108,0.22708985209465027,0.2530801296234131,-0.3704790771007538
1749033599.1425176,0.5211483240127563,-1.9205628834166468,1.2902444044696253,1.9438420969196777,-1.4117949644671839,1.3482155799865723,-0.08859270066022873,0.06682812422513962,-0.06503371149301529,-0.14940206706523895,0.15489862859249115,-0.6256765127182007,-0.3552544116973877,0.39568424224853516,-0.744901180267334,0.2280040681362152,0.2664438486099243,-0.39701923727989197
1749033599.1425655,0.5209564566612244,-1.920434137383932,1.290100399647848,1.9435226160236816,-1.4114897886859339,1.3469769954681396,-0.08865677565336227,0.0675772950053215,-0.06542883068323135,-0.15031088888645172,0.15327335894107819,-0.6280479431152344,-0.35226112604141235,0.358975350856781,-0.7627267241477966,0.23331665992736816,0.2674587666988373,-0.3601999580860138
1749033599.1426044,0.5207897424697876,-1.920326372186178,1.28996450105776,1.9432298380085449,-1.4111946264850062,1.3456834554672241,-0.08819307386875153,0.0669732540845871,-0.06594505906105042,-0.14687448740005493,0.15720905363559723,-0.6285104155540466,-0.3590822219848633,0.38133078813552856,-0.7547566890716553,0.20955100655555725,0.26524725556373596,-0.339285284280777
1749033599.1426418,0.5205901265144348,-1.9201861820616664,1.2898243109332483,1.9429403978535156,-1.410844628010885,1.3444106578826904,-0.08840300142765045,0.06772393733263016,-0.06547532230615616,-0.15142108500003815,0.15490707755088806,-0.6297366619110107,-0.3758058547973633,0.36257702112197876,-0.7359568476676941,0.21381565928459167,0.2538716197013855,-0.3589130640029907
1749033599.142679,0.5203964710235596,-1.9200383625426234,1.289727036152975,1.9426554876514892,-1.4106124083148401,1.3431360721588135,-0.08848784863948822,0.0679250955581665,-0.0652511864900589,-0.14902009069919586,0.15433263778686523,-0.6317552924156189,-0.349795401096344,0.33458173274993896,-0.754249095916748,0.22785693407058716,0.26102766394615173,-0.2977871298789978
1749033599.1427164,0.5202504992485046,-1.9199263058104457,1.289583985005514,1.942347689265869,-1.4102557341205042,1.3419196605682373,-0.08826631307601929,0.06723567098379135,-0.06633658707141876,-0.1471720188856125,0.1585797220468521,-0.6320061087608337,-0.3311808109283447,0.35920774936676025,-0.7486807703971863,0.19485411047935486,0.2246559113264084,-0.3553752303123474
1749033599.1427531,0.5200955271720886,-1.9197780094542445,1.2894089857684534,1.9420596796223144,-1.4099577108966272,1.3406505584716797,-0.08854278922080994,0.06655868142843246,-0.0671958178281784,-0.15347236394882202,0.1556154042482376,-0.6337777376174927,-0.3506055772304535,0.3780807554721832,-0.735877513885498,0.24596628546714783,0.2493066042661667,-0.3554419279098511
1749033599.1427896,0.5198935866355896,-1.9196740589537562,1.2892888228045862,1.9417618948170166,-1.40965444246401,1.3393821716308594,-0.0878080204129219,0.06762503832578659,-0.06722919642925262,-0.15190458297729492,0.15656010806560516,-0.6359187364578247,-0.3693082630634308,0.35164302587509155,-0.7469878792762756,0.25238704681396484,0.24374088644981384,-0.30075603723526
1749033599.1428266,0.519722044467926,-1.9194919071593226,1.289156738911764,1.9414581495472412,-1.4093096891986292,1.3381197452545166,-0.08778157830238342,0.06808411329984665,-0.06655597686767578,-0.15107174217700958,0.15474557876586914,-0.6330510973930359,-0.35122841596603394,0.34474900364875793,-0.7399359941482544,0.2389206886291504,0.2476751059293747,-0.3059461712837219
1749033599.1428633,0.5195620656013489,-1.9193831882872523,1.2890327612506312,1.9411579805561523,-1.4090493361102503,1.33685302734375,-0.08614230155944824,0.06767497956752777,-0.06698888540267944,-0.15198196470737457,0.15328258275985718,-0.629390299320221,-0.3688600957393646,0.36967718601226807,-0.7456556558609009,0.25992050766944885,0.2544141411781311,-0.3131008446216583
1749033599.1429038,0.5193634629249573,-1.9192477665343226,1.2889121214496058,1.940828724498413,-1.408743683491842,1.335591197013855,-0.08773090690374374,0.06785780191421509,-0.066855788230896,-0.1525438129901886,0.153427854180336,-0.6266135573387146,-0.3570466637611389,0.346059113740921,-0.7454212307929993,0.24427323043346405,0.2885608971118927,-0.34571096301078796
1749033599.1429613,0.5192033052444458,-1.919091363946432,1.2887957731830042,1.9405054289051513,-1.4083946386920374,1.3343913555145264,-0.08582239598035812,0.0688541829586029,-0.0660581961274147,-0.15270890295505524,0.15442776679992676,-0.6274624466896057,-0.3801482617855072,0.35600870847702026,-0.7368180751800537,0.2534271478652954,0.2523450255393982,-0.38778141140937805
1749033599.143004,0.519044041633606,-1.9189473591246546,1.2886131445514124,1.9402035909840087,-1.4080842177020472,1.3331143856048584,-0.09124419838190079,0.07037554681301117,-0.06563778966665268,-0.15275812149047852,0.1566370725631714,-0.633992612361908,-0.31974881887435913,0.3054019510746002,-0.7443900108337402,0.27093711495399475,0.218482106924057,-0.3146809935569763
1749033599.143046,0.5188421607017517,-1.9188000164427699,1.2885192076312464,1.9399143892475585,-1.4077828566180628,1.3318647146224976,-0.08571063727140427,0.06709674745798111,-0.06624095886945724,-0.15422463417053223,0.15296034514904022,-0.632366418838501,-0.37590715289115906,0.34176647663116455,-0.7628322839736938,0.2985785901546478,0.257064551115036,-0.3012540936470032
1749033599.1430848,0.5186819434165955,-1.9186684093871058,1.2883837858783167,1.9395946699329834,-1.4075291792498987,1.3306000232696533,-0.08724947273731232,0.06759702414274216,-0.06921835988759995,-0.14973105490207672,0.15544119477272034,-0.6307392716407776,-0.3946896195411682,0.34537094831466675,-0.7047773599624634,0.2760028839111328,0.24461615085601807,-0.33340033888816833
1749033599.143685,0.5184879302978516,-1.9185558758177699,1.2882517019854944,1.939281864757202,-1.4071925322162073,1.3292492628097534,-0.08831921219825745,0.07045113295316696,-0.06457485258579254,-0.1508364975452423,0.15506310760974884,-0.6269826292991638,-0.34317469596862793,0.2929249703884125,-0.7535252571105957,0.2690615653991699,0.23034493625164032,-0.2907869815826416
1749033599.1456296,0.5183001756668091,-1.9184166393675746,1.2881038824664515,1.9390172201343994,-1.4068554083453577,1.3280856609344482,-0.08807247132062912,0.06562735140323639,-0.06522972136735916,-0.1488633155822754,0.154246523976326,-0.6240221261978149,-0.3379467725753784,0.32985320687294006,-0.7725905776023865,0.2954138517379761,0.24210192263126373,-0.3732454776763916
1749033599.1902928,0.5181291103363037,-1.9182726345457972,1.287980858479635,1.938720389003418,-1.4065306822406214,1.3268365859985352,-0.08779101818799973,0.06590430438518524,-0.06835228204727173,-0.14688967168331146,0.1567011922597885,-0.6279952526092529,-0.34004640579223633,0.3591237962245941,-0.7380262613296509,0.2803311347961426,0.2279038429260254,-0.38631969690322876
1749033599.1903386,0.517972469329834,-1.91813387493276,1.2878716627704065,1.93841998159375,-1.406243149434225,1.3255889415740967,-0.08694320172071457,0.06633315235376358,-0.06641432642936707,-0.1476788967847824,0.1558312475681305,-0.6313655376434326,-0.35885804891586304,0.3724351227283478,-0.7313638925552368,0.2771599590778351,0.21615636348724365,-0.3080875873565674
1749033599.1903794,0.5177710652351379,-1.9179932079710902,1.2877238432513636,1.9381117063709716,-1.4059327284442347,1.3243000507354736,-0.0888669416308403,0.06631208211183548,-0.06706846505403519,-0.1472029685974121,0.15441428124904633,-0.6266403198242188,-0.36920055747032166,0.36926087737083435,-0.7313963174819946,0.29423364996910095,0.22189444303512573,-0.3438551723957062
1749033599.1904185,0.5176107883453369,-1.9178773365416468,1.2875917593585413,1.937831087703369,-1.4056175390826624,1.3230830430984497,-0.08671485632658005,0.0672004446387291,-0.0671917125582695,-0.14540867507457733,0.15294885635375977,-0.6243601441383362,-0.3614506423473358,0.37308257818222046,-0.7221870422363281,0.2958868145942688,0.21702297031879425,-0.336575984954834
1749033599.1904566,0.5174089670181274,-1.9177609882750453,1.2874286810504358,1.937558336848877,-1.4053142706500452,1.321838140487671,-0.0870547816157341,0.06544293463230133,-0.06770768761634827,-0.14276771247386932,0.15144410729408264,-0.624746561050415,-0.3807961344718933,0.37801843881607056,-0.7237966656684875,0.2665945291519165,0.23869836330413818,-0.34490907192230225
1749033599.1904945,0.5172556042671204,-1.9176327190794886,1.2872994581805628,1.9372624593922119,-1.4050129095660608,1.320565104484558,-0.0889812707901001,0.06818362325429916,-0.0676916167140007,-0.14165735244750977,0.15147516131401062,-0.6239902973175049,-0.31784409284591675,0.34186094999313354,-0.7152986526489258,0.24386140704154968,0.24315020442008972,-0.4110085368156433
1749033599.19054,0.5170691609382629,-1.9175039730467738,1.2872026602374476,1.9369818407246093,-1.4046371618853968,1.3193097114562988,-0.08666013926267624,0.06540098041296005,-0.06730204075574875,-0.14285530149936676,0.1532556563615799,-0.6280379891395569,-0.36190181970596313,0.35144364833831787,-0.7190191745758057,0.2679283320903778,0.22459286451339722,-0.3446217179298401
1749033599.19058,0.516871452331543,-1.9173690281310023,1.287039581929342,1.9366702276417236,-1.404325310383932,1.3180294036865234,-0.08682405203580856,0.06564734876155853,-0.06682185083627701,-0.14526087045669556,0.15178842842578888,-0.6294915080070496,-0.3610306680202484,0.3723694086074829,-0.7226517796516418,0.25618043541908264,0.2263985276222229,-0.34769177436828613
1749033599.190617,0.5167303681373596,-1.9172140560545863,1.2868955771075647,1.936424894923828,-1.4040067831622522,1.3167670965194702,-0.08710739761590958,0.06824546307325363,-0.06614406406879425,-0.1460326910018921,0.1553608477115631,-0.6270942091941833,-0.35484209656715393,0.33066028356552124,-0.7308340072631836,0.2715439796447754,0.1890527307987213,-0.3651171922683716
1749033599.1906543,0.516547441482544,-1.917093416253561,1.2867563406573694,1.9361297327229003,-1.4037097136126917,1.3155218362808228,-0.08519113808870316,0.06657334417104721,-0.06798786669969559,-0.14613167941570282,0.15061055123806,-0.6273419857025146,-0.38114452362060547,0.32888180017471313,-0.7188514471054077,0.23772405087947845,0.1944906860589981,-0.3229817748069763
1749033599.190691,0.5163490772247314,-1.9169613323607386,1.2866280714618128,1.9358381468006591,-1.403437916432516,1.3143198490142822,-0.08648631721735,0.0664239153265953,-0.06565698981285095,-0.14959071576595306,0.1478751003742218,-0.6238915324211121,-0.4113711416721344,0.36262863874435425,-0.7170312404632568,0.27719855308532715,0.23358172178268433,-0.37276026606559753
1749033599.1907282,0.5162286758422852,-1.9168411693968714,1.286511246358053,1.9355696874805908,-1.4031203428851526,1.312995433807373,-0.08730030059814453,0.06650884449481964,-0.06620733439922333,-0.14739246666431427,0.15083356201648712,-0.6282562613487244,-0.37629514932632446,0.3549065589904785,-0.7433760762214661,0.261524498462677,0.22253715991973877,-0.3809533417224884
1749033599.1907656,0.5160195827484131,-1.9166890583434046,1.2863791624652308,1.935215635890625,-1.4027913252459925,1.311754584312439,-0.08806859701871872,0.06659642606973648,-0.06711796671152115,-0.1488981693983078,0.1472945660352707,-0.6317563056945801,-0.36976951360702515,0.3810443878173828,-0.7207260131835938,0.27082037925720215,0.24826760590076447,-0.3139115273952484
1749033599.1908033,0.5158473253250122,-1.9165693722166957,1.2862232367144983,1.9349226194569091,-1.4025428930865687,1.3105082511901855,-0.08775927871465683,0.06665730476379395,-0.06658861041069031,-0.15120437741279602,0.1480400562286377,-0.6299017667770386,-0.3670527935028076,0.34905487298965454,-0.7254347801208496,0.29052090644836426,0.24177058041095734,-0.3295779526233673
1749033599.19084,0.5157063603401184,-1.9164101086058558,1.2860873381244105,1.934626503581665,-1.4021790663348597,1.3092138767242432,-0.08710836619138718,0.06621630489826202,-0.06508835405111313,-0.14991794526576996,0.14991363883018494,-0.6277274489402771,-0.36545848846435547,0.3364487588405609,-0.7322342991828918,0.30561983585357666,0.2505192756652832,-0.3253271281719208
1749033599.1908772,0.5157063603401184,-1.9164101086058558,1.2860873381244105,1.934626503581665,-1.4021790663348597,1.3092138767242432,-0.08710836619138718,0.06621630489826202,-0.06508835405111313,-0.14991794526576996,0.14991363883018494,-0.6277274489402771,-0.36545848846435547,0.3364487588405609,-0.7322342991828918,0.30561983585357666,0.2505192756652832,-0.3253271281719208
1749033599.1909144,0.5153065323829651,-1.9161302051939906,1.2858360449420374,1.933971329326294,-1.401628319417135,1.3067378997802734,-0.08675108850002289,0.06640708446502686,-0.06698690354824066,-0.14992894232273102,0.14939749240875244,-0.6235921382904053,-0.36381518840789795,0.3601158857345581,-0.7116966247558594,0.30183660984039307,0.24116826057434082,-0.4150264859199524
1749033599.1909518,0.5151236057281494,-1.9160143337645472,1.2857230345355433,1.9336866575428466,-1.4013217131244105,1.3054358959197998,-0.09119761735200882,0.06631767004728317,-0.06647560745477676,-0.1508638560771942,0.15534701943397522,-0.627804696559906,-0.3180742859840393,0.3587966859340668,-0.7060429453849792,0.3372572958469391,0.21884536743164062,-0.3414977788925171
1749033599.1909888,0.5149859189987183,-1.9158393345274867,1.285548512135641,1.9333976942249755,-1.4010165373431605,1.3042209148406982,-0.08913267403841019,0.06658272445201874,-0.06608764082193375,-0.1494375765323639,0.15115956962108612,-0.6325778961181641,-0.37002891302108765,0.3273969292640686,-0.7209569811820984,0.3361588418483734,0.2478533387184143,-0.3431692123413086
1749033599.1910255,0.5147918462753296,-1.9157387218871058,1.2854669729815882,1.9330736833759765,-1.4007299582110804,1.3029389381408691,-0.08990330249071121,0.06722993403673172,-0.06552308797836304,-0.14838847517967224,0.1505773812532425,-0.6324500441551208,-0.3610104024410248,0.34435445070266724,-0.7333998084068298,0.33876365423202515,0.251567542552948,-0.33738958835601807
1749033599.191062,0.5146279335021973,-1.9156066379942835,1.2853110472308558,1.932767077083252,-1.4003875891314905,1.301653504371643,-0.08620832115411758,0.06631097197532654,-0.06517201662063599,-0.14226914942264557,0.15489858388900757,-0.6335675120353699,-0.3317197859287262,0.37135639786720276,-0.7342242002487183,0.30318087339401245,0.22724929451942444,-0.2815643548965454
1749033599.191099,0.5144606232643127,-1.9154697857298792,1.2851875464068812,1.9324566560932617,-1.4001272360431116,1.300459384918213,-0.08664772659540176,0.06616607308387756,-0.06547969579696655,-0.14074821770191193,0.15100999176502228,-0.6291482448577881,-0.35990893840789795,0.3313981592655182,-0.7518854141235352,0.3078165650367737,0.24197356402873993,-0.35809171199798584
1749033599.1916566,0.5142776370048523,-1.9153391323485316,1.2850239912616175,1.932222529048584,-1.3998220602618616,1.2991966009140015,-0.08638717979192734,0.06536675244569778,-0.06583404541015625,-0.14175546169281006,0.15267737209796906,-0.6292596459388733,-0.3801319897174835,0.3471306264400482,-0.7458211779594421,0.3160157799720764,0.24064874649047852,-0.34280651807785034
1749033599.1936164,0.5140864253044128,-1.9152070484557093,1.284926716481344,1.9319237905689697,-1.3994653860675257,1.2978748083114624,-0.08687686175107956,0.06496270000934601,-0.06691346317529678,-0.1401023268699646,0.15315207839012146,-0.6311824321746826,-0.3843340277671814,0.3628835678100586,-0.7289968132972717,0.29836899042129517,0.22426830232143402,-0.3103034496307373
1749033599.2383246,0.5139070749282837,-1.9150721035399378,1.2847989241229456,1.9316598612019042,-1.399177376423971,1.2966574430465698,-0.08721216022968292,0.06500151008367538,-0.0667870044708252,-0.1407303512096405,0.15426528453826904,-0.6282156109809875,-0.3558274507522583,0.3544275164604187,-0.7160515785217285,0.291559636592865,0.22943656146526337,-0.33895012736320496
1749033599.2383711,0.5137248039245605,-1.9149280987181605,1.2846511046039026,1.9314064222523193,-1.398813549672262,1.2954058647155762,-0.08681731671094894,0.06427150219678879,-0.06704060733318329,-0.14131926000118256,0.15656717121601105,-0.6272869110107422,-0.35295647382736206,0.3661876916885376,-0.7155847549438477,0.28631389141082764,0.21238544583320618,-0.3383878171443939
1749033599.2384124,0.5135455131530762,-1.9147726498045863,1.2844999472247522,1.931102915401123,-1.3985298315631312,1.2941116094589233,-0.08932647109031677,0.06742579489946365,-0.06614682823419571,-0.14141176640987396,0.15502162277698517,-0.6275961995124817,-0.313375860452652,0.3871114253997803,-0.723227858543396,0.27694663405418396,0.20316609740257263,-0.3465709090232849
1749033599.2384548,0.5133078098297119,-1.9146834812560023,1.2843554655658167,1.9308239656635742,-1.3982155958758753,1.2928757667541504,-0.08866579830646515,0.06601545959711075,-0.06836466491222382,-0.1408662348985672,0.154733806848526,-0.6278315782546997,-0.34229955077171326,0.3176693022251129,-0.715291440486908,0.2579340934753418,0.20010487735271454,-0.373740553855896
1749033599.2384944,0.5132248997688293,-1.9145590267577113,1.2842395941363733,1.9305667120167236,-1.3978951613055628,1.2916390895843506,-0.08973122388124466,0.06533453613519669,-0.06722623854875565,-0.14085422456264496,0.15466228127479553,-0.6287434697151184,-0.3525642156600952,0.34900784492492676,-0.7082277536392212,0.2526756227016449,0.20751595497131348,-0.342020183801651
1749033599.2385323,0.5129961967468262,-1.9143849811949671,1.2841227690326136,1.93026248990979,-1.397607151662008,1.2903815507888794,-0.08683406561613083,0.06707426905632019,-0.06558025628328323,-0.1428741216659546,0.1521623432636261,-0.629045307636261,-0.37235939502716064,0.37503159046173096,-0.7477904558181763,0.2536490559577942,0.2246469110250473,-0.3375341594219208
1749033599.23857,0.5128288269042969,-1.9142981968321742,1.2839558760272425,1.9299473005482177,-1.3972557226764124,1.2891184091567993,-0.08857686817646027,0.0681752860546112,-0.06605435162782669,-0.1470201164484024,0.14992104470729828,-0.6297227740287781,-0.3679433763027191,0.3114287853240967,-0.7384334802627563,0.27369004487991333,0.23241806030273438,-0.37579768896102905
1749033599.238611,0.5126186609268188,-1.9141284428038539,1.283858601246969,1.9296442705341796,-1.3969906012164515,1.2878520488739014,-0.08877240866422653,0.06691718101501465,-0.06734132021665573,-0.14755360782146454,0.15457895398139954,-0.6303183436393738,-0.33029836416244507,0.34474828839302063,-0.7184236645698547,0.27086004614830017,0.19711905717849731,-0.309020459651947
1749033599.2386494,0.5124632716178894,-1.9139963589110316,1.2837145964251917,1.9293369489857177,-1.396738354359762,1.2865926027297974,-0.08841312676668167,0.06570035219192505,-0.06457696855068207,-0.14839157462120056,0.15024805068969727,-0.6299128532409668,-0.34215426445007324,0.3243470788002014,-0.7465872764587402,0.2677682638168335,0.22497069835662842,-0.36560729146003723
1749033599.2386866,0.5122944712638855,-1.9138714275755824,1.2835825125323694,1.9290515619465332,-1.3964131514178675,1.2853094339370728,-0.08799368888139725,0.06553874164819717,-0.06491021811962128,-0.1476622223854065,0.1498996466398239,-0.6300579905509949,-0.3497968018054962,0.3522759675979614,-0.748125433921814,0.2748996317386627,0.2436269223690033,-0.3650735318660736
1749033599.2387233,0.5121151208877563,-1.9137054882445277,1.2834504286395472,1.9287280279346923,-1.396071736012594,1.284063458442688,-0.08844690769910812,0.06602521240711212,-0.06446651369333267,-0.15046288073062897,0.15500208735466003,-0.6309232711791992,-0.357869952917099,0.348345547914505,-0.7549319267272949,0.296466201543808,0.18558575212955475,-0.32327955961227417
1749033599.2387638,0.5119209289550781,-1.9135853252806605,1.2833264509784144,1.928447647685669,-1.3957422415362757,1.282807469367981,-0.08765473961830139,0.06551516801118851,-0.06458604335784912,-0.14753837883472443,0.15106990933418274,-0.6306365132331848,-0.34022003412246704,0.3521152138710022,-0.78326416015625,0.3044912815093994,0.2251112163066864,-0.34059610962867737
1749033599.2388015,0.5117607712745667,-1.9134608707823695,1.2831633726703089,1.9281596380421142,-1.3954909483539026,1.2814843654632568,-0.0878971517086029,0.06858155876398087,-0.06471656262874603,-0.14666368067264557,0.15192481875419617,-0.6307471394538879,-0.33308470249176025,0.32604196667671204,-0.750183641910553,0.2804713845252991,0.23280252516269684,-0.3333801031112671
1749033599.2388382,0.5115706920623779,-1.9133221111693324,1.283062760029928,1.9278408724018554,-1.3951681295977991,1.2802413702011108,-0.08594898134469986,0.06474868953227997,-0.06640706956386566,-0.1504262536764145,0.15251041948795319,-0.6303161382675171,-0.3895968794822693,0.36286595463752747,-0.7440635561943054,0.3162727952003479,0.2301161289215088,-0.3334982991218567
1749033599.2388744,0.5114188194274902,-1.9131905041136683,1.2829144636737269,1.9275871950336914,-1.3948357740985315,1.278954029083252,-0.08686532825231552,0.06599579006433487,-0.06493904441595078,-0.14515306055545807,0.15096518397331238,-0.6322145462036133,-0.375546395778656,0.36250877380371094,-0.7646464705467224,0.28931283950805664,0.2318897545337677,-0.3585485816001892
1749033599.238914,0.5112119317054749,-1.913065572778219,1.2827985922442835,1.9272963243671875,-1.3945334593402308,1.2777093648910522,-0.08699086308479309,0.06902790814638138,-0.06571967899799347,-0.1452811360359192,0.1537841409444809,-0.6343606114387512,-0.35419994592666626,0.2998802065849304,-0.7690991759300232,0.2801973223686218,0.23448272049427032,-0.27683940529823303
1749033599.2389514,0.5110762119293213,-1.9129373035826625,1.2826741377459925,1.926999254817627,-1.3942115942584437,1.2764602899551392,-0.08598287403583527,0.06472575664520264,-0.06521380692720413,-0.1442738175392151,0.15274758636951447,-0.6308045387268066,-0.3868640661239624,0.3254954218864441,-0.7800012826919556,0.2782987952232361,0.2297927886247635,-0.28621402382850647
1749033599.2389874,0.5108976364135742,-1.9128052196898402,1.2825034300433558,1.9267079073139648,-1.3939407507525843,1.2752174139022827,-0.08945347368717194,0.06541717052459717,-0.0690779760479927,-0.14388036727905273,0.1515173465013504,-0.6271626353263855,-0.3457762897014618,0.3723236322402954,-0.741378903388977,0.26492980122566223,0.24636802077293396,-0.3507787585258484
1749033599.2390237,0.5107021927833557,-1.9126583538451136,1.2824180761920374,1.926424189204834,-1.3936575094806116,1.2739580869674683,-0.08727847784757614,0.06584770232439041,-0.06586015224456787,-0.14890138804912567,0.15594559907913208,-0.6255905032157898,-0.36414679884910583,0.36818352341651917,-0.7720195651054382,0.2713961601257324,0.2133370339870453,-0.30680036544799805
1749033599.2390633,0.510491669178009,-1.9125105343260707,1.2822859922992151,1.9261256891437988,-1.3933170477496546,1.27272629737854,-0.0899377316236496,0.06595449149608612,-0.0658169835805893,-0.1451791226863861,0.15285441279411316,-0.6263359189033508,-0.330727756023407,0.3307974338531494,-0.7747218012809753,0.26526886224746704,0.21417509019374847,-0.35275453329086304
1749033599.239101,0.5103940963745117,-1.912400861779684,1.2821772734271448,1.9258178907581787,-1.3929875532733362,1.2714712619781494,-0.0863991379737854,0.0649627223610878,-0.06969853490591049,-0.1448557823896408,0.15335991978645325,-0.6305992007255554,-0.35632985830307007,0.3785705864429474,-0.723894476890564,0.23075474798679352,0.2361948937177658,-0.39948150515556335
1749033599.2391376,0.5101301670074463,-1.9122311077513636,1.2819979826556605,1.9255921083637695,-1.3927252928363245,1.2702467441558838,-0.08790365606546402,0.06584661453962326,-0.06736540794372559,-0.1495690494775772,0.1523328274488449,-0.6345041990280151,-0.35259106755256653,0.37475091218948364,-0.735024094581604,0.2531788945198059,0.23999878764152527,-0.31422334909439087
1749033599.2396488,0.5099978446960449,-1.9121152363219203,1.2818778196917933,1.925280972118042,-1.392449204121725,1.2689812183380127,-0.08907193690538406,0.06649033725261688,-0.06652901321649551,-0.14701241254806519,0.15242137014865875,-0.632355809211731,-0.3405298888683319,0.3520570993423462,-0.7720425128936768,0.26644718647003174,0.2634720206260681,-0.34603679180145264
1749033599.2416453,0.5098097324371338,-1.9120212994017542,1.2817371527301233,1.9250034528919677,-1.3921387831317347,1.267687439918518,-0.08782694488763809,0.06715688854455948,-0.06674463301897049,-0.1478293389081955,0.15327006578445435,-0.6314078569412231,-0.3423803150653839,0.33001524209976196,-0.7611216306686401,0.2599242329597473,0.24577102065086365,-0.3282632529735565
1749033599.286304,0.5096964836120605,-1.9118596516051234,1.2816022078143519,1.9246947008320312,-1.3918374220477503,1.266412615776062,-0.08682086318731308,0.06602602452039719,-0.06716302037239075,-0.14815154671669006,0.15494216978549957,-0.6296485662460327,-0.35656434297561646,0.3505660593509674,-0.7613436579704285,0.24962325394153595,0.2438596934080124,-0.33944690227508545
1749033599.2863503,0.5094408392906189,-1.9117466411986292,1.2814505735980433,1.9244069296070556,-1.3915112654315394,1.2651711702346802,-0.09044577181339264,0.0675327256321907,-0.06736601144075394,-0.15005382895469666,0.1541396826505661,-0.6286714673042297,-0.33801180124282837,0.32076409459114075,-0.75739586353302,0.25649842619895935,0.2559821307659149,-0.3965786099433899
1749033599.286391,0.5092733502388,-1.9116116962828578,1.2813189665423792,1.9241186815449218,-1.391163174306051,1.2638665437698364,-0.08703634887933731,0.0665908008813858,-0.06748184561729431,-0.1512889713048935,0.15466716885566711,-0.6324142813682556,-0.34821879863739014,0.34715536236763,-0.7667450904846191,0.2711516320705414,0.24623632431030273,-0.33418774604797363
1749033599.28643,0.5090548396110535,-1.9114638767638148,1.2811630407916468,1.9237798887440185,-1.3908570448504847,1.2626993656158447,-0.08866490423679352,0.06607913970947266,-0.06771287322044373,-0.1516365110874176,0.15548323094844818,-0.6342234015464783,-0.3484271168708801,0.330569863319397,-0.7502791285514832,0.27241194248199463,0.23422610759735107,-0.30873802304267883
1749033599.2864685,0.5089381337165833,-1.9113770924010218,1.2810424009906214,1.9234825807758789,-1.3905928770648401,1.2613798379898071,-0.08619927614927292,0.06551223248243332,-0.06796445697546005,-0.1523069590330124,0.1556326001882553,-0.6295855045318604,-0.3393835723400116,0.3309062123298645,-0.7361371517181396,0.2874000668525696,0.23655827343463898,-0.3462061583995819
1749033599.2865064,0.508767306804657,-1.9112044773497523,1.2809141317950647,1.9231843191334228,-1.390242878590719,1.2601009607315063,-0.08594568818807602,0.06549114733934402,-0.0681036114692688,-0.15174207091331482,0.15589651465415955,-0.6263527274131775,-0.37510332465171814,0.3465263247489929,-0.7377433180809021,0.3073035180568695,0.24453414976596832,-0.3141804337501526
1749033599.2865443,0.5086069107055664,-1.9110909901061,1.2807892004596155,1.922886772746704,-1.3899667898761194,1.2588869333267212,-0.08717508614063263,0.06507883965969086,-0.06782635301351547,-0.14973634481430054,0.15923775732517242,-0.6228713393211365,-0.37528860569000244,0.3587557375431061,-0.7504059672355652,0.28793996572494507,0.20490066707134247,-0.37926584482192993
1749033599.2865813,0.5084205269813538,-1.9109403095641078,1.2806609312640589,1.9225827890583496,-1.3896458784686487,1.2576524019241333,-0.08787709474563599,0.06543853878974915,-0.06922450661659241,-0.14881570637226105,0.1542263627052307,-0.6282765865325928,-0.34553417563438416,0.35038259625434875,-0.7291315793991089,0.29462966322898865,0.22689779102802277,-0.38816046714782715
1749033599.2866185,0.5082375407218933,-1.910792966882223,1.2805059591876429,1.9223100382038574,-1.3893168608294886,1.2563133239746094,-0.08780882507562637,0.06577150523662567,-0.0690944567322731,-0.14700491726398468,0.15316106379032135,-0.6302615404129028,-0.3555312752723694,0.34738796949386597,-0.7201040983200073,0.2594759166240692,0.252603679895401,-0.30715978145599365
1749033599.2866552,0.5080963373184204,-1.9106985531248988,1.2803657690631312,1.9220067697712402,-1.3890288511859339,1.255130410194397,-0.08923368901014328,0.06492379307746887,-0.06719037145376205,-0.15019412338733673,0.15516357123851776,-0.6265826225280762,-0.3365006446838379,0.36855125427246094,-0.7322772741317749,0.29788970947265625,0.2115381509065628,-0.33681243658065796
1749033599.2866967,0.5079034566879272,-1.9105478725829066,1.2802417914019983,1.9217347341724853,-1.3887189070331019,1.2538312673568726,-0.08707661926746368,0.06813988834619522,-0.06969308108091354,-0.14734432101249695,0.1521734893321991,-0.624550998210907,-0.37599772214889526,0.32861199975013733,-0.7035671472549438,0.3052213490009308,0.25103527307510376,-0.3410953879356384
1749033599.286735,0.5077050924301147,-1.9104558430113734,1.280097786580221,1.9214119154163818,-1.3884409109698694,1.252610206604004,-0.08832422643899918,0.06463801115751266,-0.0657709613442421,-0.14494234323501587,0.15234127640724182,-0.6239681243896484,-0.36111196875572205,0.3677169382572174,-0.7284772992134094,0.28123167157173157,0.2544099688529968,-0.349263995885849
1749033599.286772,0.5075883269309998,-1.9103085003294886,1.2799776236163538,1.921151800746582,-1.3881185690509241,1.2513431310653687,-0.08873102813959122,0.06453510373830795,-0.06514643877744675,-0.14591501653194427,0.15411259233951569,-0.6238499283790588,-0.3510879576206207,0.3837340474128723,-0.7545301914215088,0.27348095178604126,0.24977600574493408,-0.3769857585430145
1749033599.2868083,0.5074161291122437,-1.9102069340147914,1.2798422018634241,1.9208764272877197,-1.3877657095538538,1.2500560283660889,-0.08951844274997711,0.0675310418009758,-0.06880861520767212,-0.14208735525608063,0.15437859296798706,-0.6276612281799316,-0.3483540713787079,0.37093183398246765,-0.719805121421814,0.24320004880428314,0.2664482593536377,-0.34761589765548706
1749033599.286845,0.5072022080421448,-1.9100567303099574,1.2796896139727991,1.9205443102070312,-1.3875020186053675,1.2488030195236206,-0.08960940688848495,0.06645454466342926,-0.0666244775056839,-0.14160402119159698,0.15858733654022217,-0.6279308795928955,-0.34976235032081604,0.3213895857334137,-0.7083104252815247,0.2206348180770874,0.22223304212093353,-0.2939609885215759
1749033599.286881,0.5070109963417053,-1.909900804559225,1.2795928160296839,1.9202605920979003,-1.3871691862689417,1.247570276260376,-0.08851463347673416,0.06571098417043686,-0.06594627350568771,-0.1432398408651352,0.1552581489086151,-0.6263777017593384,-0.3524886965751648,0.3729355037212372,-0.7325016260147095,0.2233172506093979,0.2249031364917755,-0.3330947458744049
1749033599.2869177,0.5068163275718689,-1.9097992382445277,1.2794535795794886,1.919947786922119,-1.3868725935565394,1.2462959289550781,-0.08718172460794449,0.06651981174945831,-0.066698357462883,-0.14601242542266846,0.15573012828826904,-0.6255750060081482,-0.3585274815559387,0.35216885805130005,-0.7324293851852417,0.24582788348197937,0.23773832619190216,-0.28176432847976685
1749033599.286954,0.5066403746604919,-1.9096576176085414,1.2793095747577112,1.9196478563496093,-1.3865745703326624,1.2450584173202515,-0.08935140818357468,0.06788800656795502,-0.06730163842439651,-0.14711102843284607,0.1551004946231842,-0.6204262971878052,-0.29262974858283997,0.3537837564945221,-0.7277336120605469,0.2530330717563629,0.20335610210895538,-0.34079664945602417
1749033599.2869906,0.5065130591392517,-1.9095636806883753,1.279177490864889,1.9193522173115234,-1.3862603346454065,1.2437902688980103,-0.086064413189888,0.06506048142910004,-0.06727689504623413,-0.1504729837179184,0.15189625322818756,-0.62201327085495,-0.35322362184524536,0.3746906518936157,-0.719630777835846,0.2522437572479248,0.24562528729438782,-0.3638632893562317
1749033599.2870271,0.5063144564628601,-1.9093815288939417,1.279041592274801,1.919048233623169,-1.3859394232379358,1.2425532341003418,-0.08929496258497238,0.06798062473535538,-0.06689020246267319,-0.14548060297966003,0.15148243308067322,-0.6261863112449646,-0.35503825545310974,0.35984885692596436,-0.7212772369384766,0.26804858446121216,0.24312128126621246,-0.30241021513938904
1749033599.2870636,0.5061662197113037,-1.9092184505858363,1.2789562384234827,1.9187483030506591,-1.3856175581561487,1.2413448095321655,-0.0863749086856842,0.06631404161453247,-0.0670730248093605,-0.1437937170267105,0.15168176591396332,-0.6238230466842651,-0.3766448199748993,0.3504314422607422,-0.7266401052474976,0.23568962514400482,0.2664312720298767,-0.34889858961105347
1749033599.2871,0.5059614181518555,-1.9091059170165003,1.2787893454181116,1.9184884267994384,-1.38538104692568,1.240132451057434,-0.08754624426364899,0.06695549190044403,-0.06724385172128677,-0.14663489162921906,0.15217478573322296,-0.6252806186676025,-0.3983170986175537,0.3466782867908478,-0.7128275036811829,0.25803178548812866,0.2496209442615509,-0.33188262581825256
1749033599.2876348,0.5058203339576721,-1.908966680566305,1.2786334196673792,1.9181849199482421,-1.3850415388690394,1.2388415336608887,-0.0888339951634407,0.06889328360557556,-0.0673859491944313,-0.14329755306243896,0.15224695205688477,-0.6246315836906433,-0.38178926706314087,0.3531780242919922,-0.7074891328811646,0.2498292624950409,0.263312429189682,-0.32634925842285156
1749033599.2896137,0.5056220293045044,-1.9088384113707484,1.2785051504718226,1.917912407512329,-1.3847807089435022,1.237610936164856,-0.08836330473423004,0.06760555505752563,-0.06611697375774384,-0.14477163553237915,0.1527402400970459,-0.6221456527709961,-0.3732946515083313,0.31558719277381897,-0.7239276766777039,0.24585305154323578,0.26255038380622864,-0.3998713791370392
1749033599.334294,0.5054616332054138,-1.9086977444090785,1.2783854643451136,1.9176363187977294,-1.3844860235797327,1.2363706827163696,-0.09047967940568924,0.06558188050985336,-0.0685800164937973,-0.14517030119895935,0.15335458517074585,-0.624734103679657,-0.36722350120544434,0.3688164949417114,-0.7190278172492981,0.24682927131652832,0.2679613530635834,-0.3614838421344757
1749033599.3343499,0.5052905678749084,-1.9086243114867152,1.278252903615133,1.9173242288776855,-1.3841403166400355,1.2351188659667969,-0.08929850906133652,0.06699008494615555,-0.0662575513124466,-0.14629173278808594,0.15426020324230194,-0.6266425848007202,-0.36470741033554077,0.3545149266719818,-0.7045730948448181,0.2634843587875366,0.26684194803237915,-0.3486158549785614
1749033599.3344185,0.5051268935203552,-1.9084116421141566,1.2781122366534632,1.917048140163086,-1.3838208357440394,1.233872413635254,-0.08809832483530045,0.06661529093980789,-0.06548023968935013,-0.14346957206726074,0.15448512136936188,-0.6259955763816833,-0.3933093845844269,0.34261554479599,-0.7305572032928467,0.24857960641384125,0.2747189402580261,-0.36376142501831055
1749033599.334462,0.50492924451828,-1.908302446404928,1.2779892126666468,1.9167405801960449,-1.383509937916891,1.232569932937622,-0.0904402956366539,0.06670118868350983,-0.06831575185060501,-0.14309395849704742,0.15378227829933167,-0.6259034872055054,-0.34044522047042847,0.37308770418167114,-0.7039355635643005,0.2374764233827591,0.27828413248062134,-0.34189295768737793
1749033599.3345008,0.5047569870948792,-1.9081632099547328,1.2778223196612757,1.9164447027393798,-1.3832247892962855,1.2313604354858398,-0.08981870114803314,0.06738898903131485,-0.06755003333091736,-0.14262765645980835,0.15727126598358154,-0.6268189549446106,-0.35667678713798523,0.34907418489456177,-0.6924221515655518,0.21672798693180084,0.22101587057113647,-0.37700146436691284
1749033599.3345392,0.5045634508132935,-1.9080282650389613,1.2777288595782679,1.916156454677246,-1.382918659840719,1.2301299571990967,-0.09030883014202118,0.06741049140691757,-0.06565316766500473,-0.14365440607070923,0.15282560884952545,-0.6289766430854797,-0.3560751676559448,0.374059796333313,-0.7231077551841736,0.20469698309898376,0.2648175358772278,-0.39613306522369385
1749033599.3345768,0.5043913722038269,-1.9079343281187953,1.2776239554034632,1.9158686834522705,-1.3826082388507288,1.2288209199905396,-0.09049631655216217,0.06762281060218811,-0.06714102625846863,-0.1459917277097702,0.1516285240650177,-0.6314387917518616,-0.33880236744880676,0.3323044180870056,-0.7140900492668152,0.21833869814872742,0.2769009470939636,-0.3428773880004883
1749033599.3346143,0.5042434334754944,-1.9077798328795375,1.277457062398092,1.9155916410633544,-1.3822935263263147,1.2276074886322021,-0.09019839763641357,0.06693737208843231,-0.06710204482078552,-0.1463421881198883,0.1545364409685135,-0.6295063495635986,-0.3363954424858093,0.3686041235923767,-0.7227931618690491,0.23082205653190613,0.2554131746292114,-0.3553183674812317
1749033599.3346517,0.5040396451950073,-1.9076739750304164,1.277332607899801,1.915268822307251,-1.3820026556598108,1.226340651512146,-0.08988543599843979,0.0684104934334755,-0.06670767813920975,-0.14633390307426453,0.1510419249534607,-0.6299805045127869,-0.33870041370391846,0.3726772367954254,-0.7166649103164673,0.20806457102298737,0.29068541526794434,-0.33680903911590576
1749033599.3346922,0.5038265585899353,-1.9075232944884242,1.277177635823385,1.914996548289917,-1.3816760222064417,1.2250653505325317,-0.08922390639781952,0.06639284640550613,-0.06798765063285828,-0.1484859734773636,0.15323160588741302,-0.6308784484863281,-0.35065752267837524,0.3569626212120056,-0.7248543500900269,0.23268580436706543,0.2826554477214813,-0.3345678746700287
1749033599.3347309,0.5036437511444092,-1.907403131524557,1.2770608107196253,1.9147199827381591,-1.3814118544207972,1.22384774684906,-0.08901482075452805,0.06652829796075821,-0.06751110404729843,-0.14554990828037262,0.15570120513439178,-0.6299698948860168,-0.35066258907318115,0.3704279065132141,-0.7139083743095398,0.20730328559875488,0.2659628093242645,-0.37689197063446045
1749033599.3347676,0.5034762620925903,-1.9072438679137171,1.276916805897848,1.91443578779187,-1.3811472097979944,1.2225345373153687,-0.08873622864484787,0.06703642010688782,-0.06679277867078781,-0.14438538253307343,0.15735185146331787,-0.6301843523979187,-0.364131897687912,0.3493770360946655,-0.7236799001693726,0.21804773807525635,0.25897541642189026,-0.3273971676826477
1749033599.334804,0.5033283233642578,-1.907112260858053,1.2768247763263147,1.9141484934040527,-1.3807228247271937,1.221277117729187,-0.08872124552726746,0.06768607348203659,-0.06637920439243317,-0.1466967612504959,0.15926480293273926,-0.6288293600082397,-0.36908942461013794,0.358483225107193,-0.7119768261909485,0.2260926216840744,0.26292988657951355,-0.31675854325294495
1749033599.334841,0.5031419992446899,-1.9070335827269496,1.2766926924334925,1.9138414102741699,-1.3804548422442835,1.2200407981872559,-0.08883052319288254,0.06695416569709778,-0.06561949849128723,-0.14417283236980438,0.1610492616891861,-0.6279233694076538,-0.3464232087135315,0.37433627247810364,-0.7221953868865967,0.20689843595027924,0.22621837258338928,-0.3504481017589569
1749033599.3348775,0.5029668211936951,-1.9068762264647425,1.2765606085406702,1.91358129560437,-1.3801124731646937,1.2187600135803223,-0.08958865702152252,0.068125419318676,-0.06519433856010437,-0.145745187997818,0.15715262293815613,-0.6284139752388,-0.3648407757282257,0.3611263632774353,-0.7498242259025574,0.207914337515831,0.2361331731081009,-0.3303312063217163
1749033599.3349173,0.5027714967727661,-1.906719823876852,1.2764442602740687,1.9132770734974365,-1.379836384450094,1.2175143957138062,-0.08907300978899002,0.06853984296321869,-0.06516322493553162,-0.14886341989040375,0.15800908207893372,-0.6292258501052856,-0.3639976978302002,0.3328728973865509,-0.7483316659927368,0.20985649526119232,0.22575843334197998,-0.3427920937538147
1749033599.3349543,0.5026117563247681,-1.9065686664977015,1.2763240973102015,1.912977619762085,-1.379545036946432,1.2161962985992432,-0.08993975818157196,0.06780131906270981,-0.06587080657482147,-0.15070143342018127,0.15794040262699127,-0.6308702230453491,-0.35028207302093506,0.37379980087280273,-0.7485981583595276,0.21705499291419983,0.21015268564224243,-0.3609369397163391
1749033599.3349905,0.5024822354316711,-1.9064609012999476,1.2761924902545374,1.9126624304005126,-1.3791678587542933,1.2149791717529297,-0.08892033994197845,0.06954099982976913,-0.06677190959453583,-0.1512375771999359,0.15864598751068115,-0.6336174607276917,-0.34137457609176636,0.3366846442222595,-0.72562575340271,0.2213277518749237,0.19594134390354156,-0.2923613488674164
1749033599.335027,0.5022720694541931,-1.9063364468016566,1.2760527769671839,1.9123851495930175,-1.3788655439959925,1.2136893272399902,-0.08896943926811218,0.06589937955141068,-0.06487762928009033,-0.15648218989372253,0.15818428993225098,-0.6305311322212219,-0.3904452621936798,0.3720192015171051,-0.7539477944374084,0.25747746229171753,0.1967746764421463,-0.29251793026924133
1749033599.3350635,0.5020747780799866,-1.9062267742552699,1.2759087721454065,1.9120499330708007,-1.3785770575152796,1.212487816810608,-0.09157419949769974,0.06711108982563019,-0.06589145958423615,-0.15222600102424622,0.15528841316699982,-0.6266151070594788,-0.319850355386734,0.36077645421028137,-0.7829974889755249,0.22802020609378815,0.2185746729373932,-0.31975874304771423
1749033599.3351,0.5018989443778992,-1.9060679874815882,1.2757766882525843,1.911773367519043,-1.3782900015460413,1.211227536201477,-0.08862191438674927,0.06911128759384155,-0.0692065879702568,-0.15026827156543732,0.15345463156700134,-0.6236632466316223,-0.3826999366283417,0.31657689809799194,-0.716439962387085,0.2175275832414627,0.22208012640476227,-0.32163771986961365
1749033599.3351362,0.5017399191856384,-1.9059273205199183,1.2756217161761683,1.9114693838306884,-1.3779447714435022,1.209963083267212,-0.08882475644350052,0.06554777175188065,-0.06628244370222092,-0.15609677135944366,0.15323396027088165,-0.6235377788543701,-0.35996174812316895,0.3901939392089844,-0.7519094347953796,0.2700929045677185,0.25167930126190186,-0.3868822157382965
1749033599.3356843,0.5015607476234436,-1.905776163140768,1.2755125204669397,1.9111575323292236,-1.3776457945453089,1.2087229490280151,-0.08820398151874542,0.06949584186077118,-0.06668415665626526,-0.1515931785106659,0.15213227272033691,-0.630662739276886,-0.346431702375412,0.3574007749557495,-0.7507859468460083,0.24206258356571198,0.2579358220100403,-0.34750258922576904
1749033599.3376582,0.5013729333877563,-1.9056412182249964,1.2753804365741175,1.9108657079884033,-1.3773072401629847,1.2074322700500488,-0.08974757790565491,0.06804347038269043,-0.06807148456573486,-0.1515575796365738,0.15452705323696136,-0.630506157875061,-0.35239410400390625,0.33372849225997925,-0.7464518547058105,0.28109586238861084,0.24407297372817993,-0.2955106198787689
1749033599.3782835,0.5012018084526062,-1.9055315456786097,1.275233570729391,1.910550518626831,-1.3770459334002894,1.206238865852356,-0.08569508045911789,0.06697592884302139,-0.06800531595945358,-0.15070149302482605,0.15569943189620972,-0.629737377166748,-0.3665122389793396,0.33920353651046753,-0.7433247566223145,0.266605406999588,0.2211013287305832,-0.333647757768631
1749033599.3783314,0.5012018084526062,-1.9055315456786097,1.275233570729391,1.910550518626831,-1.3770459334002894,1.206238865852356,-0.08569508045911789,0.06697592884302139,-0.06800531595945358,-0.15070149302482605,0.15569943189620972,-0.629737377166748,-0.3665122389793396,0.33920353651046753,-0.7433247566223145,0.266605406999588,0.2211013287305832,-0.333647757768631
1749033599.378372,0.5010491609573364,-1.9053837261595667,1.2751086393939417,1.9103006559559326,-1.3767388502704065,1.2049357891082764,-0.08691170811653137,0.06648872047662735,-0.06768157333135605,-0.14963483810424805,0.15362906455993652,-0.6257123351097107,-0.3930206000804901,0.33624792098999023,-0.7492087483406067,0.266532301902771,0.21527937054634094,-0.3084266781806946
1749033599.3784118,0.5006577968597412,-1.9050976238646449,1.274832550679342,1.9096967416950683,-1.376066033040182,1.2024786472320557,-0.08793390542268753,0.067027248442173,-0.06752622872591019,-0.147928848862648,0.1536867618560791,-0.627668023109436,-0.38020890951156616,0.3286518156528473,-0.7383816838264465,0.2572007179260254,0.1997193992137909,-0.3777628540992737
1749033599.3784509,0.5005349516868591,-1.9049731693663539,1.2747319380389612,1.9093693929859619,-1.3758094946490687,1.201136827468872,-0.08888372778892517,0.06512972712516785,-0.06745123118162155,-0.1485457420349121,0.15022031962871552,-0.6313286423683167,-0.35673078894615173,0.3946431279182434,-0.751495897769928,0.2603127956390381,0.20372095704078674,-0.3132147789001465
1749033599.3784926,0.5002980828285217,-1.9048449001707972,1.2745526472674769,1.9090658861347656,-1.3754761854754847,1.1999304294586182,-0.08861805498600006,0.06631588935852051,-0.06835570186376572,-0.1492425501346588,0.15368340909481049,-0.6274710893630981,-0.34313035011291504,0.3789083659648895,-0.7336581349372864,0.27455878257751465,0.20441113412380219,-0.33916106820106506
1749033599.3785362,0.5001427531242371,-1.9047161541380824,1.2744525114642542,1.9087535577961425,-1.3751853148089808,1.1986714601516724,-0.08839472383260727,0.06896527856588364,-0.06854038685560226,-0.14907559752464294,0.15197378396987915,-0.6261844038963318,-0.3664547801017761,0.33765286207199097,-0.7338465452194214,0.26684433221817017,0.23693208396434784,-0.3763592839241028
1749033599.3785748,0.4999326765537262,-1.904553552667135,1.2742889563189905,1.908437891597412,-1.3748934904681605,1.1974294185638428,-0.0888005793094635,0.06580714136362076,-0.0681101456284523,-0.1495852917432785,0.15265250205993652,-0.6265676021575928,-0.3482694923877716,0.3450430631637573,-0.7395911812782288,0.2536202073097229,0.24488984048366547,-0.31756699085235596
1749033599.3786128,0.49974989891052246,-1.9044367275633753,1.274165455495016,1.9081341463276367,-1.3746379057513636,1.1961694955825806,-0.0886072963476181,0.06653635203838348,-0.06879910081624985,-0.15034697949886322,0.1541593372821808,-0.6243882775306702,-0.36094510555267334,0.37449535727500916,-0.709926426410675,0.2980465292930603,0.22591786086559296,-0.3781990706920624
1749033599.3786502,0.4996201694011688,-1.9042674503722132,1.2740338484393519,1.9078573423572998,-1.3743165175067347,1.1949307918548584,-0.08906448632478714,0.06614003330469131,-0.06695087254047394,-0.1475096046924591,0.15301187336444855,-0.629084050655365,-0.35127130150794983,0.35431909561157227,-0.7494706511497498,0.2803870439529419,0.2419191300868988,-0.3433069884777069
1749033599.378687,0.49942547082901,-1.904184957543844,1.2739241758929651,1.9075919824787597,-1.3740084807025355,1.1936237812042236,-0.08976033329963684,0.06657310575246811,-0.06614431738853455,-0.15004785358905792,0.15262864530086517,-0.6316317319869995,-0.3417450189590454,0.3587440550327301,-0.7598571181297302,0.2847974896430969,0.2383309155702591,-0.31560611724853516
1749033599.3787236,0.4992244243621826,-1.9040500126280726,1.2737887541400355,1.907237930888794,-1.3736942450152796,1.192389965057373,-0.08962706476449966,0.06657431274652481,-0.070259228348732,-0.1493178904056549,0.156840518116951,-0.6284685134887695,-0.34638163447380066,0.3400023281574249,-0.7186936736106873,0.3294736444950104,0.24299946427345276,-0.343064546585083
1749033599.378886,0.4991037845611572,-1.903875013391012,1.2736604849444788,1.9069537359425048,-1.3733208815204065,1.1911358833312988,-0.08777888119220734,0.0663159117102623,-0.06816886365413666,-0.14714786410331726,0.15498755872249603,-0.6280825138092041,-0.3727414011955261,0.36086395382881165,-0.7293105125427246,0.29833632707595825,0.21291786432266235,-0.31917762756347656
1749033599.3789256,0.4988812506198883,-1.9037586651244105,1.2735169569598597,1.9066812235065917,-1.372986141835348,1.189918875694275,-0.08795621991157532,0.06670943647623062,-0.06891877949237823,-0.14493964612483978,0.1539771556854248,-0.6242902874946594,-0.35686177015304565,0.3425157964229584,-0.729419469833374,0.29954594373703003,0.22505080699920654,-0.35631367564201355
1749033599.3789632,0.49872222542762756,-1.903642316857809,1.2733572165118616,1.9064044195362548,-1.3726828734027308,1.188668131828308,-0.08655805885791779,0.06605534255504608,-0.06946481764316559,-0.1429566890001297,0.15637308359146118,-0.6274847984313965,-0.3612428903579712,0.3465196490287781,-0.7190455794334412,0.2920501232147217,0.19858434796333313,-0.3861842453479767
1749033599.3790007,0.4985225200653076,-1.9034449062743128,1.2732060591327112,1.9060816007801513,-1.3723323980914515,1.1873224973678589,-0.08651868999004364,0.06642349809408188,-0.06834748387336731,-0.1417418271303177,0.1533937007188797,-0.6310025453567505,-0.4074591100215912,0.3628680408000946,-0.7446749806404114,0.24889147281646729,0.20596885681152344,-0.3044682741165161
1749033599.3790374,0.4983704090118408,-1.90338196376943,1.2730963865863245,1.905817909831665,-1.372035328541891,1.1861361265182495,-0.0905321016907692,0.06675148755311966,-0.06839478760957718,-0.14264169335365295,0.1536720246076584,-0.6293937563896179,-0.35221487283706665,0.3376830518245697,-0.7160321474075317,0.26061731576919556,0.1906089186668396,-0.35798269510269165
1749033599.3790772,0.4981873035430908,-1.9032155476012171,1.2729490439044397,1.9055144029804687,-1.3717501799212855,1.1848609447479248,-0.08848253637552261,0.06750163435935974,-0.06853234022855759,-0.143316850066185,0.1519748717546463,-0.6287418603897095,-0.36796003580093384,0.3544015884399414,-0.7224532961845398,0.2688254714012146,0.19296440482139587,-0.36054620146751404
1749033599.3791144,0.4980396330356598,-1.9031177959837855,1.2728293577777308,1.9052457052418212,-1.3713896910296839,1.1835335493087769,-0.0920770913362503,0.0675734281539917,-0.06821353733539581,-0.14709410071372986,0.1510591357946396,-0.6286421418190002,-0.3633575141429901,0.3249126672744751,-0.7169565558433533,0.28616803884506226,0.2073902189731598,-0.33582282066345215
1749033599.3791506,0.49783241748809814,-1.902982851068014,1.2726576964007776,1.9049529272266845,-1.3710716406451624,1.1823159456253052,-0.08826570957899094,0.06683436781167984,-0.0680437982082367,-0.14483115077018738,0.14918501675128937,-0.6252030730247498,-0.3447837829589844,0.325518399477005,-0.7400625348091125,0.2524906396865845,0.20183613896369934,-0.410130113363266
1749033599.379645,0.49763402342796326,-1.9028545818724574,1.2725184599505823,1.9046694475361328,-1.3707683722125452,1.181094765663147,-0.08849462121725082,0.0672367587685585,-0.06794891506433487,-0.14558422565460205,0.14870014786720276,-0.6267910003662109,-0.3857504427433014,0.33551689982414246,-0.7356505393981934,0.2594349980354309,0.20940421521663666,-0.36120402812957764
1749033599.3816125,0.4974861145019531,-1.902680059472555,1.2724164167987269,1.904369755382202,-1.3705080191241663,1.1797878742218018,-0.08913630247116089,0.06619997322559357,-0.06804466992616653,-0.14934363961219788,0.14818865060806274,-0.6290837526321411,-0.3938225507736206,0.36074206233024597,-0.7230525612831116,0.2916451692581177,0.2046971470117569,-0.36194169521331787
1749033599.4222887,0.4973224401473999,-1.9025823078551234,1.2722895781146448,1.9040815073200683,-1.3701942602740687,1.1785151958465576,-0.08851450681686401,0.06613399088382721,-0.0677647516131401,-0.14651422202587128,0.1483456790447235,-0.6291564106941223,-0.3641033470630646,0.3586871922016144,-0.7260587215423584,0.2781793475151062,0.22729402780532837,-0.37698206305503845
1749033599.4223354,0.49710917472839355,-1.9024316273131312,1.27216083208193,1.9037656027027587,-1.3699348608600062,1.1773045063018799,-0.09211143851280212,0.06851787120103836,-0.07060776650905609,-0.14714892208576202,0.14885973930358887,-0.6325386762619019,-0.3113919496536255,0.3623015284538269,-0.7219609618186951,0.29265978932380676,0.21126222610473633,-0.3088821768760681
1749033599.422379,0.49695244431495667,-1.9022494755186976,1.2720053831683558,1.903447075481079,-1.369666878377096,1.1760611534118652,-0.08911433815956116,0.06634385883808136,-0.06796029210090637,-0.14834411442279816,0.1523360013961792,-0.6294006705284119,-0.3739578127861023,0.3204416036605835,-0.6948473453521729,0.2937590479850769,0.218480184674263,-0.34723103046417236
1749033599.4224188,0.49678516387939453,-1.9021436176695765,1.2718537489520472,1.9031664568134765,-1.3693879286395472,1.174794316291809,-0.09146177768707275,0.06508193910121918,-0.06647420674562454,-0.14823664724826813,0.1493760049343109,-0.6298859715461731,-0.31681445240974426,0.35839423537254333,-0.7187651991844177,0.31366345286369324,0.2244243621826172,-0.3781793713569641
1749033599.4224575,0.4965902268886566,-1.9020048580565394,1.2717374006854456,1.9028345781513671,-1.3690722624408167,1.1735011339187622,-0.0877271518111229,0.06785298138856888,-0.06818263232707977,-0.14787547290325165,0.14820292592048645,-0.6325652599334717,-0.3409299850463867,0.36872434616088867,-0.7070764899253845,0.31371015310287476,0.23819474875926971,-0.32481420040130615
1749033599.4224977,0.49639594554901123,-1.9018765888609828,1.2716096083270472,1.9025346475788574,-1.3687403837787073,1.1722643375396729,-0.08843652904033661,0.06901092082262039,-0.0673835426568985,-0.14689144492149353,0.15328063070774078,-0.6306660771369934,-0.3860699236392975,0.2910280227661133,-0.7221416234970093,0.2944105267524719,0.24149397015571594,-0.3493954837322235
1749033599.4225354,0.4962829053401947,-1.9017602405943812,1.2714546362506312,1.902231140727661,-1.3684900442706507,1.1709836721420288,-0.08837752789258957,0.0653759092092514,-0.06606196612119675,-0.1488301306962967,0.1523832231760025,-0.6304046511650085,-0.3526502847671509,0.34001612663269043,-0.7334628105163574,0.31936782598495483,0.2390962541103363,-0.3388705849647522
1749033599.422573,0.4960494041442871,-1.9015971622862757,1.2713378111468714,1.9019545751759033,-1.3681095282184046,1.1697148084640503,-0.08861178904771805,0.06604614108800888,-0.0665121078491211,-0.14820577204227448,0.15396149456501007,-0.6289249658584595,-0.36984705924987793,0.36552736163139343,-0.7392517328262329,0.33877021074295044,0.25761473178863525,-0.312125027179718
1749033599.4226103,0.49591660499572754,-1.90150847057485,1.2711904684649866,1.9016236501881103,-1.3678801695453089,1.168480634689331,-0.08931399881839752,0.06673572957515717,-0.06659010052680969,-0.14512869715690613,0.1558411419391632,-0.6281234622001648,-0.37525248527526855,0.3212975859642029,-0.726770281791687,0.2923748195171356,0.2267249971628189,-0.38830193877220154
1749033599.4226472,0.4957526624202728,-1.901374956170553,1.2710626761065882,1.9013547140308837,-1.3675225416766565,1.1672369241714478,-0.09019073843955994,0.06802051514387131,-0.06675390899181366,-0.14812800288200378,0.1569550335407257,-0.629410445690155,-0.35362473130226135,0.3136436343193054,-0.7382311820983887,0.33806440234184265,0.2347913533449173,-0.3393910527229309
1749033599.4226906,0.4955507218837738,-1.9011980495848597,1.2709386984454554,1.9010426241108398,-1.3671682516681116,1.165940761566162,-0.08984674513339996,0.06687318533658981,-0.06677830219268799,-0.14349378645420074,0.15770161151885986,-0.6287209391593933,-0.3450186848640442,0.322433739900589,-0.7253310680389404,0.29884085059165955,0.22976014018058777,-0.34287363290786743
1749033599.4227326,0.49536004662513733,-1.901076456109518,1.2707861105548304,1.9007631975361328,-1.3668769041644495,1.164708137512207,-0.08987592905759811,0.06621666997671127,-0.06674239784479141,-0.142135351896286,0.15649563074111938,-0.6284261345863342,-0.36080610752105713,0.3641880452632904,-0.7452288269996643,0.29386821389198303,0.21389517188072205,-0.366963267326355
1749033599.4227724,0.49518799781799316,-1.9009953937926234,1.2706974188434046,1.9005059438892822,-1.3665431181537073,1.1634334325790405,-0.08981510251760483,0.0686727911233902,-0.06804554909467697,-0.1465063840150833,0.1581147462129593,-0.6294226050376892,-0.35535311698913574,0.3519439101219177,-0.7333540916442871,0.3348470628261566,0.20986276865005493,-0.33404541015625
1749033599.4228094,0.49500513076782227,-1.9008132419981898,1.2705028692828577,1.9001785951801757,-1.3662822882281702,1.1621754169464111,-0.08927437663078308,0.06511053442955017,-0.06795316934585571,-0.1446787267923355,0.1534842848777771,-0.6305616497993469,-0.36631038784980774,0.34282514452934265,-0.7198654413223267,0.3136884570121765,0.21311292052268982,-0.36066991090774536
1749033599.4228458,0.4948270320892334,-1.9006654224791468,1.2703660170184534,1.8998908239552001,-1.365936581288473,1.1609694957733154,-0.08922187983989716,0.06486890465021133,-0.06771101802587509,-0.14369578659534454,0.15002498030662537,-0.6315425634384155,-0.3628309965133667,0.35906586050987244,-0.7206417322158813,0.3214653730392456,0.2516874074935913,-0.370464026927948
1749033599.4228828,0.49462375044822693,-1.9005457363524378,1.2702463308917444,1.8996617037006835,-1.3656743208514612,1.1596441268920898,-0.08966448158025742,0.06821504235267639,-0.06770361214876175,-0.14236663281917572,0.15264688432216644,-0.6328608989715576,-0.389371395111084,0.34633827209472656,-0.7232719659805298,0.31081557273864746,0.2530665695667267,-0.344829797744751
1749033599.422924,0.4944486618041992,-1.9004208050169886,1.2701109091388147,1.8993729788013916,-1.365298096333639,1.1583951711654663,-0.08901245892047882,0.06679152697324753,-0.06854259967803955,-0.14211946725845337,0.15169665217399597,-0.6326912045478821,-0.3855983018875122,0.3136942386627197,-0.7134093046188354,0.29716694355010986,0.23985934257507324,-0.382421612739563
1749033599.4229612,0.49430036544799805,-1.9002353153624476,1.2699978987323206,1.899066610927246,-1.3649762312518519,1.15716552734375,-0.09102137386798859,0.06684867292642593,-0.06541448086500168,-0.14379464089870453,0.15298877656459808,-0.6336164474487305,-0.32175734639167786,0.3421764075756073,-0.7350946068763733,0.2969948649406433,0.20818503201007843,-0.34403014183044434
1749033599.422998,0.4940972328186035,-1.9001313648619593,1.269862476979391,1.89878694593396,-1.364687744771139,1.1558635234832764,-0.08796689659357071,0.06634503602981567,-0.06561454385519028,-0.14563150703907013,0.1542484164237976,-0.6330700516700745,-0.39139866828918457,0.3470466136932373,-0.7598164081573486,0.28768205642700195,0.2141256332397461,-0.3478317856788635
1749033599.4230344,0.4939107894897461,-1.9000216923155726,1.2697303930865687,1.8984986978718261,-1.3643377462970179,1.1546263694763184,-0.09188327193260193,0.06640161573886871,-0.0677100419998169,-0.1438196748495102,0.15554076433181763,-0.6347435116767883,-0.33581021428108215,0.3529391884803772,-0.733178436756134,0.27770596742630005,0.20578286051750183,-0.3644905090332031
1749033599.423681,0.4937349259853363,-1.899893423120016,1.269602123891012,1.8981630045124511,-1.3640735785113733,1.1533217430114746,-0.0878361314535141,0.06764404475688934,-0.06468603014945984,-0.14858590066432953,0.15459640324115753,-0.6373026371002197,-0.38094276189804077,0.33745139837265015,-0.7650150060653687,0.3018110990524292,0.2004452645778656,-0.2903783917427063
1749033599.425644,0.49357178807258606,-1.8997494182982386,1.269454304371969,1.897901936168335,-1.3637741247760218,1.1520466804504395,-0.08828828483819962,0.06708405166864395,-0.06545422226190567,-0.14413072168827057,0.15325666964054108,-0.6349048614501953,-0.3548046350479126,0.3243337869644165,-0.7644737362861633,0.3031318783760071,0.20359531044960022,-0.27716076374053955
1749033599.4664981,0.4933960437774658,-1.899625917474264,1.2693193594561976,1.8975910383411865,-1.3635099569903772,1.1507821083068848,-0.08753514289855957,0.06660839915275574,-0.0662829652428627,-0.14438635110855103,0.15086723864078522,-0.6310014724731445,-0.39976629614830017,0.3459751009941101,-0.7600304484367371,0.26782283186912537,0.2261751890182495,-0.3434188663959503
1749033599.4665747,0.49325671792030334,-1.8994671307005824,1.269191090260641,1.897310419673584,-1.36314565340151,1.149545669555664,-0.0879938080906868,0.06769368797540665,-0.06593894958496094,-0.1488036960363388,0.14826416969299316,-0.627903401851654,-0.38883501291275024,0.33832383155822754,-0.7665923833847046,0.29764115810394287,0.2426486313343048,-0.30493783950805664
1749033599.4666362,0.4930349290370941,-1.8993193111815394,1.2690861860858362,1.8969787794300537,-1.3628652731524866,1.1482895612716675,-0.08891498297452927,0.06855110079050064,-0.06641018390655518,-0.14519008994102478,0.1507471650838852,-0.6268377900123596,-0.3735485076904297,0.30817312002182007,-0.7512112855911255,0.28733015060424805,0.25671160221099854,-0.3691978454589844
1749033599.466704,0.49290990829467773,-1.899191518823141,1.2689035574542444,1.8966986375996093,-1.3625472227679651,1.1470626592636108,-0.08819460868835449,0.06807027012109756,-0.06684979051351547,-0.1471412032842636,0.15072821080684662,-0.631026029586792,-0.36407536268234253,0.2656176686286926,-0.7682951092720032,0.2813303470611572,0.22171524167060852,-0.34506845474243164
1749033599.4667745,0.4926799237728119,-1.89904846767568,1.2687981764422815,1.8964261251636962,-1.3622515837298792,1.145775318145752,-0.08742239326238632,0.0672059878706932,-0.06731681525707245,-0.1454080045223236,0.15016935765743256,-0.633614718914032,-0.3748547434806824,0.33949336409568787,-0.7764685750007629,0.3007645606994629,0.22273972630500793,-0.31072568893432617
1749033599.4668474,0.49250125885009766,-1.8989116154112757,1.2686541716205042,1.8961190420338134,-1.3619478384601038,1.144562840461731,-0.09095368534326553,0.06704182922840118,-0.06709827482700348,-0.1457555741071701,0.15590350329875946,-0.6306502223014832,-0.33321380615234375,0.31449347734451294,-0.7590210437774658,0.29407238960266113,0.22749288380146027,-0.3213135004043579
1749033599.4669108,0.49234992265701294,-1.8987957439818324,1.268510643635885,1.8958303171345214,-1.3616369406329554,1.143251895904541,-0.08833930641412735,0.06714419275522232,-0.06811526417732239,-0.14475834369659424,0.1535472273826599,-0.6299805045127869,-0.399443119764328,0.33264485001564026,-0.7677755951881409,0.2818186581134796,0.22612540423870087,-0.3418995141983032
1749033599.4669738,0.49214982986450195,-1.8986479244627894,1.2683280150042933,1.8955465990253906,-1.3613274733172815,1.141951560974121,-0.08918917924165726,0.06703875213861465,-0.06827700883150101,-0.14670561254024506,0.15476566553115845,-0.6283868551254272,-0.34582510590553284,0.31113308668136597,-0.7468866109848022,0.2803647220134735,0.20773282647132874,-0.33662188053131104
1749033599.4670303,0.49197396636009216,-1.898543497125143,1.2682068983661097,1.8952621656605224,-1.3610041777240198,1.1407066583633423,-0.0890449658036232,0.06631416827440262,-0.06814850121736526,-0.1463625580072403,0.15561631321907043,-0.6279569864273071,-0.36949819326400757,0.3307949900627136,-0.7259908318519592,0.2824186682701111,0.21167434751987457,-0.4056936502456665
1749033599.467071,0.4918656349182129,-1.8984271488585414,1.2680752913104456,1.8949822622486572,-1.3607209364520472,1.139484167098999,-0.08918488025665283,0.06562555581331253,-0.0674285814166069,-0.14622947573661804,0.1563928872346878,-0.6319230198860168,-0.3869684934616089,0.3392217755317688,-0.7365319132804871,0.27595579624176025,0.1922559142112732,-0.3281188905239105
1749033599.4671092,0.49163612723350525,-1.898268838922018,1.2679274717914026,1.8946949678608398,-1.3604186216937464,1.1381841897964478,-0.08963161706924438,0.06982170790433884,-0.06801354140043259,-0.14916463196277618,0.15382729470729828,-0.6328850388526917,-0.38601651787757874,0.2962052524089813,-0.737156331539154,0.28169259428977966,0.21853089332580566,-0.3247082531452179
1749033599.4671466,0.49143314361572266,-1.898144384423727,1.267799202595846,1.8944107729145507,-1.3600757757769983,1.1369279623031616,-0.08908013999462128,0.06508772075176239,-0.06784363836050034,-0.14562444388866425,0.1511833667755127,-0.6297453045845032,-0.34979555010795593,0.3378439247608185,-0.7275438904762268,0.29275521636009216,0.2298363596200943,-0.3293949365615845
1749033599.467184,0.49125489592552185,-1.8980165920653285,1.267667595540182,1.894127293223999,-1.3598030249225062,1.13568913936615,-0.0876607596874237,0.06460194289684296,-0.06669390946626663,-0.14605894684791565,0.14938074350357056,-0.6272477507591248,-0.3980843126773834,0.37176281213760376,-0.7509147524833679,0.2603774070739746,0.26142197847366333,-0.3246830105781555
1749033599.4672215,0.491067111492157,-1.8978997669615687,1.2675474325763147,1.893826885814331,-1.3595250288592737,1.1344835758209229,-0.08749602735042572,0.06825454533100128,-0.06638504564762115,-0.15150661766529083,0.153114914894104,-0.6255196332931519,-0.3899824023246765,0.33077386021614075,-0.7419106960296631,0.292561411857605,0.2518985867500305,-0.3593728542327881
1749033599.4672596,0.49096593260765076,-1.897752424279684,1.2673757711993616,1.8935548502155761,-1.3591864744769495,1.1332000494003296,-0.087270587682724,0.06502321362495422,-0.07039216160774231,-0.1488553136587143,0.1516767144203186,-0.6306458115577698,-0.39731091260910034,0.3387805223464966,-0.7031739354133606,0.2719563841819763,0.255800724029541,-0.3786027431488037
1749033599.467298,0.4907568395137787,-1.8975898228087367,1.2672627607928675,1.8932623106190185,-1.3588631788836878,1.1319403648376465,-0.08709616959095001,0.06591644138097763,-0.06680101156234741,-0.14932426810264587,0.15125513076782227,-0.6329284310340881,-0.39882487058639526,0.3350539803504944,-0.736503541469574,0.29395201802253723,0.259967565536499,-0.2981754541397095
1749033599.467336,0.4905853271484375,-1.8974524937071742,1.2671273390399378,1.8929390150257568,-1.3585799376117151,1.1306555271148682,-0.0872892364859581,0.06770680844783783,-0.06752049922943115,-0.14906571805477142,0.1561037003993988,-0.6296303868293762,-0.41226813197135925,0.3339381515979767,-0.7287617921829224,0.2996485233306885,0.23389917612075806,-0.35957905650138855
1749033599.4673734,0.4904109239578247,-1.8973103962340296,1.266979996358053,1.892639084453247,-1.3582890669452112,1.1294220685958862,-0.08717960119247437,0.06570526212453842,-0.06781108677387238,-0.15007451176643372,0.15375980734825134,-0.6281095743179321,-0.38070017099380493,0.3369779884815216,-0.7202687859535217,0.28541022539138794,0.22956527769565582,-0.31821408867836
1749033599.46741,0.4901995062828064,-1.897212644616598,1.2668550650226038,1.8923124509998779,-1.3580129782306116,1.12814462184906,-0.09083147346973419,0.06615334004163742,-0.06780554354190826,-0.15240442752838135,0.1549306958913803,-0.6265666484832764,-0.3427167534828186,0.35670962929725647,-0.7207637429237366,0.2950047552585602,0.24362078309059143,-0.3488101363182068
1749033599.467447,0.49004051089286804,-1.897069593469137,1.2667120138751429,1.8920118051716308,-1.3576520125018519,1.126911997795105,-0.088147833943367,0.06624680012464523,-0.06775921583175659,-0.1529144048690796,0.1544146090745926,-0.6258372068405151,-0.36380162835121155,0.32396090030670166,-0.7121611833572388,0.30970317125320435,0.2351347953081131,-0.3647095561027527
1749033599.4676921,0.4898681938648224,-1.8969060383238734,1.2665875593768519,1.8917347627827148,-1.3574031035052698,1.1256132125854492,-0.09168066084384918,0.06559395045042038,-0.06798027455806732,-0.15195195376873016,0.1546163111925125,-0.6292368769645691,-0.358052134513855,0.33838772773742676,-0.7096879482269287,0.2941950857639313,0.2518967092037201,-0.32933372259140015
1749033599.4696715,0.4896550178527832,-1.8968121014037074,1.2664397398578089,1.8914226728626709,-1.3570459524737757,1.1242915391921997,-0.08728927373886108,0.06636712700128555,-0.06725785881280899,-0.1529855877161026,0.15540538728237152,-0.6282697916030884,-0.38138705492019653,0.3633630871772766,-0.7257848381996155,0.3158590495586395,0.2541649341583252,-0.31572285294532776
1749033599.5102766,0.4895055592060089,-1.8966547451415003,1.266351048146383,1.891122742290161,-1.3567145506488245,1.123043179512024,-0.0888102725148201,0.06727217882871628,-0.06635892391204834,-0.14838090538978577,0.15498995780944824,-0.6261693239212036,-0.3654014468193054,0.2949235737323761,-0.7070204019546509,0.3076605498790741,0.2446233332157135,-0.32733672857284546
1749033599.510323,0.4893069565296173,-1.8965097866454066,1.2662070433246058,1.8908347326466064,-1.35638934770693,1.1217961311340332,-0.08944228291511536,0.06538470089435577,-0.0652025118470192,-0.14568449556827545,0.15406888723373413,-0.625013530254364,-0.35191941261291504,0.3485300838947296,-0.7260947227478027,0.3041374087333679,0.24599042534828186,-0.3038741946220398
1749033599.5103648,0.4891121983528137,-1.8963943920531214,1.2660682837115687,1.8905469614216308,-1.3561270872699183,1.1205350160598755,-0.08846709877252579,0.06580846756696701,-0.0671214610338211,-0.15060752630233765,0.1544041633605957,-0.6200451254844666,-0.35896530747413635,0.32365477085113525,-0.7229878306388855,0.31331849098205566,0.24058158695697784,-0.34052568674087524
1749033599.510404,0.4889722168445587,-1.8962379894652308,1.265940014516012,1.890239639873169,-1.3558366934405726,1.1193114519119263,-0.08724043518304825,0.06924626976251602,-0.06467974185943604,-0.14552158117294312,0.15693239867687225,-0.6218279600143433,-0.37220343947410583,0.2895528972148895,-0.7203206419944763,0.31169694662094116,0.21373726427555084,-0.36671602725982666
1749033599.5104425,0.48874711990356445,-1.8961497745909632,1.2658079306231897,1.8899678426929931,-1.3555262724505823,1.1180918216705322,-0.08994872123003006,0.06407125294208527,-0.06378684192895889,-0.14590391516685486,0.15381549298763275,-0.6244860887527466,-0.356285035610199,0.36673450469970703,-0.7540684938430786,0.2796589732170105,0.22672878205776215,-0.2855915427207947
1749033599.5104804,0.4886213541030884,-1.8960138760008753,1.2656720320331019,1.889667196864746,-1.3552120367633265,1.1168216466903687,-0.08577506244182587,0.0670756846666336,-0.06627596169710159,-0.14416596293449402,0.15459349751472473,-0.6222140789031982,-0.35520559549331665,0.3050764203071594,-0.7513225674629211,0.30669930577278137,0.25196394324302673,-0.3309541344642639
1749033599.510518,0.488429993391037,-1.8958546123900355,1.265559498463766,1.8893791872211914,-1.3549206892596644,1.1156256198883057,-0.08611752837896347,0.0667438879609108,-0.06581088155508041,-0.14347322285175323,0.15478594601154327,-0.6223548650741577,-0.4094301760196686,0.32256412506103516,-0.7369667887687683,0.27886220812797546,0.23426268994808197,-0.3292867839336395
1749033599.510555,0.4882090985774994,-1.8957416019835414,1.2654121557818812,1.8891028600880126,-1.3546178976642054,1.1143791675567627,-0.08837714791297913,0.06686779856681824,-0.06593924015760422,-0.14208738505840302,0.15344351530075073,-0.623024046421051,-0.3496018052101135,0.31130465865135193,-0.7375078201293945,0.25678110122680664,0.25521451234817505,-0.34927332401275635
1749033599.5105927,0.48806431889533997,-1.8956099949278773,1.2652986685382288,1.888796253795288,-1.354323689137594,1.1131300926208496,-0.08624216914176941,0.0672370046377182,-0.06710871309041977,-0.14434725046157837,0.15388599038124084,-0.6235589385032654,-0.3835822343826294,0.30445003509521484,-0.713830828666687,0.28226059675216675,0.26167428493499756,-0.36418360471725464
1749033599.51063,0.4878714382648468,-1.895503660241598,1.2651274839984339,1.8885151582905273,-1.3540080229388636,1.1118439435958862,-0.08678203076124191,0.06677865236997604,-0.0667671337723732,-0.14362464845180511,0.1544063240289688,-0.624911367893219,-0.38393324613571167,0.3016313314437866,-0.7235392332077026,0.2501467764377594,0.2535369098186493,-0.3238305151462555
1749033599.510667,0.4877217411994934,-1.8952962360777796,1.2650039831744593,1.888199730510376,-1.3537314573871058,1.1106327772140503,-0.08640917390584946,0.06645683944225311,-0.06632065773010254,-0.14456340670585632,0.15309196710586548,-0.6250914931297302,-0.3759935796260834,0.3134690523147583,-0.710182785987854,0.26558464765548706,0.27372944355010986,-0.3246464133262634
1749033599.5107036,0.4875164031982422,-1.8952175579466761,1.2648757139789026,1.8879152971455078,-1.3533895651446741,1.1093417406082153,-0.08678983896970749,0.06635940074920654,-0.06677760928869247,-0.14255118370056152,0.15338130295276642,-0.6232395172119141,-0.3775455355644226,0.3196849524974823,-0.7261262536048889,0.26228660345077515,0.29031136631965637,-0.3599107265472412
1749033599.51074,0.48737162351608276,-1.8950516186156214,1.2647436300860804,1.8875962930866699,-1.353102986012594,1.1081246137619019,-0.08733109384775162,0.06558117270469666,-0.06584657728672028,-0.1455724835395813,0.15361477434635162,-0.6218286752700806,-0.357830286026001,0.3234982490539551,-0.7290131449699402,0.2713342308998108,0.27699196338653564,-0.30827856063842773
1749033599.510776,0.48716121912002563,-1.8949195347227992,1.264599625264303,1.8873390394398193,-1.3527653853045862,1.1068713665008545,-0.08679331094026566,0.06497818231582642,-0.0659983679652214,-0.14216256141662598,0.15871873497962952,-0.6227537989616394,-0.36415669322013855,0.3205625116825104,-0.7171943187713623,0.2374555766582489,0.27196618914604187,-0.3761143088340759
1749033599.5108128,0.48697900772094727,-1.8948260746397914,1.2644637266742151,1.8870629507252197,-1.3524487654315394,1.1056123971939087,-0.08728568255901337,0.06451399624347687,-0.06582917273044586,-0.14247430860996246,0.1567903608083725,-0.6246386766433716,-0.3689195513725281,0.34108373522758484,-0.7285187244415283,0.24215318262577057,0.24320289492607117,-0.3653186857700348
1749033599.5108497,0.48681163787841797,-1.8946644268431605,1.2643478552447718,1.88678686201062,-1.352173153554098,1.1043733358383179,-0.0877106711268425,0.06535375118255615,-0.0657757967710495,-0.14746278524398804,0.1556442230939865,-0.6261956095695496,-0.3660803735256195,0.33648234605789185,-0.721307635307312,0.293381005525589,0.2523267865180969,-0.357247531414032
1749033599.5108867,0.4866984188556671,-1.8945466480650843,1.2642000357257288,1.8864640432545166,-1.3518036047564905,1.1031473875045776,-0.08793802559375763,0.06637199223041534,-0.06592821329832077,-0.14465546607971191,0.1596956104040146,-0.6254611015319824,-0.3421323895454407,0.31835904717445374,-0.7407388091087341,0.26154401898384094,0.2211519032716751,-0.3492929935455322
1749033599.5109236,0.4864565134048462,-1.8943950138487757,1.2640908400165003,1.8861560064503173,-1.3515203634845179,1.1019047498703003,-0.08806734532117844,0.06557647138834,-0.06578294932842255,-0.14642055332660675,0.15727132558822632,-0.6262950897216797,-0.32532158493995667,0.30776578187942505,-0.7346231341362,0.25312936305999756,0.24879887700080872,-0.3580614924430847
1749033599.5109627,0.48633962869644165,-1.8942586384215296,1.26393968263735,1.8858677583881835,-1.3511975447284144,1.1006344556808472,-0.08563092350959778,0.06558239459991455,-0.06586869060993195,-0.14448265731334686,0.15569105744361877,-0.627314567565918,-0.39786434173583984,0.32132643461227417,-0.7335025668144226,0.28012874722480774,0.21696656942367554,-0.32975760102272034
1749033599.5110083,0.4861685633659363,-1.8941389522948207,1.263791863118307,1.8855997759052734,-1.3508747259723108,1.099390983581543,-0.09033121913671494,0.0671919584274292,-0.0650099515914917,-0.14465998113155365,0.1552329957485199,-0.6270825266838074,-0.3432637155056,0.3062312602996826,-0.7456004023551941,0.2483287751674652,0.24913057684898376,-0.3744172155857086
1749033599.5117025,0.48596182465553284,-1.8939758739867152,1.263648811970846,1.8853191572376709,-1.3505476156817835,1.0981160402297974,-0.08637526631355286,0.06422638893127441,-0.06786869466304779,-0.14457301795482635,0.1543842852115631,-0.6280676126480103,-0.39531445503234863,0.3072117865085602,-0.7154861688613892,0.25449395179748535,0.24414929747581482,-0.3540859818458557
1749033599.5136292,0.48579511046409607,-1.8938528499998988,1.2635439077960413,1.8850156503864746,-1.3502677122699183,1.0969024896621704,-0.08744415640830994,0.06494632363319397,-0.06461087614297867,-0.1462918072938919,0.1547785997390747,-0.6278007626533508,-0.39565950632095337,0.32837897539138794,-0.7295198440551758,0.2612347900867462,0.23031538724899292,-0.3102753460407257
1749033599.554276,0.48561951518058777,-1.8936859569945277,1.263399902974264,1.8847238260456542,-1.3499730269061487,1.0956355333328247,-0.08716124296188354,0.06825562566518784,-0.0636056661605835,-0.14980095624923706,0.1560777872800827,-0.627713143825531,-0.33934900164604187,0.2652006149291992,-0.73853600025177,0.271331250667572,0.2216414511203766,-0.3545534312725067
1749033599.5543227,0.4854280948638916,-1.893564840356344,1.2632644812213343,1.8843964773365478,-1.349642578755514,1.094377875328064,-0.08705826848745346,0.06428318470716476,-0.06649994850158691,-0.14972443878650665,0.15532098710536957,-0.6286370754241943,-0.3781266510486603,0.32847627997398376,-0.7376043200492859,0.29047197103500366,0.19132967293262482,-0.3301224112510681
1749033599.5543642,0.4852326810359955,-1.8934060535826625,1.2631481329547327,1.8841001230427246,-1.3493741194354456,1.0930769443511963,-0.08815669268369675,0.06615512073040009,-0.06549079716205597,-0.14746195077896118,0.15341782569885254,-0.6290576457977295,-0.3597697913646698,0.3260926306247711,-0.70754474401474,0.26939231157302856,0.21978014707565308,-0.36181432008743286
1749033599.5544038,0.48506587743759155,-1.8933545551695765,1.2629812399493616,1.883824034328125,-1.3490517775165003,1.0918642282485962,-0.0881546288728714,0.06695643812417984,-0.06433556973934174,-0.14870354533195496,0.15479886531829834,-0.6317322850227356,-0.3337772786617279,0.29963353276252747,-0.7570925951004028,0.2659049928188324,0.22747191786766052,-0.3395453989505768
1749033599.5544422,0.48506587743759155,-1.8933545551695765,1.2629812399493616,1.883824034328125,-1.3490517775165003,1.0918642282485962,-0.0881546288728714,0.06695643812417984,-0.06433556973934174,-0.14870354533195496,0.15479886531829834,-0.6317322850227356,-0.3337772786617279,0.29963353276252747,-0.7570925951004028,0.2659049928188324,0.22747191786766052,-0.3395453989505768
1749033599.55448,0.48487481474876404,-1.893200536767477,1.2628801504718226,1.8835159975239257,-1.3487537542926233,1.0905823707580566,-0.0868295356631279,0.0664433017373085,-0.06408050656318665,-0.14568103849887848,0.15178672969341278,-0.6340309977531433,-0.38177213072776794,0.3134353756904602,-0.7785519361495972,0.2613898515701294,0.23464350402355194,-0.2964407205581665
1749033599.5545182,0.4845595955848694,-1.8929296932616175,1.2626360098468226,1.8829755026051025,-1.3481486479388636,1.088076114654541,-0.08874250203371048,0.06596400588750839,-0.06519578397274017,-0.14544877409934998,0.1542832851409912,-0.6265789270401001,-0.37093645334243774,0.30661720037460327,-0.7665289640426636,0.2513936758041382,0.2564823031425476,-0.32251203060150146
1749033599.5545564,0.48440057039260864,-1.8928119144835414,1.2624920050250452,1.8826917844959716,-1.3478687445269983,1.0868455171585083,-0.08628116548061371,0.06486406922340393,-0.06542732566595078,-0.14684604108333588,0.15397024154663086,-0.6261148452758789,-0.36944758892059326,0.3229601979255676,-0.7624434232711792,0.26237815618515015,0.2379779815673828,-0.3320991098880768
1749033599.5545948,0.4841580390930176,-1.892679830590719,1.2623489538775843,1.8823854166218261,-1.347560230885641,1.0855423212051392,-0.087174192070961,0.06460172683000565,-0.06539322435855865,-0.14664269983768463,0.15659354627132416,-0.6252623200416565,-0.3951127231121063,0.3206394910812378,-0.7627859711647034,0.25673210620880127,0.23312772810459137,-0.3643365502357483
1749033599.5546331,0.48402997851371765,-1.8925305805602015,1.2622364203082483,1.8820966917225341,-1.3471925894366663,1.0843226909637451,-0.08976045250892639,0.06665635854005814,-0.06566103547811508,-0.1470763385295868,0.1578456610441208,-0.6302544474601746,-0.3290524184703827,0.3226679861545563,-0.7609992623329163,0.24661697447299957,0.23083582520484924,-0.34023773670196533
1749033599.5546708,0.483789324760437,-1.8924175701537074,1.262104336415426,1.881805105800293,-1.3469350973712366,1.0830764770507812,-0.08759435266256332,0.0667315199971199,-0.06559276580810547,-0.14746573567390442,0.15668702125549316,-0.6297755241394043,-0.3813144266605377,0.27394017577171326,-0.7629507184028625,0.23993638157844543,0.23126807808876038,-0.28201475739479065
1749033599.5547082,0.483789324760437,-1.8924175701537074,1.262104336415426,1.881805105800293,-1.3469350973712366,1.0830764770507812,-0.08759435266256332,0.0667315199971199,-0.06559276580810547,-0.14746573567390442,0.15668702125549316,-0.6297755241394043,-0.3813144266605377,0.27394017577171326,-0.7629507184028625,0.23993638157844543,0.23126807808876038,-0.28201475739479065
1749033599.5547452,0.4834580421447754,-1.8921486339964808,1.2618125120746058,1.8812450605579834,-1.3463366667376917,1.0806100368499756,-0.08549682796001434,0.06414192169904709,-0.06662961095571518,-0.14669671654701233,0.15262803435325623,-0.6200581192970276,-0.37649789452552795,0.3477393686771393,-0.744300901889801,0.2629660964012146,0.21916799247264862,-0.3298429250717163
1749033599.5547822,0.4832858443260193,-1.8920289478697718,1.2616809050189417,1.880941553706787,-1.345982853566305,1.0793530941009521,-0.08567219227552414,0.06617151945829391,-0.06560621410608292,-0.14532585442066193,0.1566440463066101,-0.6168563961982727,-0.4089807868003845,0.32281264662742615,-0.752875804901123,0.21037372946739197,0.23165521025657654,-0.40896475315093994
1749033599.5548193,0.4830845594406128,-1.8918787441649378,1.2615683714496058,1.880657120341919,-1.3456524054156702,1.0780904293060303,-0.08693526685237885,0.06535907834768295,-0.06743019074201584,-0.15064923465251923,0.15382686257362366,-0.6251952052116394,-0.4036967158317566,0.3559550642967224,-0.7456192374229431,0.2369874119758606,0.23888742923736572,-0.43052053451538086
1749033599.5548563,0.48297083377838135,-1.8917466602721156,1.2614014784442347,1.880333586330078,-1.3453367392169397,1.0768266916275024,-0.08644811809062958,0.06718903034925461,-0.06720005720853806,-0.14968332648277283,0.1558798998594284,-0.6333214640617371,-0.3457651436328888,0.291544109582901,-0.7216415405273438,0.23683305084705353,0.2256060391664505,-0.3084377348423004
1749033599.5548933,0.4827759861946106,-1.8916212520995082,1.2612608114825647,1.880072756404541,-1.3450692335711878,1.0755491256713867,-0.08675073087215424,0.06658867001533508,-0.06505218148231506,-0.14972072839736938,0.15882831811904907,-0.6313192248344421,-0.39625316858291626,0.32390204071998596,-0.7672387361526489,0.2419893592596054,0.18696901202201843,-0.339370459318161
1749033599.55493,0.4826396107673645,-1.8915206394591273,1.2611406485186976,1.8797775942036132,-1.3447349707232874,1.074285864830017,-0.08688291907310486,0.06646778434515,-0.0661940947175026,-0.15236423909664154,0.15506349503993988,-0.6284393668174744,-0.40724924206733704,0.34393393993377686,-0.7494015097618103,0.26450473070144653,0.19671638309955597,-0.3600810170173645
1749033599.5549674,0.4824292063713074,-1.8913852177061976,1.2609885374652308,1.879493160838745,-1.3443968931781214,1.0730621814727783,-0.0881008580327034,0.06676888465881348,-0.06612937152385712,-0.15162381529808044,0.15643224120140076,-0.6278160810470581,-0.3894810080528259,0.3168952465057373,-0.7570222616195679,0.2693383991718292,0.20638450980186462,-0.35393327474594116
1749033599.5550046,0.48225468397140503,-1.8912188015379847,1.2608616987811487,1.8791650968739013,-1.3440821806537073,1.071826696395874,-0.08763761073350906,0.06636159867048264,-0.06553307175636292,-0.15184496343135834,0.1544683873653412,-0.6261187791824341,-0.364737331867218,0.3005211353302002,-0.7525469064712524,0.25624650716781616,0.21086423099040985,-0.39478006958961487
1749033599.555642,0.48209503293037415,-1.8910714588561,1.2607644240008753,1.878861590022705,-1.3438285032855433,1.0705299377441406,-0.08693546801805496,0.0643017441034317,-0.06595912575721741,-0.15304043889045715,0.1533651500940323,-0.6304582953453064,-0.39738667011260986,0.31599950790405273,-0.7606827020645142,0.26990383863449097,0.19958296418190002,-0.3323480486869812
1749033599.5577207,0.48186200857162476,-1.8909360371031703,1.2606127897845667,1.8785530763813476,-1.343445126210348,1.0692353248596191,-0.08665532618761063,0.06466653198003769,-0.06686443835496902,-0.15361323952674866,0.15417033433914185,-0.6321083903312683,-0.36304527521133423,0.3502799868583679,-0.7434390783309937,0.27076250314712524,0.20139755308628082,-0.31106364727020264
1749033599.5982873,0.48168647289276123,-1.8908540211119593,1.2604568640338343,1.8782257276722412,-1.343222443257467,1.0680153369903564,-0.08626541495323181,0.06620515137910843,-0.067171610891819,-0.15196585655212402,0.15369780361652374,-0.629264235496521,-0.408464640378952,0.3393910229206085,-0.7375032305717468,0.29426971077919006,0.21805626153945923,-0.3255957365036011
1749033599.598335,0.4815344512462616,-1.8907071552672328,1.2603095213519495,1.8779167371937255,-1.3428581396686,1.0667555332183838,-0.09051434695720673,0.06606079638004303,-0.06656031310558319,-0.15538334846496582,0.15325702726840973,-0.6292425394058228,-0.3362289369106293,0.3238169848918915,-0.7382525205612183,0.29422128200531006,0.21833285689353943,-0.31882715225219727
1749033599.5983799,0.48140209913253784,-1.890590330163473,1.2602089087115687,1.87758915006604,-1.342562500630514,1.0654624700546265,-0.08628847450017929,0.0667334496974945,-0.06648806482553482,-0.151125967502594,0.153367817401886,-0.6266312599182129,-0.3955944776535034,0.29431402683258057,-0.753494143486023,0.3081009089946747,0.19969284534454346,-0.35902318358421326
1749033599.5984204,0.4812036454677582,-1.8904553852477015,1.260080639516012,1.877293272609375,-1.3422392050372522,1.0642374753952026,-0.08773108571767807,0.06657250970602036,-0.0666678324341774,-0.14789682626724243,0.15219470858573914,-0.6285125613212585,-0.3746941387653351,0.3212723731994629,-0.7448224425315857,0.30435192584991455,0.21458609402179718,-0.3567039966583252
1749033599.5984588,0.481031596660614,-1.8903080425658167,1.2599290052997034,1.8769933420368652,-1.3419554869281214,1.0629985332489014,-0.08808870613574982,0.06705925613641739,-0.06721919029951096,-0.15032246708869934,0.15547193586826324,-0.6316009163856506,-0.3621102273464203,0.31930482387542725,-0.7409565448760986,0.3047599792480469,0.18196186423301697,-0.30984798073768616
1749033599.5985255,0.480844646692276,-1.8901945553221644,1.259801212941305,1.8767279821583251,-1.3416207472430628,1.0617071390151978,-0.08734497427940369,0.06685549765825272,-0.06717216968536377,-0.1460786908864975,0.15277883410453796,-0.6289477944374084,-0.40441611409187317,0.3460702896118164,-0.7318153381347656,0.2896658182144165,0.20381352305412292,-0.3482731282711029
1749033599.598568,0.4806618392467499,-1.890050550500387,1.2596572081195276,1.8764208990284423,-1.341266934071676,1.0603994131088257,-0.08709631860256195,0.06942006200551987,-0.06688425689935684,-0.14624573290348053,0.149778351187706,-0.6290681958198547,-0.396978497505188,0.28595900535583496,-0.7298158407211304,0.3053362965583801,0.2063891887664795,-0.3508342504501343
1749033599.5986059,0.48046261072158813,-1.8899084530272425,1.2595093886004847,1.876117392177246,-1.3409479300128382,1.05914306640625,-0.08643559366464615,0.06628457456827164,-0.06667058169841766,-0.14729861915111542,0.15274138748645782,-0.6297836303710938,-0.3854280710220337,0.3257817029953003,-0.7297767996788025,0.2919348180294037,0.18698011338710785,-0.33759093284606934
1749033599.5986433,0.48034223914146423,-1.8897716007628382,1.259393040333883,1.8758603769489746,-1.3406451384173792,1.0578986406326294,-0.08720888942480087,0.06715956330299377,-0.06995531916618347,-0.14729101955890656,0.14942783117294312,-0.6285098195075989,-0.40829628705978394,0.3148006796836853,-0.6995608806610107,0.30193042755126953,0.19808733463287354,-0.3730052411556244
1749033599.5986805,0.48013195395469666,-1.889658590356344,1.2592490355121058,1.8755685526081542,-1.340325657521383,1.0566086769104004,-0.08497092872858047,0.06939582526683807,-0.0667530968785286,-0.14655864238739014,0.1490037441253662,-0.629729688167572,-0.4043341279029846,0.28259333968162537,-0.7166373133659363,0.2997985780239105,0.1936488151550293,-0.2975651025772095
1749033599.5987182,0.4799378514289856,-1.8895160160460414,1.2591012159930628,1.8753086763569335,-1.340046230946676,1.055348515510559,-0.08582640439271927,0.06469056010246277,-0.0662216916680336,-0.14449092745780945,0.1493532359600067,-0.6308667063713074,-0.42681556940078735,0.32591864466667175,-0.7359734773635864,0.26899832487106323,0.20096328854560852,-0.3193542957305908
1749033599.5987558,0.4797823429107666,-1.8893686733641566,1.2589424292193812,1.8750089842030029,-1.339703385029928,1.0540971755981445,-0.08950350433588028,0.06696248799562454,-0.06987705081701279,-0.14358828961849213,0.1492806226015091,-0.6283392310142517,-0.36874085664749146,0.3539118468761444,-0.7009514570236206,0.25169938802719116,0.20197468996047974,-0.33788421750068665
1749033599.598794,0.47958409786224365,-1.8892251453795375,1.2588332335101526,1.874668760890625,-1.3394320646869105,1.0529310703277588,-0.0865149050951004,0.06725060939788818,-0.06725721806287766,-0.14420685172080994,0.1473272144794464,-0.6291601061820984,-0.40378010272979736,0.3296242356300354,-0.6948190927505493,0.2637731432914734,0.21963924169540405,-0.32314133644104004
1749033599.5988371,0.4794500470161438,-1.8891002140440882,1.2587254683123987,1.8743876653858642,-1.3390863577472132,1.0516332387924194,-0.08802064508199692,0.0674152672290802,-0.06725356727838516,-0.1458207070827484,0.15133586525917053,-0.6259309649467468,-0.3903619050979614,0.3049893379211426,-0.720128059387207,0.2871093451976776,0.20806825160980225,-0.3605663776397705
1749033599.598875,0.4792320132255554,-1.8890148601927699,1.2585495154010218,1.8740991789051513,-1.3388078848468226,1.0503771305084229,-0.08782915771007538,0.06720133125782013,-0.06744331121444702,-0.144738107919693,0.14829833805561066,-0.6270444989204407,-0.3888922333717346,0.3291981816291809,-0.6992461681365967,0.266350120306015,0.1765899956226349,-0.37771114706993103
1749033599.598917,0.47907304763793945,-1.8888398609557093,1.2584450880633753,1.873790903682373,-1.3385542074786585,1.049129843711853,-0.08735924959182739,0.066912941634655,-0.06660003215074539,-0.14936158061027527,0.1458147019147873,-0.6302051544189453,-0.395618736743927,0.31970715522766113,-0.7059006094932556,0.26792120933532715,0.21362543106079102,-0.3268550634384155
1749033599.5989556,0.478900283575058,-1.8886858425536097,1.2583168188678187,1.8735100465961914,-1.338248078023092,1.0478909015655518,-0.0879191979765892,0.06711272150278091,-0.06591621786355972,-0.14850378036499023,0.15024296939373016,-0.6285300850868225,-0.3769308030605316,0.30689918994903564,-0.7099078893661499,0.29556164145469666,0.18654696643352509,-0.3537743389606476
1749033599.5989928,0.47874385118484497,-1.888592382470602,1.258181397114889,1.873220606441162,-1.3378990332232874,1.0465856790542603,-0.08806503564119339,0.06705626845359802,-0.0660237967967987,-0.14772488176822662,0.14864659309387207,-0.6281698346138,-0.39449894428253174,0.2998029589653015,-0.7095324993133545,0.29884642362594604,0.18490740656852722,-0.3491089344024658
1749033599.599031,0.4785415232181549,-1.8884254894652308,1.2580340544330042,1.87293188154187,-1.3376415411578577,1.0453338623046875,-0.08805561065673828,0.06638195365667343,-0.06542234122753143,-0.15192025899887085,0.14843370020389557,-0.6274444460868835,-0.3998138904571533,0.3020101487636566,-0.7156409621238708,0.31605905294418335,0.20311756432056427,-0.34196358919143677
1749033599.5990682,0.4783622622489929,-1.888301511804098,1.2578790823565882,1.8726388651081542,-1.3373163382159632,1.044050931930542,-0.08821438252925873,0.06998901069164276,-0.06490059942007065,-0.1488085687160492,0.14908425509929657,-0.6279125213623047,-0.38979649543762207,0.2897164523601532,-0.7144410610198975,0.30368223786354065,0.21243934333324432,-0.3664788603782654
1749033599.5996723,0.47814783453941345,-1.8881927929320277,1.2577665487872522,1.8723468023487548,-1.3370793501483362,1.0428375005722046,-0.08812685310840607,0.06590888649225235,-0.06758953630924225,-0.14898991584777832,0.1500123143196106,-0.6294005513191223,-0.40382713079452515,0.3327518403530121,-0.7071002125740051,0.3000592589378357,0.2326897829771042,-0.34404808282852173
1749033599.6016517,0.4780270457267761,-1.8880216083922328,1.257622543965475,1.8720335203358154,-1.3367064634906214,1.0415791273117065,-0.08739827573299408,0.06701967865228653,-0.0643208846449852,-0.14900381863117218,0.15160377323627472,-0.6285103559494019,-0.38325053453445435,0.2966806888580322,-0.7210512161254883,0.29930365085601807,0.20948529243469238,-0.31781646609306335
1749033599.6422906,0.47787031531333923,-1.8879286251463832,1.257540527974264,1.8717211919971923,-1.3363798300372522,1.0403223037719727,-0.08964455127716064,0.06990876793861389,-0.06387605518102646,-0.1487162709236145,0.15315216779708862,-0.6286799311637878,-0.3834473192691803,0.286003053188324,-0.7584266066551208,0.3022031784057617,0.18496626615524292,-0.37763354182243347
1749033599.642337,0.47767508029937744,-1.8877726993956507,1.2573936621295374,1.8714234071918945,-1.3360603491412562,1.039058804512024,-0.08650638163089752,0.0676553025841713,-0.06779489666223526,-0.14776159822940826,0.15373362600803375,-0.629213273525238,-0.438128799200058,0.3023085594177246,-0.7080836892127991,0.2949661910533905,0.21637491881847382,-0.35324031114578247
1749033599.6423783,0.47745710611343384,-1.8876406155028285,1.2572887579547327,1.871100588435791,-1.3357270399676722,1.03782320022583,-0.08968345820903778,0.06734321266412735,-0.0659775510430336,-0.15059223771095276,0.15493004024028778,-0.6315445303916931,-0.4100865125656128,0.30470940470695496,-0.7103689908981323,0.32707107067108154,0.21193741261959076,-0.3761821985244751
1749033599.6424222,0.47730889916419983,-1.8874660931029261,1.2571218649493616,1.8707877832600097,-1.3354695479022425,1.0365434885025024,-0.08565850555896759,0.06843912601470947,-0.06561791896820068,-0.14664539694786072,0.15512648224830627,-0.6326084136962891,-0.3830420970916748,0.2772163450717926,-0.7371383309364319,0.3258803188800812,0.1887105107307434,-0.35775256156921387
1749033599.6424706,0.4771170914173126,-1.8873683414854945,1.2570098082171839,1.8704749780842285,-1.3351553122149866,1.035296082496643,-0.08866395056247711,0.06701618432998657,-0.06653305888175964,-0.14473986625671387,0.1540289968252182,-0.6339863538742065,-0.398141086101532,0.31153151392936707,-0.7256008982658386,0.2962334156036377,0.19251996278762817,-0.3566232919692993
1749033599.6425102,0.4771170914173126,-1.8873683414854945,1.2570098082171839,1.8704749780842285,-1.3351553122149866,1.035296082496643,-0.08866395056247711,0.06701618432998657,-0.06653305888175964,-0.14473986625671387,0.1540289968252182,-0.6339863538742065,-0.398141086101532,0.31153151392936707,-0.7256008982658386,0.2962334156036377,0.19251996278762817,-0.3566232919692993
1749033599.642548,0.4767860472202301,-1.8870626888670863,1.2567384878741663,1.8698929983326416,-1.3345454374896448,1.032788872718811,-0.08882966637611389,0.06631631404161453,-0.06623630970716476,-0.14361803233623505,0.152639240026474,-0.6335875391960144,-0.37436795234680176,0.3026573359966278,-0.7267450094223022,0.3238662779331207,0.18559235334396362,-0.35265040397644043
1749033599.6425867,0.4766378104686737,-1.8869496784605921,1.2565906683551233,1.8696319299885253,-1.334238354359762,1.0314810276031494,-0.0881199911236763,0.06635868549346924,-0.06615686416625977,-0.14187179505825043,0.14925876259803772,-0.6327566504478455,-0.38412749767303467,0.30751582980155945,-0.7295116782188416,0.3099554777145386,0.2163180112838745,-0.3184196352958679
1749033599.6426246,0.47644713521003723,-1.886789938012594,1.2564743200885218,1.8693546491810302,-1.3339579741107386,1.0301812887191772,-0.08872445672750473,0.06617024540901184,-0.06687823683023453,-0.14091044664382935,0.15187706053256989,-0.6333374977111816,-0.4106244444847107,0.3154471218585968,-0.7198292016983032,0.2949097752571106,0.2160790115594864,-0.35621827840805054
1749033599.6426623,0.47626087069511414,-1.8866735897459925,1.2563617865191858,1.869046612376831,-1.3336709181415003,1.0288975238800049,-0.08977612107992172,0.06561820209026337,-0.06700128316879272,-0.14204059541225433,0.15059609711170197,-0.6371368765830994,-0.39030835032463074,0.3212389349937439,-0.726578950881958,0.27222728729248047,0.22376887500286102,-0.35747915506362915
1749033599.642701,0.4760916233062744,-1.886529108087057,1.2562297026263636,1.8688172537037353,-1.3333171049701136,1.027669906616211,-0.09242746978998184,0.06811247766017914,-0.06714092195034027,-0.14361433684825897,0.15216641128063202,-0.6350833177566528,-0.3791520595550537,0.2657690644264221,-0.7146860957145691,0.3019903898239136,0.21796990931034088,-0.2507600486278534
1749033599.6427379,0.47590547800064087,-1.886397501031393,1.2560942808734339,1.8685087400623779,-1.3330486456500452,1.0263636112213135,-0.08832225948572159,0.06598391383886337,-0.06657662987709045,-0.14197303354740143,0.15358833968639374,-0.628919780254364,-0.373003214597702,0.3102123737335205,-0.7226253151893616,0.29829514026641846,0.19642400741577148,-0.3078121840953827
1749033599.6427755,0.47567567229270935,-1.886289735833639,1.2559192816363733,1.8682283598133544,-1.332719628010885,1.02516508102417,-0.08867337554693222,0.06561117619276047,-0.0662960410118103,-0.14029595255851746,0.15449310839176178,-0.6235017776489258,-0.4205886125564575,0.30018842220306396,-0.7221065163612366,0.25251543521881104,0.19409383833408356,-0.29663240909576416
1749033599.6428132,0.47559624910354614,-1.8861423931517542,1.255833927785055,1.8679589468189697,-1.3324196974383753,1.0239068269729614,-0.0897226631641388,0.06615684181451797,-0.06531739234924316,-0.14235807955265045,0.1535961925983429,-0.6235592365264893,-0.3609960675239563,0.2993203401565552,-0.7297686338424683,0.2465316653251648,0.20759472250938416,-0.3773859143257141
1749033599.6428502,0.4753973186016083,-1.8859979114928187,1.255702320729391,1.8676788049885253,-1.332104508076803,1.022626519203186,-0.08824252337217331,0.06933767348527908,-0.06580758094787598,-0.14391258358955383,0.15606582164764404,-0.6292970180511475,-0.40600913763046265,0.2787439823150635,-0.7355800271034241,0.2502717673778534,0.17590126395225525,-0.375911682844162
1749033599.6428866,0.4752097725868225,-1.8858467541136683,1.2555502096759241,1.8673748213001709,-1.331794563923971,1.0213978290557861,-0.08810719102621078,0.06552749872207642,-0.06607449054718018,-0.1453949362039566,0.1530052274465561,-0.632814347743988,-0.3877846300601959,0.2876112461090088,-0.7468533515930176,0.2677098512649536,0.1842813789844513,-0.28392964601516724
1749033599.6429238,0.47504183650016785,-1.8857604465880335,1.255399529133932,1.8670777517506103,-1.331461254750387,1.0201501846313477,-0.08770541101694107,0.06600967794656754,-0.06555049866437912,-0.1464880406856537,0.15154339373111725,-0.6291563510894775,-0.42175763845443726,0.32881373167037964,-0.7368439435958862,0.25004056096076965,0.211236834526062,-0.34443116188049316
1749033599.6429605,0.47486385703086853,-1.885594984094137,1.2553094069110315,1.8668078619190673,-1.3311470190631312,1.0188947916030884,-0.08847181499004364,0.06965986639261246,-0.06654061377048492,-0.14961887896060944,0.15290910005569458,-0.6276026964187622,-0.4355485737323761,0.29311537742614746,-0.7423042058944702,0.27827954292297363,0.2023571878671646,-0.3633238673210144
1749033599.6429975,0.4747101664543152,-1.8854614696898402,1.2551549116717737,1.8664843279072265,-1.3308785597430628,1.0176550149917603,-0.09032852947711945,0.06775669008493423,-0.06655874848365784,-0.15089336037635803,0.15186266601085663,-0.6274756193161011,-0.3706803321838379,0.2596288323402405,-0.7339446544647217,0.29675477743148804,0.21169643104076385,-0.3596319854259491
1749033599.6430345,0.47449278831481934,-1.8853064976134242,1.2550228277789515,1.8661719995686035,-1.3305557409869593,1.016363263130188,-0.09009287506341934,0.06621526926755905,-0.06512240320444107,-0.14862409234046936,0.1527852863073349,-0.6266928315162659,-0.3699508309364319,0.29763513803482056,-0.7724274396896362,0.278217613697052,0.2072393298149109,-0.3979458808898926
1749033599.6436648,0.47431644797325134,-1.8851696453490199,1.2549293676959437,1.8659025865742187,-1.3302834669696253,1.0151070356369019,-0.08976087719202042,0.06579158455133438,-0.0669063925743103,-0.1529630571603775,0.15212932229042053,-0.6305174231529236,-0.4001612663269043,0.2946779727935791,-0.7492601275444031,0.2921793460845947,0.21072781085968018,-0.3296791911125183
1749033599.6456633,0.474118173122406,-1.885050436059469,1.2547662893878382,1.8655857282825927,-1.3299420515643519,1.0138349533081055,-0.08968601375818253,0.06660392135381699,-0.068943552672863,-0.15024477243423462,0.15273191034793854,-0.6325782537460327,-0.4153863489627838,0.2871372401714325,-0.7103065848350525,0.3160494267940521,0.23002654314041138,-0.3458724915981293
1749033599.6903074,0.47393491864204407,-1.8849522076048792,1.2546027342425745,1.865257902736328,-1.3296826521502894,1.0125598907470703,-0.08928531408309937,0.06664963811635971,-0.06675457954406738,-0.15032243728637695,0.1529984027147293,-0.6294806599617004,-0.41684138774871826,0.30820074677467346,-0.7313868403434753,0.30739468336105347,0.2062133401632309,-0.35829538106918335
1749033599.6903536,0.47378167510032654,-1.8848172626891078,1.2544792334186,1.864952726955078,-1.3293870131122034,1.0113416910171509,-0.09278571605682373,0.06671459227800369,-0.06694445013999939,-0.14859741926193237,0.15388111770153046,-0.629607081413269,-0.33323994278907776,0.2701647877693176,-0.748214840888977,0.3051298260688782,0.21973489224910736,-0.3056201636791229
1749033599.6903942,0.47364550828933716,-1.884653707543844,1.2543438116656702,1.8646408754536132,-1.329073731099264,1.0100762844085693,-0.08876775950193405,0.06593546271324158,-0.06721031665802002,-0.14847390353679657,0.15446719527244568,-0.6254671812057495,-0.396221786737442,0.29286712408065796,-0.7428211569786072,0.3083454966545105,0.2140570729970932,-0.36145371198654175
1749033599.6904335,0.4733881652355194,-1.8845254383482875,1.2542226950274866,1.8643833833881835,-1.328773323689596,1.008815884590149,-0.09259007126092911,0.06573428958654404,-0.06713233888149261,-0.14789053797721863,0.15531468391418457,-0.6292150616645813,-0.3742949068546295,0.29535025358200073,-0.732329785823822,0.283695250749588,0.21954870223999023,-0.3582773804664612
1749033599.6904716,0.47327089309692383,-1.8844124279417933,1.254087273274557,1.8640507894703369,-1.3284590880023401,1.0075796842575073,-0.08798559755086899,0.06567845493555069,-0.06625299900770187,-0.14689624309539795,0.15538661181926727,-0.6313570141792297,-0.40013083815574646,0.28713223338127136,-0.7450176477432251,0.32412296533584595,0.2169995903968811,-0.29295244812965393
1749033599.6905098,0.47306472063064575,-1.884242673913473,1.253946606312887,1.8637730318256835,-1.3281210104571741,1.0062881708145142,-0.08962603658437729,0.06460969150066376,-0.06587223708629608,-0.14214783906936646,0.15529249608516693,-0.6281305551528931,-0.3775615692138672,0.2900848388671875,-0.7346267700195312,0.2650866210460663,0.18945938348770142,-0.34486502408981323
1749033599.6905608,0.47292008996009827,-1.884160657922262,1.2538426558123987,1.863520308131836,-1.3277972380267542,1.005052089691162,-0.08955171704292297,0.06689851731061935,-0.06653793156147003,-0.14444662630558014,0.15716545283794403,-0.62567138671875,-0.39533936977386475,0.3151583969593048,-0.7573847770690918,0.2378547191619873,0.20133166015148163,-0.32683563232421875
1749033599.6906054,0.47271284461021423,-1.883986612359518,1.2537105719195765,1.8632520872303466,-1.3275054136859339,1.0038154125213623,-0.08916032314300537,0.06635789573192596,-0.06789463013410568,-0.1456407755613327,0.15464645624160767,-0.624337375164032,-0.39810389280319214,0.2717364430427551,-0.7194514870643616,0.2855314314365387,0.1878371238708496,-0.34707728028297424
1749033599.6906443,0.47250670194625854,-1.8838497600951136,1.2535508314715784,1.8629657465168457,-1.3271754423724573,1.0025558471679688,-0.08874699473381042,0.06450685113668442,-0.06538499891757965,-0.1440020650625229,0.1517530381679535,-0.62383633852005,-0.40081986784935,0.32186004519462585,-0.7459136247634888,0.2755047082901001,0.20686469972133636,-0.39255401492118835
1749033599.6906826,0.4723430573940277,-1.8837329349913539,1.2534268538104456,1.8626753526875,-1.326883618031637,1.0013145208358765,-0.08920139074325562,0.06623537093400955,-0.06642275303602219,-0.14491382241249084,0.15506523847579956,-0.629015326499939,-0.3893139064311981,0.3203996419906616,-0.7486042976379395,0.26055848598480225,0.19684164226055145,-0.320536345243454
1749033599.6907198,0.4721863865852356,-1.8835889301695765,1.2532990614520472,1.862391634578369,-1.326580826436178,1.000023603439331,-0.08956577628850937,0.06759974360466003,-0.0693451389670372,-0.14591927826404572,0.15205948054790497,-0.6281974911689758,-0.3648229241371155,0.2589203119277954,-0.7104061245918274,0.2782304286956787,0.21826831996440887,-0.30162912607192993
1749033599.6907566,0.4720466136932373,-1.8834506473936976,1.2531359831439417,1.8621372419544677,-1.3263166586505335,0.9987885355949402,-0.08873765915632248,0.0633627325296402,-0.06615053117275238,-0.14603421092033386,0.1533561795949936,-0.6268556118011475,-0.3889990448951721,0.32948991656303406,-0.7348227500915527,0.2554977834224701,0.2131722867488861,-0.3408603370189667
1749033599.690794,0.4718666970729828,-1.883371969262594,1.2529915014850062,1.8618177610584716,-1.3260100523578089,0.9974966645240784,-0.09042498469352722,0.06552324444055557,-0.06749971956014633,-0.14744320511817932,0.15443217754364014,-0.6267171502113342,-0.35373106598854065,0.3081244230270386,-0.7428057789802551,0.2585527002811432,0.23471993207931519,-0.2913869619369507
1749033599.6908312,0.4716719090938568,-1.8831850490965785,1.2528942267047327,1.8615287977406005,-1.3257187048541468,0.9961914420127869,-0.08871879428625107,0.06579483300447464,-0.06836838275194168,-0.14751608669757843,0.1549786627292633,-0.6214139461517334,-0.3881893455982208,0.2787053883075714,-0.7126015424728394,0.26453518867492676,0.21243229508399963,-0.34537893533706665
1749033599.690869,0.4714992642402649,-1.8830610714354457,1.2527506987201136,1.8612159925648193,-1.3254035154925745,0.995003879070282,-0.09279633313417435,0.06580948829650879,-0.06868588924407959,-0.15007995069026947,0.1575879603624344,-0.6238923072814941,-0.3466017544269562,0.29888594150543213,-0.7174205780029297,0.25645381212234497,0.23853661119937897,-0.3827487826347351
1749033599.6909068,0.47132009267807007,-1.8829485378661097,1.252599064503805,1.8609191614338378,-1.3250497023211878,0.9937453866004944,-0.08890392631292343,0.06626959145069122,-0.06786363571882248,-0.1516205072402954,0.15467312932014465,-0.629355251789093,-0.374863862991333,0.3147786557674408,-0.7097277045249939,0.28781965374946594,0.2110871821641922,-0.29819750785827637
1749033599.6909442,0.47109758853912354,-1.8828045330443324,1.2524479071246546,1.8606178003498535,-1.3247440497027796,0.992467999458313,-0.08973471820354462,0.06653285026550293,-0.06717836856842041,-0.1512499451637268,0.15259690582752228,-0.6258384585380554,-0.35776394605636597,0.2748810648918152,-0.7121700048446655,0.30057331919670105,0.20090332627296448,-0.32720857858657837
1749033599.6909814,0.4709073007106781,-1.8826881847777308,1.2523320356952112,1.8602709013172607,-1.3244593779193323,0.9912586212158203,-0.08929944038391113,0.06536275148391724,-0.06663645058870316,-0.15012770891189575,0.15768574178218842,-0.6243868470191956,-0.3888198137283325,0.29234132170677185,-0.7196764349937439,0.28695210814476013,0.18529066443443298,-0.33725619316101074
1749033599.6910233,0.47076213359832764,-1.8825370273985804,1.2522309462176722,1.8599695402332763,-1.3241327444659632,0.9900564551353455,-0.08899331837892532,0.06499870866537094,-0.06667689234018326,-0.14851422607898712,0.15422376990318298,-0.6240589618682861,-0.39326146245002747,0.32177507877349854,-0.718482494354248,0.2767033874988556,0.2142273485660553,-0.3504267930984497
1749033599.691062,0.4705601632595062,-1.8824168644347132,1.252059284840719,1.8596882063099365,-1.3238571325885218,0.9887798428535461,-0.0877004936337471,0.06551946699619293,-0.06698524951934814,-0.15177103877067566,0.15394183993339539,-0.6232409477233887,-0.39649707078933716,0.3063531517982483,-0.7276707291603088,0.29782748222351074,0.21831323206424713,-0.41250887513160706
1749033599.6910994,0.4703911244869232,-1.8822571239867152,1.2519434134112757,1.8593661028095703,-1.3235533873187464,0.987532913684845,-0.0890943706035614,0.06619316339492798,-0.06711561977863312,-0.14794547855854034,0.15378564596176147,-0.6269463896751404,-0.39282211661338806,0.2863157093524933,-0.7216188907623291,0.29633113741874695,0.22629252076148987,-0.349257230758667
1749033599.69114,0.4702523648738861,-1.882132192651266,1.2517922560321253,1.8591162401386718,-1.3232467810260218,0.9862783551216125,-0.08851299434900284,0.06508472561836243,-0.06664444506168365,-0.14692921936511993,0.15343418717384338,-0.6302747130393982,-0.3871845602989197,0.30019572377204895,-0.7223454117774963,0.2989268898963928,0.23683078587055206,-0.33205845952033997
1749033599.691663,0.47007620334625244,-1.8820158443846644,1.251660172139303,1.8588153558918457,-1.3229215780841272,0.9849871397018433,-0.08711313456296921,0.06438598036766052,-0.06669232994318008,-0.14896705746650696,0.15194666385650635,-0.6288901567459106,-0.4082021415233612,0.32010120153427124,-0.7227394580841064,0.3280942440032959,0.24106517434120178,-0.35154715180397034
1749033599.6936533,0.46995118260383606,-1.8818494282164515,1.2515433470355433,1.8585278230854492,-1.3226264158831995,0.9837855100631714,-0.08622943609952927,0.0680513083934784,-0.06692558526992798,-0.14277592301368713,0.151976078748703,-0.6275023221969604,-0.449375182390213,0.2803926467895508,-0.6943126320838928,0.2719677984714508,0.25022315979003906,-0.3106553554534912
1749033599.7342818,0.4697205722332001,-1.8817721805968226,1.2514036337481897,1.858238859767578,-1.3223069349872034,0.9825156331062317,-0.08864952623844147,0.06182217225432396,-0.06716731935739517,-0.14112448692321777,0.15306895971298218,-0.6274712085723877,-0.3761063516139984,0.3245527744293213,-0.7183996438980103,0.23824235796928406,0.24990305304527283,-0.35451745986938477
1749033599.734328,0.4695604145526886,-1.8815890751280726,1.2512438933001917,1.8579577642628173,-1.322054688130514,0.9812643527984619,-0.08649338036775589,0.06407761573791504,-0.06704846769571304,-0.1425670087337494,0.15526807308197021,-0.6290528178215027,-0.43498480319976807,0.3387450575828552,-0.714127242565155,0.23281674087047577,0.2467806190252304,-0.3596096634864807
1749033599.7343683,0.46936628222465515,-1.8814617596068324,1.251120392476217,1.857684774989746,-1.3217275778399866,0.979958176612854,-0.09109543263912201,0.06584092229604721,-0.06593696773052216,-0.14234068989753723,0.15725946426391602,-0.6298587322235107,-0.37314262986183167,0.31235089898109436,-0.7167305946350098,0.24474522471427917,0.24098244309425354,-0.3187914192676544
1749033599.7344275,0.4691751003265381,-1.881364484826559,1.2510197798358362,1.857396050090454,-1.3214204947101038,0.9787781834602356,-0.08776400983333588,0.0647473931312561,-0.06821729987859726,-0.14445486664772034,0.15873663127422333,-0.6281249523162842,-0.410185307264328,0.31617701053619385,-0.6949723362922668,0.22804521024227142,0.2206207811832428,-0.3581818640232086
1749033599.7344966,0.46899065375328064,-1.8812319240965785,1.2508791128741663,1.8570758539387207,-1.321038548146383,0.977496325969696,-0.0906369686126709,0.06386733055114746,-0.06501571834087372,-0.14699611067771912,0.1605222225189209,-0.6299895644187927,-0.3689482510089874,0.3435322046279907,-0.7234548330307007,0.24298644065856934,0.21300114691257477,-0.34692996740341187
1749033599.734565,0.4688785672187805,-1.881068845788473,1.2507317701922815,1.8567945200153808,-1.320782486592428,0.9762575030326843,-0.08972549438476562,0.06457767635583878,-0.06436734646558762,-0.14422547817230225,0.15884418785572052,-0.6305072903633118,-0.39217424392700195,0.3096102774143219,-0.7475646138191223,0.24483762681484222,0.1852847784757614,-0.3277845084667206
1749033599.734634,0.4686470329761505,-1.8809334240355433,1.2505996862994593,1.8564902979084472,-1.3204558531390589,0.975013792514801,-0.08914070576429367,0.06499014049768448,-0.06795131415128708,-0.14692308008670807,0.15518417954444885,-0.6302260160446167,-0.3866017758846283,0.3174813389778137,-0.7086362838745117,0.2360127568244934,0.21034133434295654,-0.35257917642593384
1749033599.7347054,0.4685029685497284,-1.8808328113951625,1.250483814870016,1.8561889368244628,-1.3201516310321253,0.9736919403076172,-0.08879926055669785,0.06478558480739594,-0.06512147933244705,-0.1478649526834488,0.157260462641716,-0.6302462816238403,-0.3994782865047455,0.3224529027938843,-0.7362527251243591,0.2867829203605652,0.207121342420578,-0.33081895112991333
1749033599.734774,0.4683160185813904,-1.8807198009886683,1.2503164450274866,1.8558763700672607,-1.3198331038104456,0.9724806547164917,-0.08861400187015533,0.0655902847647667,-0.06511632353067398,-0.14514175057411194,0.15300948917865753,-0.6283800005912781,-0.3843509554862976,0.3022417724132538,-0.7405685782432556,0.24855975806713104,0.21210536360740662,-0.3148931562900543
1749033599.7348418,0.4681086540222168,-1.880580564538473,1.2502229849444788,1.8555995660969238,-1.3195379416095179,0.9711601734161377,-0.08872534334659576,0.06601014733314514,-0.066097691655159,-0.14608234167099,0.15193204581737518,-0.6276131272315979,-0.37503060698509216,0.325616717338562,-0.7308574914932251,0.2680954933166504,0.24575923383235931,-0.33774134516716003
1749033599.7349112,0.4679570198059082,-1.8804642162718714,1.250099007283346,1.8552827078052978,-1.3192623297320765,0.9699392914772034,-0.08636990934610367,0.0661974549293518,-0.06620381772518158,-0.14636646211147308,0.15267832577228546,-0.6279979944229126,-0.4074118435382843,0.28988713026046753,-0.722734272480011,0.24615320563316345,0.2535281777381897,-0.31221282482147217
1749033599.734981,0.4677269160747528,-1.880289217034811,1.2499516646014612,1.854994459743164,-1.3188932577716272,0.9687063097953796,-0.09102267026901245,0.06611759960651398,-0.06605193763971329,-0.14697858691215515,0.15381571650505066,-0.6282609701156616,-0.36098480224609375,0.289544939994812,-0.7315080165863037,0.30135852098464966,0.23972412943840027,-0.34363889694213867
1749033599.735049,0.46754324436187744,-1.8801547489561976,1.2498076597796839,1.8547250467487792,-1.3186128775226038,0.9673781991004944,-0.08573765307664871,0.06663721054792404,-0.06554833054542542,-0.14613337814807892,0.1551562249660492,-0.6292749643325806,-0.4100525975227356,0.32440975308418274,-0.7322321534156799,0.2570415139198303,0.24411030113697052,-0.33547013998031616
1749033599.7351155,0.46754324436187744,-1.8801547489561976,1.2498076597796839,1.8547250467487792,-1.3186128775226038,0.9673781991004944,-0.08573765307664871,0.06663721054792404,-0.06554833054542542,-0.14613337814807892,0.1551562249660492,-0.6292749643325806,-0.4100525975227356,0.32440975308418274,-0.7322321534156799,0.2570415139198303,0.24411030113697052,-0.33547013998031616
1749033599.7351818,0.4674258232116699,-1.8800488911070765,1.2496689001666468,1.854424162501953,-1.3182624022113245,0.9661096334457397,-0.0874081403017044,0.06564605236053467,-0.06778816878795624,-0.14472834765911102,0.16230778396129608,-0.6316867470741272,-0.40618839859962463,0.306132048368454,-0.7190309166908264,0.2771054208278656,0.1802409291267395,-0.30037635564804077
1749033599.7352495,0.46708324551582336,-1.8797575436034144,1.249380890523092,1.853815718288086,-1.3176677862750452,0.9635631442070007,-0.08726805448532104,0.06732728332281113,-0.06563320010900497,-0.14476622641086578,0.15590114891529083,-0.6252463459968567,-0.40441301465034485,0.28904446959495544,-0.7252267599105835,0.2653806209564209,0.19214244186878204,-0.33312252163887024
1749033599.7353177,0.46686887741088867,-1.8796407184996546,1.2492488066302698,1.8534955221363525,-1.3173201719867151,0.9623929858207703,-0.08961660414934158,0.06615430861711502,-0.06806394457817078,-0.14493046700954437,0.157035693526268,-0.6232237219810486,-0.37252432107925415,0.314934641122818,-0.7068431377410889,0.26099061965942383,0.16482329368591309,-0.3255792558193207
1749033599.7353861,0.4667397439479828,-1.8794967136778773,1.249148193989889,1.8532540041157226,-1.3170297781573694,0.9611109495162964,-0.08935192972421646,0.06660902500152588,-0.06810708343982697,-0.14365774393081665,0.15422162413597107,-0.6220561265945435,-0.35435712337493896,0.3149370849132538,-0.6925504207611084,0.2572246193885803,0.18072554469108582,-0.3710271716117859
1749033599.7354527,0.46650636196136475,-1.8793651066222132,1.2489851156817835,1.8529884058186035,-1.3167803923236292,0.95986008644104,-0.08794862776994705,0.0670628473162651,-0.0658126026391983,-0.14819732308387756,0.1535392701625824,-0.6253687143325806,-0.4156595468521118,0.30240416526794434,-0.7401915192604065,0.23931089043617249,0.20361968874931335,-0.34229010343551636
1749033599.7355163,0.46631860733032227,-1.8792673550047816,1.2488649527179163,1.8526522356220703,-1.3164575735675257,0.9586143493652344,-0.0893087387084961,0.06422057747840881,-0.06599684059619904,-0.1472603976726532,0.1527913510799408,-0.6238596439361572,-0.3734714686870575,0.3390531539916992,-0.7304969429969788,0.27626901865005493,0.21412259340286255,-0.2808093726634979
1749033599.7357664,0.4661591947078705,-1.8791595898070277,1.2487519423114222,1.8523754316517334,-1.3161514441119593,0.9573918581008911,-0.08861289918422699,0.06491391360759735,-0.06588251888751984,-0.1452973634004593,0.15329015254974365,-0.6214311122894287,-0.3495344817638397,0.2768959701061249,-0.7203491926193237,0.29235154390335083,0.18909534811973572,-0.2598087191581726
1749033599.7376373,0.46599167585372925,-1.8789741001524867,1.2486045996295374,1.852083607310913,-1.315882984791891,0.9561118483543396,-0.08730059117078781,0.0635574534535408,-0.06563857197761536,-0.14551182091236115,0.15312595665454865,-0.6139508485794067,-0.3463640809059143,0.2909040153026581,-0.7281608581542969,0.27483803033828735,0.1828175038099289,-0.27063703536987305
1749033599.778397,0.4658512771129608,-1.8788801632323207,1.2484920660602015,1.8518099027821044,-1.3155458609210413,0.9549416899681091,-0.08655247092247009,0.062047798186540604,-0.06473293900489807,-0.14127735793590546,0.15148606896400452,-0.6049662828445435,-0.36492812633514404,0.3298761248588562,-0.7362024188041687,0.27626726031303406,0.18649789690971375,-0.31069865822792053
1749033599.7784445,0.46565186977386475,-1.8787442646422328,1.248364273701803,1.85148732244458,-1.315254036580221,0.9537546038627625,-0.08744816482067108,0.06279255449771881,-0.06474349647760391,-0.1384260654449463,0.15057745575904846,-0.6060202717781067,-0.4564973711967468,0.38065198063850403,-0.7343667149543762,0.20076137781143188,0.23574800789356232,-0.45135098695755005
1749033599.7784858,0.46545645594596863,-1.8786364994444789,1.2482207457171839,1.851233883494995,-1.3149150053607386,0.9525048732757568,-0.08927784115076065,0.06681046634912491,-0.06487101316452026,-0.13974712789058685,0.15201115608215332,-0.6147712469100952,-0.32174065709114075,0.34163016080856323,-0.7448607683181763,0.19156309962272644,0.22196167707443237,-0.3764148950576782
1749033599.7785256,0.4653010070323944,-1.8784805736937464,1.2481005827533167,1.8509651857563476,-1.314627472554342,0.9511982798576355,-0.08775562047958374,0.06857705861330032,-0.0651986375451088,-0.14339891076087952,0.15295226871967316,-0.6191133260726929,-0.3859724700450897,0.32739436626434326,-0.7180386781692505,0.22284498810768127,0.21815606951713562,-0.37533578276634216
1749033599.7785645,0.46518033742904663,-1.8783446751036585,1.2479684988604944,1.8506955343433837,-1.3142965475665491,0.9499990344047546,-0.09130194038152695,0.06847306340932846,-0.06563405692577362,-0.14563418924808502,0.15511131286621094,-0.620564877986908,-0.3520187437534332,0.31898894906044006,-0.7279636263847351,0.22536718845367432,0.2013445943593979,-0.3816997706890106
1749033599.7786036,0.46497002243995667,-1.8782116375365199,1.2478330771075647,1.850430651302002,-1.3139575163470667,0.9487602710723877,-0.08716844022274017,0.06954766064882278,-0.06594362109899521,-0.1463594287633896,0.1527150273323059,-0.6221616864204407,-0.42090561985969543,0.29437220096588135,-0.7290762066841125,0.22658078372478485,0.19765600562095642,-0.3548942804336548
1749033599.7786422,0.4647395610809326,-1.8781000576415003,1.2477243582354944,1.8501307207294921,-1.3136513868915003,0.9475600123405457,-0.08973793685436249,0.06896094232797623,-0.06642409414052963,-0.15135236084461212,0.1492445319890976,-0.6218070387840271,-0.3650422990322113,0.2808574140071869,-0.7241666913032532,0.2567189633846283,0.22255966067314148,-0.39971354603767395
1749033599.7786798,0.4645839333534241,-1.877956052819723,1.2475536505328577,1.8498255449482421,-1.3133896032916468,0.9462663531303406,-0.09014399349689484,0.0673205778002739,-0.06674625724554062,-0.14777295291423798,0.15256847441196442,-0.629997193813324,-0.31345033645629883,0.2693483829498291,-0.7388846278190613,0.23635333776474,0.18739178776741028,-0.36510854959487915
1749033599.7787175,0.46441131830215454,-1.8778273067870082,1.2474444548236292,1.849517746562622,-1.3130672613727015,0.9450070858001709,-0.08990922570228577,0.06679807603359222,-0.06753906607627869,-0.1482015699148178,0.15014523267745972,-0.6307986974716187,-0.3641602396965027,0.27293044328689575,-0.7366422414779663,0.20422613620758057,0.21271249651908875,-0.3179248571395874
1749033599.7787552,0.4642084538936615,-1.8776537380614222,1.2473247686969202,1.8491930204578857,-1.3127687613116663,0.9437402486801147,-0.09026392549276352,0.06787832081317902,-0.06790415942668915,-0.15431202948093414,0.15029089152812958,-0.6295630931854248,-0.3386629521846771,0.2877216339111328,-0.7155117988586426,0.28237080574035645,0.22020258009433746,-0.36759844422340393
1749033599.7787926,0.46405598521232605,-1.8775097332396449,1.2471688429461878,1.8489109712788085,-1.3124774138080042,0.9424933791160583,-0.08966346085071564,0.0660562738776207,-0.06776368618011475,-0.15004919469356537,0.1514674425125122,-0.6294475793838501,-0.34003663063049316,0.3179636001586914,-0.7179991006851196,0.2579677700996399,0.20976102352142334,-0.34043052792549133
1749033599.7788296,0.46388909220695496,-1.87738098720693,1.2470296064959925,1.8486112791248779,-1.3122599760638636,0.9412176012992859,-0.08786691725254059,0.06730132550001144,-0.06707291305065155,-0.15040865540504456,0.15303273499011993,-0.628866970539093,-0.3638223707675934,0.3298463523387909,-0.7306118607521057,0.2727205753326416,0.22129088640213013,-0.36159640550613403
1749033599.7788668,0.46369680762290955,-1.8772927723326625,1.2469318548785608,1.8482822614857177,-1.3119257132159632,0.9400021433830261,-0.09086081385612488,0.068548284471035,-0.06749269366264343,-0.15088129043579102,0.15302613377571106,-0.6292514801025391,-0.3437901437282562,0.2642674446105957,-0.7192302346229553,0.27689650654792786,0.2270461767911911,-0.3909989893436432
1749033599.7789032,0.4634900987148285,-1.8771563969054164,1.246777359639303,1.848001165980957,-1.311580006276266,0.9387187361717224,-0.08732675760984421,0.0662258192896843,-0.06851518154144287,-0.15073083341121674,0.15415681898593903,-0.6336868405342102,-0.36497318744659424,0.3245592415332794,-0.706932544708252,0.2858535647392273,0.2242927849292755,-0.2975175976753235
1749033599.7789395,0.46338486671447754,-1.8769971332945765,1.2466490904437464,1.8477083879658203,-1.3112815062152308,0.9374926686286926,-0.08884619921445847,0.0670548602938652,-0.06657280772924423,-0.15011011064052582,0.1570764034986496,-0.6312379240989685,-0.38452062010765076,0.32827872037887573,-0.726574718952179,0.2840690016746521,0.20381872355937958,-0.3605821132659912
1749033599.778976,0.46318304538726807,-1.876887937585348,1.246545139943258,1.8474387365528564,-1.310976807271139,0.9361672401428223,-0.08979734033346176,0.06664849817752838,-0.06673286855220795,-0.14934831857681274,0.15492109954357147,-0.633429765701294,-0.3262676000595093,0.3371131420135498,-0.7531219124794006,0.26512664556503296,0.22495430707931519,-0.3420502841472626
1749033599.7790127,0.462965726852417,-1.8767177067198695,1.2463815847979944,1.847118540401123,-1.310638729725973,0.9349369406700134,-0.08885421603918076,0.0682518407702446,-0.06966888904571533,-0.14913669228553772,0.15750381350517273,-0.6320630311965942,-0.3729196786880493,0.31125304102897644,-0.6962001323699951,0.26549890637397766,0.21355529129505157,-0.3220444619655609
1749033599.7790492,0.46281930804252625,-1.8766046963133753,1.2462289969073694,1.8468214708515625,-1.3103068510638636,0.9336317777633667,-0.08958365023136139,0.06716252863407135,-0.06798016279935837,-0.14882394671440125,0.15639658272266388,-0.6326316595077515,-0.35966557264328003,0.3240569233894348,-0.7354692220687866,0.2688303589820862,0.17804177105426788,-0.3665519952774048
1749033599.7790859,0.4626282751560211,-1.8765036068358363,1.2461093107806605,1.846529408092163,-1.3099682966815394,0.9324088096618652,-0.08938175439834595,0.06605244427919388,-0.06916724145412445,-0.1469893753528595,0.1543758064508438,-0.635547399520874,-0.34638386964797974,0.3200078010559082,-0.6958263516426086,0.2697305381298065,0.18590806424617767,-0.31978607177734375
1749033599.779122,0.4624495208263397,-1.8763491115965785,1.2459500471698206,1.846228762263916,-1.3095830122577112,0.9310834407806396,-0.08870004117488861,0.06560137122869492,-0.07015840709209442,-0.1497957408428192,0.15319962799549103,-0.6358768939971924,-0.353580504655838,0.3179793655872345,-0.7051657438278198,0.23953017592430115,0.17935554683208466,-0.2998887598514557
1749033599.7796798,0.46230319142341614,-1.8762246570982875,1.2458370367633265,1.8459347921558837,-1.309291187916891,0.9298470616340637,-0.08847126364707947,0.06574419140815735,-0.06963158398866653,-0.14930202066898346,0.15259359776973724,-0.6325229406356812,-0.3595024347305298,0.3211679756641388,-0.7006930708885193,0.2866175174713135,0.1760503053665161,-0.32174789905548096
1749033599.7816532,0.4621059000492096,-1.876073499719137,1.2457049528705042,1.8456033903309326,-1.3089783827411097,0.9285422563552856,-0.08854524046182632,0.06636496633291245,-0.0687900185585022,-0.1485472172498703,0.1517469882965088,-0.6313310861587524,-0.3599071204662323,0.33421534299850464,-0.7049794793128967,0.2871130108833313,0.17623788118362427,-0.32023364305496216
1749033599.8223069,0.4619677662849426,-1.8759294948973597,1.2455766836749476,1.845289869899414,-1.3086946646319788,0.9273312091827393,-0.08869337290525436,0.06601054221391678,-0.07027912884950638,-0.152211531996727,0.1506548523902893,-0.6279790997505188,-0.36711275577545166,0.3165123462677002,-0.6903490424156189,0.2885569930076599,0.19143512845039368,-0.3578057289123535
1749033599.822354,0.4617695212364197,-1.8757854900755824,1.2454188505755823,1.8450051981159667,-1.308371369038717,0.926105797290802,-0.08964085578918457,0.070205919444561,-0.0665871649980545,-0.14856986701488495,0.1493515968322754,-0.6296140551567078,-0.353897362947464,0.3003130555152893,-0.7031500935554504,0.30952784419059753,0.1737280786037445,-0.39652764797210693
1749033599.8223977,0.4615522623062134,-1.8756996593871058,1.2453292051898401,1.8447043138691406,-1.3080700079547327,0.9248015284538269,-0.08853131532669067,0.0667823776602745,-0.06581434607505798,-0.1484488695859909,0.14805778861045837,-0.6334293484687805,-0.35758769512176514,0.31765952706336975,-0.7195037603378296,0.2987654507160187,0.20973382890224457,-0.33056139945983887
1749033599.822445,0.46139979362487793,-1.8755418262877406,1.2451627890216272,1.8443996149250488,-1.3077710310565394,0.9235543608665466,-0.09166119247674942,0.06751156598329544,-0.0697978287935257,-0.14767935872077942,0.14860796928405762,-0.6321365237236023,-0.30745404958724976,0.32221096754074097,-0.6914456486701965,0.3024914562702179,0.20347632467746735,-0.34784838557243347
1749033599.8224885,0.4612049460411072,-1.8754283390440882,1.2450349966632288,1.8441268640705566,-1.3075030485736292,0.9222728610038757,-0.08766033500432968,0.06834907084703445,-0.0666072741150856,-0.14700163900852203,0.14838093519210815,-0.6311717629432678,-0.3514414131641388,0.2879209518432617,-0.7068804502487183,0.28616011142730713,0.20879217982292175,-0.35687246918678284
1749033599.822528,0.4610130488872528,-1.8752690754332484,1.2449029127704065,1.8438140588947753,-1.3071954886065882,0.9210336804389954,-0.08936216682195663,0.06783158332109451,-0.06766964495182037,-0.14653964340686798,0.15136191248893738,-0.6312826871871948,-0.348976731300354,0.29079461097717285,-0.7071686387062073,0.29257309436798096,0.1780526340007782,-0.3246745467185974
1749033599.8225722,0.4608531892299652,-1.8751713238158167,1.2447708288775843,1.8435255724140625,-1.3069165388690394,0.9197566509246826,-0.08859717845916748,0.06716746836900711,-0.06812328845262527,-0.1455642580986023,0.1484990417957306,-0.6314452290534973,-0.35076087713241577,0.34270668029785156,-0.7100514769554138,0.297510027885437,0.19340567290782928,-0.3759542405605316
1749033599.8226125,0.460689902305603,-1.8750206432738246,1.2446301619159144,1.8432399469562988,-1.3065970579730433,0.9184790849685669,-0.0889742374420166,0.06719972938299179,-0.06848827004432678,-0.14606347680091858,0.15036341547966003,-0.6317554116249084,-0.35379040241241455,0.3139764964580536,-0.7030523419380188,0.26909199357032776,0.21594609320163727,-0.33429408073425293
1749033599.8226542,0.4605058431625366,-1.8748647175230921,1.2444947401629847,1.842928333873413,-1.3062356154071253,0.9171980023384094,-0.0898958072066307,0.06743355095386505,-0.0688164234161377,-0.146647110581398,0.15266446769237518,-0.6299153566360474,-0.33305221796035767,0.3208276033401489,-0.689838707447052,0.3001987636089325,0.20044749975204468,-0.31643781065940857
1749033599.822693,0.46034160256385803,-1.8747359714903773,1.2443903128253382,1.8426508146473388,-1.3060415426837366,0.9159959554672241,-0.08911224454641342,0.06745540350675583,-0.0682636946439743,-0.14576515555381775,0.15137620270252228,-0.629332423210144,-0.34226661920547485,0.314624547958374,-0.695601761341095,0.2842480540275574,0.18158824741840363,-0.36698564887046814
1749033599.8227308,0.46034160256385803,-1.8747359714903773,1.2443903128253382,1.8426508146473388,-1.3060415426837366,0.9159959554672241,-0.08911224454641342,0.06745540350675583,-0.0682636946439743,-0.14576515555381775,0.15137620270252228,-0.629332423210144,-0.34226661920547485,0.314624547958374,-0.695601761341095,0.2842480540275574,0.18158824741840363,-0.36698564887046814
1749033599.8227682,0.4601398706436157,-1.8746124706664027,1.244227711354391,1.8423425394245605,-1.3056920210467737,0.9147458672523499,-0.08895458281040192,0.06698989868164062,-0.06790485233068466,-0.14864711463451385,0.15323001146316528,-0.6298771500587463,-0.3480445444583893,0.3514518141746521,-0.6965113878250122,0.29850006103515625,0.2198595553636551,-0.34515175223350525
1749033599.822812,0.45979976654052734,-1.8743630848326625,1.2439630667315882,1.841749592418335,-1.3051322142230433,0.912195086479187,-0.08680173754692078,0.06876598298549652,-0.06718647480010986,-0.14473506808280945,0.1530023068189621,-0.6335768103599548,-0.3867359161376953,0.313105046749115,-0.7062510848045349,0.28079336881637573,0.21976664662361145,-0.37648606300354004
1749033599.8228514,0.4596244990825653,-1.8741771183409632,1.2438505331622522,1.8414642053791503,-1.3048294226275843,0.9109225273132324,-0.08956793695688248,0.06773717701435089,-0.06666293740272522,-0.14560838043689728,0.15412460267543793,-0.6360640525817871,-0.3581928014755249,0.2999643087387085,-0.7089306116104126,0.28188356757164,0.2216629832983017,-0.3324825167655945
1749033599.8228886,0.4594452381134033,-1.8740793667235316,1.2436993757831019,1.8411566454121093,-1.3045271078692835,0.9096770882606506,-0.08615390956401825,0.06643924117088318,-0.06665638834238052,-0.14667901396751404,0.15238459408283234,-0.635830283164978,-0.37277108430862427,0.3194258213043213,-0.7099798321723938,0.3041737377643585,0.23857209086418152,-0.32765501737594604
1749033599.8229253,0.45929720997810364,-1.8739320240416468,1.2435677687274378,1.8408586221882324,-1.3041895071612757,0.9083998203277588,-0.08801252394914627,0.06594865769147873,-0.06704071909189224,-0.147062748670578,0.15638621151447296,-0.632110059261322,-0.37373942136764526,0.33873915672302246,-0.7257022857666016,0.3046920895576477,0.21005484461784363,-0.34187886118888855
1749033599.8229625,0.4591025412082672,-1.8737999401488246,1.2434423605548304,1.8406013685413818,-1.303927246724264,0.9071241617202759,-0.08833308517932892,0.06558201462030411,-0.06694380939006805,-0.14636635780334473,0.15340636670589447,-0.6324999332427979,-0.3560517430305481,0.3508692681789398,-0.7064663171768188,0.3058086931705475,0.23244421184062958,-0.3224923610687256
1749033599.822999,0.45894181728363037,-1.8736769161620082,1.2432883421527308,1.8402892786213378,-1.3035901228534144,0.9059022665023804,-0.08856011182069778,0.06625620275735855,-0.06741159409284592,-0.1479668915271759,0.15305723249912262,-0.632460355758667,-0.387392520904541,0.3304467797279358,-0.7132692933082581,0.3198273777961731,0.2501601576805115,-0.36680522561073303
1749033599.8230355,0.45876625180244446,-1.873523851434225,1.2431753317462366,1.8399759966083984,-1.3032286802874964,0.9045768976211548,-0.08976573497056961,0.0692688524723053,-0.06763624399900436,-0.1491602659225464,0.1562977433204651,-0.6352545619010925,-0.3615823984146118,0.32113581895828247,-0.7165329456329346,0.31728678941726685,0.21313023567199707,-0.3470093309879303
1749033599.8230722,0.45855122804641724,-1.873423238793844,1.2430432478534144,1.8396836954304199,-1.302908722554342,0.9033055901527405,-0.09005342423915863,0.06557837873697281,-0.06733186542987823,-0.1480904072523117,0.1555628627538681,-0.633449912071228,-0.3250824213027954,0.33364272117614746,-0.7080995440483093,0.31640857458114624,0.2262810617685318,-0.2899891138076782
1749033599.8236594,0.45836368203163147,-1.8732530079283656,1.2429078261004847,1.8393522936054687,-1.3026288191424769,0.9020507335662842,-0.08983810991048813,0.06576146185398102,-0.06723042577505112,-0.15116587281227112,0.15611274540424347,-0.6300956010818481,-0.3573768734931946,0.3540870249271393,-0.7080874443054199,0.3182186484336853,0.20966820418834686,-0.3363657593727112
1749033599.825647,0.45820289850234985,-1.8731476269164027,1.2427828947650355,1.8390585619160156,-1.3022506872760218,0.9007810950279236,-0.08994348347187042,0.07048842310905457,-0.06791694462299347,-0.15006598830223083,0.15727180242538452,-0.6269828677177429,-0.3265354633331299,0.28423547744750977,-0.7214410901069641,0.34790611267089844,0.19895455241203308,-0.29185402393341064
1749033599.8662875,0.4580046236515045,-1.8730036220946253,1.2426469961749476,1.8387414652058105,-1.3019707838641565,0.8995357751846313,-0.08980554342269897,0.06658722460269928,-0.0678953230381012,-0.14720621705055237,0.1570783406496048,-0.6256238222122192,-0.32574331760406494,0.32981806993484497,-0.7069365978240967,0.34722739458084106,0.1990024745464325,-0.36165517568588257
1749033599.866334,0.45783179998397827,-1.8728295765318812,1.2425373236285608,1.838442011470459,-1.3016775290118616,0.8983251452445984,-0.08980947732925415,0.06800927966833115,-0.06632772833108902,-0.1483917385339737,0.15609106421470642,-0.6292219758033752,-0.33514702320098877,0.3175680935382843,-0.7363481521606445,0.331978440284729,0.20508664846420288,-0.38569167256355286
1749033599.8663754,0.4576490521430969,-1.872704645196432,1.2423613707171839,1.8381563860126953,-1.3013089338885706,0.8969834446907043,-0.08840944617986679,0.06886202841997147,-0.06671147048473358,-0.14576895534992218,0.15617115795612335,-0.6322901844978333,-0.3480285108089447,0.31089815497398376,-0.7361158728599548,0.3547959327697754,0.17793601751327515,-0.3284449875354767
1749033599.8664145,0.45745015144348145,-1.872584959069723,1.2422474066363733,1.837843580836914,-1.3010132948504847,0.8957514762878418,-0.08789070695638657,0.06826315075159073,-0.06872202455997467,-0.14414460957050323,0.15520834922790527,-0.6294892430305481,-0.3337470293045044,0.2718258202075958,-0.7032071948051453,0.33693283796310425,0.1846899688243866,-0.35171112418174744
1749033599.8664575,0.4572780728340149,-1.8724214039244593,1.2421076933490198,1.8375550943562011,-1.3007333914386194,0.8945372700691223,-0.08663149178028107,0.06790373474359512,-0.06507141143083572,-0.14397266507148743,0.1530018448829651,-0.6270372271537781,-0.3945728540420532,0.2966266870498657,-0.7372795343399048,0.3603389263153076,0.21517173945903778,-0.34827837347984314
1749033599.8664968,0.45710307359695435,-1.8722616634764613,1.2420061270343226,1.8372501569935302,-1.3004115263568323,0.8932561278343201,-0.0882808193564415,0.06818150728940964,-0.06588456779718399,-0.14280733466148376,0.15493230521678925,-0.6267942190170288,-0.34651511907577515,0.30879953503608704,-0.7446486353874207,0.32973307371139526,0.20660483837127686,-0.3816675543785095
1749033599.8665347,0.45693227648735046,-1.8721219501891078,1.2418549696551722,1.8370088773914794,-1.30009633699526,0.8920567035675049,-0.08580254763364792,0.06648607552051544,-0.06663920730352402,-0.1404828578233719,0.1513894498348236,-0.6280126571655273,-0.3804734945297241,0.28898489475250244,-0.7210157513618469,0.3229227066040039,0.22597554326057434,-0.43278539180755615
1749033599.8665726,0.4567439556121826,-1.8720632992186488,1.2417081038104456,1.8367251592823486,-1.2998235861407679,0.8907315731048584,-0.09130936115980148,0.06834571063518524,-0.0668855682015419,-0.14083528518676758,0.15437816083431244,-0.633388876914978,-0.30089184641838074,0.2791861891746521,-0.7432133555412292,0.31242507696151733,0.1688358336687088,-0.3331122398376465
1749033599.8666158,0.4565962851047516,-1.8718835316100062,1.241586987172262,1.8364392954060058,-1.299509350453512,0.8894975781440735,-0.08540192246437073,0.06685378402471542,-0.06747633963823318,-0.14014263451099396,0.154147669672966,-0.6354423761367798,-0.3702000081539154,0.2991018295288086,-0.7513294816017151,0.29061275720596313,0.18480202555656433,-0.32832950353622437
1749033599.8666558,0.456409215927124,-1.871744295159811,1.2414739767657679,1.8361591535755615,-1.2991669813739222,0.8882089853286743,-0.08729838579893112,0.0684722363948822,-0.06815549731254578,-0.14205017685890198,0.15344765782356262,-0.6328469514846802,-0.3710107207298279,0.30753621459007263,-0.7080005407333374,0.28002074360847473,0.1965225487947464,-0.36445140838623047
1749033599.866694,0.45622169971466064,-1.8716312847533167,1.2412832419024866,1.8358942705341796,-1.298889462147848,0.8869174122810364,-0.0885768011212349,0.06754055619239807,-0.06625550985336304,-0.14480547606945038,0.1547870635986328,-0.6325444579124451,-0.36137163639068604,0.27303338050842285,-0.7601770162582397,0.29788970947265625,0.18802952766418457,-0.3562704920768738
1749033599.8667305,0.4559841454029083,-1.8715044460692347,1.2411983648883265,1.8356053072163085,-1.298579517995016,0.8857158422470093,-0.0883404016494751,0.06594225019216537,-0.06700541079044342,-0.14283280074596405,0.15556484460830688,-0.6288882493972778,-0.33382004499435425,0.30130404233932495,-0.761715292930603,0.30436691641807556,0.177268847823143,-0.35515302419662476
1749033599.8667674,0.4558626711368561,-1.8713671169676722,1.241035286580221,1.8353165823170166,-1.2982800642596644,0.8844002485275269,-0.08736974745988846,0.06595797091722488,-0.07016389071941376,-0.14645379781723022,0.15408524870872498,-0.6326846480369568,-0.33807334303855896,0.30477428436279297,-0.71128249168396,0.2881033420562744,0.1889561265707016,-0.36803877353668213
1749033599.8668041,0.4556865394115448,-1.8712197742857875,1.2409375349627894,1.8350321489521484,-1.2979849020587366,0.8831422924995422,-0.08722422271966934,0.06742522120475769,-0.06668850779533386,-0.14546896517276764,0.15275847911834717,-0.6348378658294678,-0.33073320984840393,0.2838331460952759,-0.7390221357345581,0.31094807386398315,0.20045983791351318,-0.2960192561149597
1749033599.8668416,0.45550841093063354,-1.871068616906637,1.2407782713519495,1.8347202974506835,-1.2976506392108362,0.8818883299827576,-0.08935844153165817,0.06471347063779831,-0.06740846484899521,-0.14381498098373413,0.15208393335342407,-0.6303189992904663,-0.332642525434494,0.3403579890727997,-0.7485265731811523,0.27397608757019043,0.19769077003002167,-0.31570449471473694
1749033599.866879,0.4553319811820984,-1.8709832630553187,1.2406423727618616,1.8344382482716064,-1.2973745504962366,0.8806852698326111,-0.08679181337356567,0.06587094068527222,-0.06754333525896072,-0.1463802605867386,0.15237270295619965,-0.6272936463356018,-0.33386287093162537,0.316192090511322,-0.7302857041358948,0.29340875148773193,0.20088283717632294,-0.3302316665649414
1749033599.8669157,0.4551444351673126,-1.8708511791624964,1.2404916922198694,1.8341337877460937,-1.2970264593707483,0.879348635673523,-0.08678324520587921,0.06578698754310608,-0.06708180904388428,-0.1453792303800583,0.1532248705625534,-0.6251474618911743,-0.37004053592681885,0.3091566860675812,-0.7455567121505737,0.30179885029792786,0.18330374360084534,-0.34422793984413147
1749033599.8669527,0.45496946573257446,-1.8706919155516566,1.2403786818133753,1.83384553968396,-1.2967961470233362,0.878145158290863,-0.08793563395738602,0.06586536765098572,-0.06733561307191849,-0.14614297449588776,0.15003277361392975,-0.6250657439231873,-0.29639023542404175,0.30405282974243164,-0.7455553412437439,0.2891227602958679,0.22262455523014069,-0.3778628408908844
1749033599.8669896,0.4548007845878601,-1.8705750904478968,1.2402470747577112,1.8335489469715576,-1.2964847723590296,0.8768877983093262,-0.08567249774932861,0.06612937152385712,-0.06694406270980835,-0.14601385593414307,0.15255647897720337,-0.6293197870254517,-0.3679075241088867,0.3087300658226013,-0.7529066205024719,0.2889859974384308,0.22905616462230682,-0.3316664397716522
1749033599.8670294,0.45461753010749817,-1.8704282246031703,1.2400992552386683,1.833275242442749,-1.2961857954608362,0.8756186962127686,-0.08622251451015472,0.06669234484434128,-0.06896546483039856,-0.14736954867839813,0.15182946622371674,-0.6282303333282471,-0.34712132811546326,0.30135101079940796,-0.7455809712409973,0.31411927938461304,0.2253357470035553,-0.2998230457305908
1749033599.8676484,0.45444291830062866,-1.8703185520567835,1.2399705092059534,1.8329550462910156,-1.2958834807025355,0.8743762969970703,-0.08737403899431229,0.06642870604991913,-0.06730277091264725,-0.14617519080638885,0.15198376774787903,-0.6270597577095032,-0.35063403844833374,0.2926361858844757,-0.7324972748756409,0.30056554079055786,0.24538448452949524,-0.3365364670753479
1749033599.8696363,0.4543203115463257,-1.8701826534666957,1.239835564290182,1.83268587171521,-1.295591179524557,0.8730711340904236,-0.08577955514192581,0.06623100489377975,-0.06704341620206833,-0.14665736258029938,0.15228351950645447,-0.6272508502006531,-0.3671659827232361,0.3134594261646271,-0.7378202676773071,0.2811506688594818,0.2519441545009613,-0.3129163384437561
1749033599.9103591,0.4540911316871643,-1.8700128994383753,1.239676300679342,1.83236209928479,-1.2952645460711878,0.8718370795249939,-0.08728158473968506,0.06746342033147812,-0.06782396137714386,-0.14699530601501465,0.1552189588546753,-0.6232048869132996,-0.3294805586338043,0.2765921950340271,-0.7301363945007324,0.31123852729797363,0.22834843397140503,-0.3643069267272949
1749033599.910406,0.45390763878822327,-1.8699151478209437,1.2395437399493616,1.8320764738270263,-1.29492694536318,0.8705284595489502,-0.08695770800113678,0.06663892418146133,-0.06815990805625916,-0.14477263391017914,0.15660500526428223,-0.625396192073822,-0.347167432308197,0.30384552478790283,-0.7196463346481323,0.2978171110153198,0.22899290919303894,-0.35539254546165466
1749033599.9104476,0.4537712633609772,-1.869730135003561,1.2394307295428675,1.8318192201801757,-1.294607941304342,0.8692947030067444,-0.0867733433842659,0.06633360683917999,-0.06822047382593155,-0.1441454142332077,0.1565777063369751,-0.6291896104812622,-0.37341588735580444,0.32988375425338745,-0.7313181161880493,0.2628937363624573,0.2172679603099823,-0.28769615292549133
1749033599.9104886,0.4536469876766205,-1.869655271569723,1.2392867247210901,1.8315266805836181,-1.2942808310138147,0.8680334687232971,-0.08703842759132385,0.06650964170694351,-0.0682387575507164,-0.14797966182231903,0.1567247360944748,-0.6256561279296875,-0.3693215847015381,0.3044189214706421,-0.7249979376792908,0.2901816964149475,0.22231385111808777,-0.3160504698753357
1749033599.910542,0.4534569978713989,-1.8694879017271937,1.2391427198993128,1.8312575060078125,-1.2940128485309046,0.8668197393417358,-0.08737850934267044,0.06517559289932251,-0.06853406131267548,-0.14633965492248535,0.1554424911737442,-0.6254218220710754,-0.3929169774055481,0.31340450048446655,-0.7189904451370239,0.28202658891677856,0.20833031833171844,-0.31089261174201965
1749033599.910583,0.45327597856521606,-1.869352479974264,1.2390039602862757,1.830953522319458,-1.2936742941485804,0.8655437231063843,-0.08763373643159866,0.06815750896930695,-0.06804338097572327,-0.14823652803897858,0.15841247141361237,-0.6232321262359619,-0.35166803002357483,0.29265785217285156,-0.7246339917182922,0.3052400052547455,0.19077029824256897,-0.3184751868247986
1749033599.9106212,0.4531048834323883,-1.8692661724486292,1.2388876120196741,1.8306488233753662,-1.2933819929706019,0.8643341064453125,-0.08641289174556732,0.0650569424033165,-0.06809335947036743,-0.1480727195739746,0.15442019701004028,-0.6200510263442993,-0.3706563711166382,0.29781344532966614,-0.7226454615592957,0.30006715655326843,0.20403757691383362,-0.396808922290802
1749033599.910659,0.45291799306869507,-1.8690992794432582,1.2387507597552698,1.8303724962421875,-1.2930439154254358,0.8631015419960022,-0.09003008157014847,0.0649050921201706,-0.06719722598791122,-0.14928053319454193,0.15358473360538483,-0.6224082112312317,-0.38250136375427246,0.3412885069847107,-0.7404814958572388,0.29043155908584595,0.21025316417217255,-0.37976643443107605
1749033599.9106987,0.4527185261249542,-1.8689638576903285,1.2386029402362269,1.830052300090454,-1.292762581502096,0.8618674278259277,-0.08802324533462524,0.06817645579576492,-0.06917616724967957,-0.15020230412483215,0.15791085362434387,-0.6254634857177734,-0.3603019714355469,0.31207144260406494,-0.6976571679115295,0.2794598937034607,0.18504534661769867,-0.34670644998550415
1749033599.9107368,0.45253986120224,-1.8688351116576136,1.238455597554342,1.829782410258911,-1.29240590730776,0.8606184124946594,-0.08850810676813126,0.06682012230157852,-0.06618902087211609,-0.1497761309146881,0.15357236564159393,-0.6255212426185608,-0.37936219573020935,0.2658279836177826,-0.7353852987289429,0.29448604583740234,0.2013370841741562,-0.3685603141784668
1749033599.9107745,0.4523523449897766,-1.8686806164183558,1.2383392492877405,1.829470081920288,-1.2921226660357874,0.8593703508377075,-0.08552246540784836,0.06390780955553055,-0.06658793985843658,-0.14950881898403168,0.1543351113796234,-0.625077486038208,-0.3868354856967926,0.3488968014717102,-0.7305114269256592,0.29476550221443176,0.19754905998706818,-0.35828882455825806
1749033599.9108114,0.4521653354167938,-1.868580003777975,1.238176170979635,1.8291846948811035,-1.2917874495135706,0.8580743670463562,-0.08709597587585449,0.06574933975934982,-0.06885185092687607,-0.152690127491951,0.15517868101596832,-0.6260920166969299,-0.3630591332912445,0.3116520941257477,-0.7079930305480957,0.30649256706237793,0.18573585152626038,-0.38073301315307617
1749033599.9108486,0.4519849419593811,-1.8684398136534632,1.2380598227130335,1.8288253980823974,-1.2915194670306605,0.8568403720855713,-0.08665797114372253,0.06553956866264343,-0.06690946221351624,-0.14939895272254944,0.15400764346122742,-0.6277186870574951,-0.3748731017112732,0.3340126574039459,-0.7014962434768677,0.30788883566856384,0.20010606944561005,-0.34557563066482544
1749033599.9108849,0.45182543992996216,-1.8682996235289515,1.2379120031939905,1.8285118776508789,-1.2912514845477503,0.8556103110313416,-0.08635062724351883,0.06534752249717712,-0.06709954887628555,-0.14852724969387054,0.1526840627193451,-0.6288900375366211,-0.3665464222431183,0.31878146529197693,-0.7113791108131409,0.31749606132507324,0.22576673328876495,-0.3283027410507202
1749033599.9109218,0.45165684819221497,-1.8681751690306605,1.237784210835592,1.8282272058674316,-1.2909138838397425,0.8542931079864502,-0.08646190911531448,0.06610222905874252,-0.06780285388231277,-0.1520499438047409,0.1525437831878662,-0.6256770491600037,-0.36168670654296875,0.30785873532295227,-0.7128448486328125,0.3471861481666565,0.2082909792661667,-0.36203330755233765
1749033599.9109585,0.4514937698841095,-1.8680397472777308,1.2376554648028772,1.827923222179077,-1.2906301657306116,0.8531239628791809,-0.08613695204257965,0.06737733632326126,-0.06782200932502747,-0.14701898396015167,0.15251867473125458,-0.6257402896881104,-0.3916442394256592,0.31224000453948975,-0.7048146724700928,0.3129956126213074,0.23813332617282867,-0.3851999342441559
1749033599.9109957,0.45124921202659607,-1.8679315052428187,1.2375043074237269,1.8276445108601074,-1.2903550306903284,0.8518274426460266,-0.08939286321401596,0.06637925654649734,-0.06720452010631561,-0.14763350784778595,0.15410859882831573,-0.6297613382339478,-0.3492419719696045,0.3287803530693054,-0.7038536071777344,0.31570592522621155,0.2137572020292282,-0.3629690110683441
1749033599.911032,0.45112282037734985,-1.8677875004210414,1.2373841444598597,1.8273488718220214,-1.2900403181659144,0.8506219983100891,-0.08863944560289383,0.06800006330013275,-0.06657154113054276,-0.14625169336795807,0.15155437588691711,-0.6306352019309998,-0.3557855188846588,0.268583744764328,-0.7280447483062744,0.32988783717155457,0.23020197451114655,-0.38163620233535767
1749033599.9110684,0.4509589970111847,-1.8676868877806605,1.2372406164752405,1.8270794588276367,-1.289753262196676,0.8493008017539978,-0.08870283514261246,0.07006858289241791,-0.06937697529792786,-0.14596153795719147,0.15384168922901154,-0.631331205368042,-0.3495795726776123,0.2698574662208557,-0.6910952925682068,0.3351834714412689,0.23665481805801392,-0.34666648507118225
1749033599.911106,0.4507637321949005,-1.8675271473326625,1.2371047178851526,1.8268224435993652,-1.2894380728351038,0.8480665683746338,-0.08511435985565186,0.06566867977380753,-0.06489542871713638,-0.1425808072090149,0.15436477959156036,-0.629652202129364,-0.37964046001434326,0.2669169008731842,-0.742702305316925,0.2707972228527069,0.22766882181167603,-0.3246408998966217
1749033599.9116695,0.4505998194217682,-1.8673883877196253,1.236964527760641,1.8265415865131835,-1.2891462484942835,0.8468258380889893,-0.0865592360496521,0.0657346323132515,-0.06513527780771255,-0.1422073245048523,0.15534351766109467,-0.6296190023422241,-0.3803724944591522,0.3076588809490204,-0.742140531539917,0.27829796075820923,0.24560809135437012,-0.3671985864639282
1749033599.9136462,0.4505998194217682,-1.8673883877196253,1.236964527760641,1.8265415865131835,-1.2891462484942835,0.8468258380889893,-0.0865592360496521,0.0657346323132515,-0.06513527780771255,-0.1422073245048523,0.15534351766109467,-0.6296190023422241,-0.3803724944591522,0.3076588809490204,-0.742140531539917,0.27829796075820923,0.24560809135437012,-0.3671985864639282
1749033599.958325,0.45022183656692505,-1.8671466312804164,1.236704174672262,1.8259922701069335,-1.288527790700094,0.844329297542572,-0.08784118294715881,0.0669708326458931,-0.06617984920740128,-0.1421734243631363,0.15804892778396606,-0.6308478713035583,-0.3613782823085785,0.28078824281692505,-0.7053617238998413,0.2472238838672638,0.21201765537261963,-0.3383788466453552
1749033599.9583714,0.4500301480293274,-1.8669916592040003,1.2365482489215296,1.8256491857716064,-1.2881973425494593,0.8430147767066956,-0.08742215484380722,0.06607107818126678,-0.06635988503694534,-0.14232748746871948,0.15904715657234192,-0.6322636604309082,-0.3486478924751282,0.32903632521629333,-0.7118353247642517,0.2417851984500885,0.2266814112663269,-0.3500327467918396
1749033599.958413,0.4498557150363922,-1.8668323955931605,1.2364166418658655,1.8253325658985595,-1.2878506819354456,0.8417639136314392,-0.08750169724225998,0.06826795637607574,-0.06671135872602463,-0.1463930457830429,0.15815480053424835,-0.6347115635871887,-0.3512879014015198,0.30830127000808716,-0.7012077569961548,0.2621385455131531,0.22844713926315308,-0.30095118284225464
1749033599.9584525,0.44971394538879395,-1.8667389355101527,1.2362807432757776,1.8250598150440673,-1.2875188032733362,0.8404799699783325,-0.08768391609191895,0.0683332085609436,-0.06622637063264847,-0.1438528448343277,0.1574360579252243,-0.6336821913719177,-0.37767383456230164,0.31781691312789917,-0.7158814668655396,0.24205759167671204,0.2021200954914093,-0.3298816680908203
1749033599.9584906,0.44950371980667114,-1.8665720425047816,1.236164395009176,1.8247698980518798,-1.2872474829303187,0.8392103314399719,-0.08905336260795593,0.06771394610404968,-0.06617310643196106,-0.14658384025096893,0.15591591596603394,-0.6319272518157959,-0.35404255986213684,0.29211634397506714,-0.7282671332359314,0.2497664988040924,0.21215444803237915,-0.3028082847595215
1749033599.958528,0.44935134053230286,-1.866443773309225,1.2360566298114222,1.824465199107788,-1.2868974844561976,0.8379651308059692,-0.08582133054733276,0.06643478572368622,-0.06592144072055817,-0.14697349071502686,0.15459588170051575,-0.6275214552879333,-0.30503177642822266,0.2588442265987396,-0.7100729942321777,0.29015859961509705,0.1855689138174057,-0.22449681162834167
1749033599.9585657,0.44920000433921814,-1.8663460216917933,1.2359197775470179,1.8241798120686035,-1.2866132895099085,0.8367183804512024,-0.08326798677444458,0.06236722320318222,-0.06616143882274628,-0.1440928876399994,0.15589702129364014,-0.619515597820282,-0.36639004945755005,0.30179089307785034,-0.7202838063240051,0.2763221263885498,0.1761244535446167,-0.2893292009830475
1749033599.9586027,0.4490319788455963,-1.8661724529662074,1.2358186880694788,1.8238567548939209,-1.2862566153155726,0.8355245590209961,-0.08334393799304962,0.06238049641251564,-0.06563267856836319,-0.14542686939239502,0.1518595814704895,-0.6178723573684692,-0.4160377085208893,0.36059290170669556,-0.7095740437507629,0.27588000893592834,0.2075500637292862,-0.36502158641815186
1749033599.9586442,0.4488373398780823,-1.8660088978209437,1.2356556097613733,1.82355181753125,-1.2859800497638147,0.8342573046684265,-0.08522186428308487,0.06528206914663315,-0.06585101038217545,-0.14636394381523132,0.15139718353748322,-0.6163672208786011,-0.38515716791152954,0.3460880219936371,-0.7055456042289734,0.2838621139526367,0.22434866428375244,-0.3618398904800415
1749033599.958684,0.4486730098724365,-1.8659120998778285,1.2355082670794886,1.8232862192341308,-1.2856796423541468,0.8330433964729309,-0.09016811847686768,0.06741342693567276,-0.06514234095811844,-0.1481650471687317,0.15421104431152344,-0.6205124258995056,-0.36599001288414,0.31676381826400757,-0.7177301049232483,0.2881811261177063,0.20801016688346863,-0.39897075295448303
1749033599.9587224,0.44848179817199707,-1.865779539147848,1.235384766255514,1.8230251508900146,-1.2853673140155237,0.8318052291870117,-0.08665107190608978,0.06718363612890244,-0.06436501443386078,-0.1465742439031601,0.1534980684518814,-0.6257050633430481,-0.39200636744499207,0.31593239307403564,-0.7349674701690674,0.2661578953266144,0.2083325982093811,-0.3869440257549286
1749033599.9587603,0.4482794404029846,-1.8656360111632289,1.235236946736471,1.8226892191120605,-1.285093132649557,0.8305286765098572,-0.088304802775383,0.06764090806245804,-0.06642214953899384,-0.14390547573566437,0.1559125930070877,-0.6254019141197205,-0.39479899406433105,0.32130321860313416,-0.7119809985160828,0.2732393145561218,0.1992882490158081,-0.37745511531829834
1749033599.9588017,0.44810372591018677,-1.8654853306212367,1.2351205984698694,1.8224360185810546,-1.2847402731524866,0.8293470144271851,-0.08816743642091751,0.06759367883205414,-0.06380170583724976,-0.1453605443239212,0.15492074191570282,-0.630625307559967,-0.3354792296886444,0.2835415303707123,-0.7390301823616028,0.2615419626235962,0.23175346851348877,-0.3794040083885193
1749033599.9588401,0.44792038202285767,-1.86537565807485,1.235023323689596,1.8221120077320556,-1.2845185438739222,0.8280141353607178,-0.08756599575281143,0.0667322427034378,-0.06448805332183838,-0.14245487749576569,0.1552991420030594,-0.6339931488037109,-0.38640764355659485,0.30622273683547974,-0.7477972507476807,0.23125216364860535,0.2010183036327362,-0.3227626085281372
1749033599.9588766,0.447783887386322,-1.8652707539000453,1.2348530928241175,1.8218230444141845,-1.2841451803790491,0.8267406225204468,-0.08960399031639099,0.0656028613448143,-0.06593188643455505,-0.14329522848129272,0.15658704936504364,-0.6311164498329163,-0.3289806544780731,0.29165059328079224,-0.7236960530281067,0.21351543068885803,0.2141111195087433,-0.3545083999633789
1749033599.958914,0.4476267695426941,-1.8651148281493128,1.2347090880023401,1.8215345579334716,-1.2838919798480433,0.8255020976066589,-0.0874691754579544,0.06890883296728134,-0.06637313216924667,-0.15021531283855438,0.15646281838417053,-0.6292755007743835,-0.3647277057170868,0.2854129672050476,-0.7475626468658447,0.25402596592903137,0.2032143622636795,-0.3396536707878113
1749033599.9589508,0.4474404454231262,-1.8649865589537562,1.2346118132220667,1.8212689596363525,-1.2835210005389612,0.8242291212081909,-0.08706872910261154,0.06480599194765091,-0.06648151576519012,-0.14825904369354248,0.15610630810260773,-0.6281599402427673,-0.36296144127845764,0.3047734200954437,-0.7430189251899719,0.28028562664985657,0.19177685678005219,-0.3332303762435913
1749033599.9589875,0.4472368359565735,-1.8648320637144984,1.2344573179828089,1.820964975947998,-1.2832396666156214,0.8229943513870239,-0.08901160955429077,0.0663900077342987,-0.06756553053855896,-0.14791607856750488,0.15434016287326813,-0.6258450746536255,-0.39535588026046753,0.3019220232963562,-0.7002513408660889,0.27142536640167236,0.21001982688903809,-0.37585538625717163
1749033599.9590247,0.4470433294773102,-1.8646999798216761,1.2343443075763147,1.8206795889088134,-1.282947842274801,0.821699857711792,-0.08547379076480865,0.06945458054542542,-0.06478771567344666,-0.14955809712409973,0.15736256539821625,-0.6305384039878845,-0.365958034992218,0.2501028776168823,-0.7621394991874695,0.26158469915390015,0.18889650702476501,-0.3401016294956207
1749033599.959071,0.4468896985054016,-1.8645488224425257,1.23419696489443,1.820415659541748,-1.2826483885394495,0.8203783631324768,-0.086224764585495,0.06592260301113129,-0.0655088797211647,-0.14885470271110535,0.15435484051704407,-0.6314933896064758,-0.4011229872703552,0.2797344923019409,-0.7519803643226624,0.28502002358436584,0.2017614245414734,-0.31241375207901
1749033599.959113,0.44671040773391724,-1.8644443951048792,1.234037224446432,1.820110722179077,-1.282337490712301,0.8191832900047302,-0.08850979804992676,0.067038893699646,-0.0684659406542778,-0.14853535592556,0.1540660411119461,-0.6279013752937317,-0.33209988474845886,0.2859698534011841,-0.7117462158203125,0.24850983917713165,0.22554636001586914,-0.3415418863296509
1749033599.9591506,0.4465424716472626,-1.8643347225584925,1.2339332739459437,1.8198024469562988,-1.2820022741900843,0.8179084062576294,-0.08546625077724457,0.0676414966583252,-0.06587284058332443,-0.148872509598732,0.1547337919473648,-0.6276236176490784,-0.4343424141407013,0.2855933606624603,-0.7297131419181824,0.24911506474018097,0.17833489179611206,-0.33466851711273193
1749033599.9596617,0.4463370740413666,-1.8641492329039515,1.233757797871725,1.8195063310810546,-1.2816184202777308,0.8166590332984924,-0.08695224672555923,0.06774159520864487,-0.06701498478651047,-0.1487114429473877,0.1545112282037735,-0.6249415278434753,-0.4034021496772766,0.29937589168548584,-0.7399758100509644,0.244254007935524,0.20007479190826416,-0.36804378032684326
1749033599.9616628,0.4462318420410156,-1.8640672169127406,1.2336295286761683,1.8192486005970459,-1.2813180128680628,0.8153661489486694,-0.08764248341321945,0.06805581599473953,-0.06675603985786438,-0.14984449744224548,0.15627619624137878,-0.628820538520813,-0.3757506310939789,0.26319432258605957,-0.7392853498458862,0.24577143788337708,0.174960657954216,-0.36829978227615356
1749033600.002269,0.4460316002368927,-1.863885065118307,1.233485523854391,1.818904085750244,-1.2809985319720667,0.8140997290611267,-0.08754934370517731,0.06685693562030792,-0.06699896603822708,-0.14778511226177216,0.15679261088371277,-0.6326671242713928,-0.4025062620639801,0.3156515061855316,-0.7182688117027283,0.23325376212596893,0.16106051206588745,-0.30897194147109985
1749033600.002317,0.44586440920829773,-1.8638020954527796,1.2333653608905237,1.818619652385376,-1.280741039906637,0.8128732442855835,-0.08867527544498444,0.06719505041837692,-0.06611640751361847,-0.14917731285095215,0.15605947375297546,-0.6293604373931885,-0.39781394600868225,0.31208860874176025,-0.7487322688102722,0.2327491194009781,0.15553277730941772,-0.3326159417629242
1749033600.0023623,0.4456897974014282,-1.8636318645873011,1.2332056204425257,1.818349762553833,-1.280379597340719,0.8116098046302795,-0.08739680796861649,0.06477320194244385,-0.0660928338766098,-0.15044735372066498,0.15567879378795624,-0.6271066069602966,-0.3936912417411804,0.30958905816078186,-0.7419894337654114,0.2549859881401062,0.154213547706604,-0.3204125761985779
1749033600.0024028,0.4455207288265228,-1.863506933251852,1.2330892721759241,1.8180293279835205,-1.2801035086261194,0.810339629650116,-0.08753900229930878,0.06774714589118958,-0.06704748421907425,-0.14926861226558685,0.1529235988855362,-0.6254008412361145,-0.3857799172401428,0.2791772484779358,-0.7286725044250488,0.2718120217323303,0.16482451558113098,-0.3292900025844574
1749033600.002442,0.445334255695343,-1.863371034661764,1.2329729239093226,1.817725344295166,-1.2797229925738733,0.8090803027153015,-0.08806540817022324,0.06325040012598038,-0.06684883683919907,-0.153570294380188,0.15088483691215515,-0.6228318810462952,-0.3935547173023224,0.33311212062835693,-0.7145872712135315,0.2579905390739441,0.18645694851875305,-0.39014849066734314
1749033600.0024807,0.44501805305480957,-1.8630758724608363,1.2327092329608362,1.8171552854725341,-1.2792132536517542,0.8064937591552734,-0.08941084891557693,0.06878717243671417,-0.06602722406387329,-0.15091052651405334,0.14974594116210938,-0.6309032440185547,-0.40551966428756714,0.299876868724823,-0.7483925223350525,0.25282418727874756,0.1956910938024521,-0.3196367919445038
1749033600.0025191,0.44501805305480957,-1.8630758724608363,1.2327092329608362,1.8171552854725341,-1.2792132536517542,0.8064937591552734,-0.08941084891557693,0.06878717243671417,-0.06602722406387329,-0.15091052651405334,0.14974594116210938,-0.6309032440185547,-0.40551966428756714,0.299876868724823,-0.7483925223350525,0.25282418727874756,0.1956910938024521,-0.3196367919445038
1749033600.0025566,0.4448086619377136,-1.8629752598204554,1.2325966993915003,1.816849871272705,-1.2788565794574183,0.8052647709846497,-0.08914558589458466,0.06509455293416977,-0.06811368465423584,-0.14977768063545227,0.15179584920406342,-0.627970278263092,-0.38187557458877563,0.3047240078449249,-0.7180665135383606,0.2582522928714752,0.19091016054153442,-0.3282933831214905
1749033600.002594,0.44462084770202637,-1.8628550968565882,1.2324212233172815,1.816549463863037,-1.2785876433001917,0.8040397763252258,-0.08782457560300827,0.06528512388467789,-0.06645062565803528,-0.15112388134002686,0.1526053547859192,-0.627606987953186,-0.4137025475502014,0.32438188791275024,-0.7536247968673706,0.2703928053379059,0.15677045285701752,-0.287686824798584
1749033600.0026314,0.44444113969802856,-1.8626920185484828,1.2322891394244593,1.8162059026905517,-1.2782653013812464,0.8027558922767639,-0.09168440103530884,0.06575513631105423,-0.06746328622102737,-0.15209923684597015,0.15051349997520447,-0.6224963665008545,-0.34026461839675903,0.3291294574737549,-0.7312135696411133,0.2919565737247467,0.17104841768741608,-0.3338061571121216
1749033600.002669,0.44427016377449036,-1.8625294170775355,1.2321727911578577,1.8159357744404296,-1.277926270161764,0.8015664219856262,-0.08691561967134476,0.06611097604036331,-0.06758219748735428,-0.15108729898929596,0.15091872215270996,-0.6224064826965332,-0.40463101863861084,0.3257853388786316,-0.7205062508583069,0.28766483068466187,0.17656634747982025,-0.389362096786499
1749033600.0027056,0.4441201686859131,-1.8624078236021937,1.232025448475973,1.8156110483356933,-1.277588192616598,0.8002594113349915,-0.08856385201215744,0.06603467464447021,-0.06875938177108765,-0.15617960691452026,0.15190482139587402,-0.625750720500946,-0.41849276423454285,0.28918787837028503,-0.6863561272621155,0.32201087474823,0.19368039071559906,-0.3473571538925171
1749033600.0027423,0.44392675161361694,-1.8623224697508753,1.231912914906637,1.815309925670288,-1.2773225943194788,0.7990676164627075,-0.08784282207489014,0.06587184220552444,-0.06714591383934021,-0.15053598582744598,0.15055374801158905,-0.624515950679779,-0.39026308059692383,0.32768142223358154,-0.7053656578063965,0.2877103388309479,0.17117272317409515,-0.38702237606048584
1749033600.0027797,0.44375038146972656,-1.862195154229635,1.231760327016012,1.814990683192871,-1.277022663746969,0.7978401780128479,-0.08815814554691315,0.06695612519979477,-0.06749085336923599,-0.1490357369184494,0.15032264590263367,-0.626045286655426,-0.4115167260169983,0.3023422360420227,-0.7077338099479675,0.2812095284461975,0.1909872591495514,-0.3833932876586914
1749033600.0028176,0.4435713589191437,-1.8620511494078578,1.2316249052630823,1.8146936136433105,-1.2767251173602503,0.7965587973594666,-0.08944862335920334,0.06721997261047363,-0.06723947823047638,-0.14916150271892548,0.15185226500034332,-0.6275362968444824,-0.38880443572998047,0.29875683784484863,-0.724926769733429,0.3042088747024536,0.15692967176437378,-0.3568059802055359
1749033600.0028546,0.4433691203594208,-1.861887594262594,1.2314890066729944,1.8143767553516845,-1.2763970533954065,0.7952741980552673,-0.0892782136797905,0.06644973158836365,-0.06683137267827988,-0.14519110321998596,0.14793246984481812,-0.6284263134002686,-0.3918999433517456,0.2921772003173828,-0.7012544274330139,0.3002650737762451,0.1593204140663147,-0.3910953998565674
1749033600.0028956,0.4433691203594208,-1.861887594262594,1.2314890066729944,1.8143767553516845,-1.2763970533954065,0.7952741980552673,-0.0892782136797905,0.06644973158836365,-0.06683137267827988,-0.14519110321998596,0.14793246984481812,-0.6284263134002686,-0.3918999433517456,0.2921772003173828,-0.7012544274330139,0.3002650737762451,0.1593204140663147,-0.3910953998565674
1749033600.002934,0.44300517439842224,-1.8616382084288539,1.2312095800982874,1.8138305383869628,-1.275787655507223,0.7927864193916321,-0.08845435827970505,0.06700294464826584,-0.06642001867294312,-0.14657704532146454,0.15051904320716858,-0.6290585398674011,-0.3645009994506836,0.2912706136703491,-0.7168248891830444,0.30964788794517517,0.15819886326789856,-0.32511666417121887
1749033600.0029714,0.4428757131099701,-1.861483713189596,1.2310970465289515,1.813542290324829,-1.2755234877215784,0.7915355563163757,-0.08708310127258301,0.06658299267292023,-0.0662151500582695,-0.14681477844715118,0.14799532294273376,-0.6288679242134094,-0.39945903420448303,0.27653202414512634,-0.7297359704971313,0.32388561964035034,0.1991645246744156,-0.3581840395927429
1749033600.003014,0.44270145893096924,-1.8613411388792933,1.2309492270099085,1.8132411676594238,-1.2752288023578089,0.7902822494506836,-0.09106326103210449,0.06618769466876984,-0.06696326285600662,-0.14631524682044983,0.14926990866661072,-0.6283894777297974,-0.3597257137298584,0.2738887071609497,-0.7152972221374512,0.31764963269233704,0.19325126707553864,-0.32999321818351746
1749033600.0036666,0.44254112243652344,-1.8612424335875453,1.2308171431170862,1.8129486280628662,-1.2749107519732874,0.7889969944953918,-0.08863823860883713,0.06660253554582596,-0.06696577370166779,-0.14478285610675812,0.1493252068758011,-0.629044234752655,-0.422222763299942,0.2988651692867279,-0.7098396420478821,0.30811452865600586,0.19327011704444885,-0.35430455207824707
1749033600.0056458,0.44233524799346924,-1.861056467095846,1.2306731382953089,1.8126637178608398,-1.2746427694903772,0.7877671122550964,-0.09052369743585587,0.0660926103591919,-0.06766250729560852,-0.1450362652540207,0.15043669939041138,-0.6302465796470642,-0.3651258051395416,0.2852538824081421,-0.6997175216674805,0.30262625217437744,0.20517301559448242,-0.3487129807472229
1749033600.046291,0.44218680262565613,-1.861002107659811,1.2305377165423792,1.8123945432850341,-1.274362866078512,0.786541759967804,-0.08969071507453918,0.06736231595277786,-0.06558617204427719,-0.1450168937444687,0.15193836390972137,-0.6300970315933228,-0.32432207465171814,0.22905346751213074,-0.699349045753479,0.31252947449684143,0.1756879985332489,-0.24469426274299622
1749033600.0463374,0.4419797360897064,-1.860854288140768,1.2304251829730433,1.8120791155048828,-1.273982350026266,0.7852650284767151,-0.08784519881010056,0.06407500803470612,-0.06716395169496536,-0.1425648182630539,0.15133894979953766,-0.6239598989486694,-0.3837895095348358,0.2227732241153717,-0.7255576252937317,0.29760441184043884,0.17627833783626556,-0.2818785309791565
1749033600.0463774,0.44175711274147034,-1.8607102833189906,1.230285946522848,1.8117937284656982,-1.2737334410296839,0.784054696559906,-0.0864209458231926,0.06202688440680504,-0.06511365622282028,-0.1390615999698639,0.15036337077617645,-0.6161456108093262,-0.39069944620132446,0.30524906516075134,-0.7078878283500671,0.29906678199768066,0.1811879277229309,-0.29444169998168945
1749033600.0464172,0.44163253903388977,-1.860556264916891,1.2301386038409632,1.8115245538898925,-1.2734134832965296,0.7828279733657837,-0.08633013069629669,0.06289305537939072,-0.06355652213096619,-0.14318983256816864,0.1509198695421219,-0.613899290561676,-0.37741971015930176,0.3148696720600128,-0.7158201336860657,0.29806843400001526,0.19054988026618958,-0.3039209246635437
1749033600.0464559,0.44148412346839905,-1.8604637585081996,1.2300217787372034,1.8112563329884033,-1.2730992476092737,0.781579852104187,-0.08642452210187912,0.06532437354326248,-0.06324932724237442,-0.14083567261695862,0.15102215111255646,-0.6114102602005005,-0.40153956413269043,0.2683076858520508,-0.7250426411628723,0.31019583344459534,0.15896084904670715,-0.33828163146972656
1749033600.0464947,0.4413330852985382,-1.860288759271139,1.2298625151263636,1.8109509187885742,-1.2727811972247522,0.7803725600242615,-0.0875745415687561,0.06276680529117584,-0.06436461955308914,-0.1417076736688614,0.151039257645607,-0.6138586401939392,-0.4609317183494568,0.36523377895355225,-0.7121482491493225,0.26973941922187805,0.19322387874126434,-0.38805529475212097
1749033600.0465326,0.44115394353866577,-1.8601871929564417,1.2297614256488245,1.810690088863037,-1.2724569479571741,0.7791004180908203,-0.09048435837030411,0.06774184107780457,-0.061231113970279694,-0.14881937205791473,0.15803606808185577,-0.6193909049034119,-0.4278234541416168,0.3374277651309967,-0.7447120547294617,0.3060733377933502,0.14648887515068054,-0.34903913736343384
1749033600.0465732,0.4410020112991333,-1.8600746593871058,1.2296102682696741,1.8104135233112792,-1.2721813360797327,0.7778654098510742,-0.0907982587814331,0.06919800490140915,-0.06280630826950073,-0.14705193042755127,0.15515774488449097,-0.6194364428520203,-0.4233318567276001,0.3088519871234894,-0.7350906133651733,0.2961236834526062,0.15170486271381378,-0.37395116686820984
1749033600.0466113,0.4407948851585388,-1.8599730930724085,1.22947866121401,1.8101045328327636,-1.2718938032733362,0.7765801548957825,-0.09100017696619034,0.06891383975744247,-0.06412642449140549,-0.14785532653331757,0.15365824103355408,-0.6239374279975891,-0.4074135422706604,0.31565722823143005,-0.7418391704559326,0.3242751359939575,0.16254973411560059,-0.34475812315940857
1749033600.0466483,0.44060781598091125,-1.8598219356932582,1.2293694655047815,1.809812231654785,-1.2715657393084925,0.7753674983978271,-0.09094513952732086,0.06778534501791,-0.06496124714612961,-0.1477656364440918,0.15375564992427826,-0.623299241065979,-0.4158467650413513,0.29844164848327637,-0.7250080108642578,0.28779441118240356,0.14756838977336884,-0.35483837127685547
1749033600.0466857,0.4404083490371704,-1.859671255151266,1.2292059103595179,1.809483452434204,-1.271280590687887,0.7741314768791199,-0.08929388225078583,0.06604435294866562,-0.06752313673496246,-0.1485523134469986,0.1482161581516266,-0.6259106397628784,-0.4366101026535034,0.31612130999565125,-0.7222724556922913,0.292133629322052,0.19519709050655365,-0.3875664174556732
1749033600.046727,0.4402320683002472,-1.859539648095602,1.229046646748678,1.8091551500507812,-1.2709882895099085,0.7728236317634583,-0.09201561659574509,0.0648745745420456,-0.06657472997903824,-0.14756712317466736,0.14840485155582428,-0.6309483051300049,-0.3788875937461853,0.28778111934661865,-0.699533998966217,0.3187296390533447,0.19859813153743744,-0.31675589084625244
1749033600.0467653,0.44004926085472107,-1.8594147167601527,1.2289026419269007,1.8088852602192382,-1.270623509083883,0.7715452313423157,-0.08975423872470856,0.06795427948236465,-0.06582870334386826,-0.15121349692344666,0.15142399072647095,-0.629273533821106,-0.39762499928474426,0.2737119495868683,-0.7204458117485046,0.3402186930179596,0.19984354078769684,-0.34197449684143066
1749033600.0468025,0.4398851990699768,-1.8592668972411097,1.2287710348712366,1.8085648256489257,-1.2703278700457972,0.7703400254249573,-0.09360195696353912,0.06311989575624466,-0.06773397326469421,-0.14862960577011108,0.15193945169448853,-0.6263521909713745,-0.3653610348701477,0.36008474230766296,-0.7091339230537415,0.33279135823249817,0.1936298906803131,-0.3454860746860504
1749033600.0468385,0.4396786689758301,-1.8591209850706996,1.2286890188800257,1.8082281786152343,-1.2699974218951624,0.7690669298171997,-0.08905492722988129,0.06399627029895782,-0.06610258668661118,-0.14824146032333374,0.1575419008731842,-0.6238005757331848,-0.4069235920906067,0.3564077615737915,-0.6958473324775696,0.3444269895553589,0.1690922975540161,-0.3653814196586609
1749033600.0468748,0.4394954442977905,-1.8590237102904261,1.2285187880145472,1.8079473215290527,-1.2697165648089808,0.7678207159042358,-0.09014594554901123,0.06914382427930832,-0.06386233121156693,-0.15280845761299133,0.1569364219903946,-0.6231549382209778,-0.3914395570755005,0.2941294312477112,-0.7488453984260559,0.3579094111919403,0.13994520902633667,-0.43470698595046997
1749033600.0469115,0.4393126666545868,-1.8588487110533656,1.2284181753741663,1.8076345163532714,-1.269383732472555,0.7665628790855408,-0.090701162815094,0.06539072841405869,-0.06456401944160461,-0.14938288927078247,0.15333019196987152,-0.631276547908783,-0.3915942311286926,0.3307865262031555,-0.7382944822311401,0.35703223943710327,0.16065296530723572,-0.3927677571773529
1749033600.0469484,0.43918317556381226,-1.8587476215758265,1.2282632032977503,1.8073615270802001,-1.269050423298971,0.765299379825592,-0.09122169762849808,0.06703899055719376,-0.0655757486820221,-0.14659275114536285,0.1546502709388733,-0.6346943974494934,-0.3711361289024353,0.31421351432800293,-0.7176772952079773,0.3611215054988861,0.16385509073734283,-0.31785309314727783
1749033600.046985,0.4389570951461792,-1.8585955105223597,1.22817308107485,1.8070525366016845,-1.2687857786761683,0.764046311378479,-0.0879954993724823,0.0670572966337204,-0.06295804679393768,-0.14406909048557281,0.15004880726337433,-0.6323633193969727,-0.4050951600074768,0.3246121108531952,-0.7662325501441956,0.342633455991745,0.1891552209854126,-0.3608328402042389
1749033600.0470212,0.4387892484664917,-1.858455320397848,1.2280219236956995,1.806795282954834,-1.2684829870807093,0.762717068195343,-0.08776266127824783,0.06756575405597687,-0.0648522675037384,-0.14279137551784515,0.15123437345027924,-0.6318870186805725,-0.42015016078948975,0.3038470149040222,-0.7527629137039185,0.3120582699775696,0.2057543694972992,-0.3464774191379547
1749033600.0476844,0.4386253356933594,-1.8583547077574671,1.2278865019427698,1.8064941602894287,-1.2681687513934534,0.7614806294441223,-0.09135977178812027,0.0678626298904419,-0.06582026183605194,-0.14300976693630219,0.15234073996543884,-0.6312792301177979,-0.3743969202041626,0.29347068071365356,-0.7508662343025208,0.3305778503417969,0.2036035656929016,-0.37955522537231445
1749033600.049679,0.4384685158729553,-1.8581763706602992,1.2277630011187952,1.806206389064453,-1.2678726355182093,0.7602248787879944,-0.08936314284801483,0.06814765185117722,-0.06730881333351135,-0.14143061637878418,0.1548870950937271,-0.6347521543502808,-0.41694018244743347,0.2874668538570404,-0.7352114319801331,0.32845011353492737,0.21599939465522766,-0.38861382007598877
1749033600.0903244,0.4382857084274292,-1.8580757580199183,1.2276151815997522,1.8059171873280029,-1.2675955931292933,0.7589454054832458,-0.08979751914739609,0.06663816422224045,-0.06619015336036682,-0.14132314920425415,0.15590006113052368,-0.6391646862030029,-0.4077468812465668,0.3091747760772705,-0.7337982058525085,0.2805262506008148,0.19493238627910614,-0.3200976848602295
1749033600.090371,0.43808650970458984,-1.857980867425436,1.2274749914752405,1.8056253629871826,-1.2672813574420374,0.7576857209205627,-0.08989287167787552,0.06725630909204483,-0.06643074750900269,-0.14374412596225739,0.1577787697315216,-0.6361711621284485,-0.4317401051521301,0.29673317074775696,-0.7333280444145203,0.301918625831604,0.1803417205810547,-0.339703768491745
1749033600.0904117,0.4379176199436188,-1.8578387699522914,1.2273624579059046,1.8053359228321533,-1.2669585386859339,0.7564554214477539,-0.08978705108165741,0.06834885478019714,-0.06736769527196884,-0.14365734159946442,0.15781429409980774,-0.6354650259017944,-0.38251447677612305,0.311519056558609,-0.7373999953269958,0.29555097222328186,0.17993590235710144,-0.35881316661834717
1749033600.0904515,0.43773093819618225,-1.857689996758932,1.2272265593158167,1.8050550657459716,-1.2666543165790003,0.7551295757293701,-0.09026309102773666,0.0682910606265068,-0.0673682913184166,-0.14376229047775269,0.15858043730258942,-0.6347966194152832,-0.38724708557128906,0.28808048367500305,-0.7328774333000183,0.2952195703983307,0.16390584409236908,-0.3308716416358948
1749033600.0904896,0.4375465512275696,-1.8575388393797816,1.22709829012026,1.8047708707996826,-1.266289536152975,0.7538601756095886,-0.08994609862565994,0.06756868958473206,-0.06774350255727768,-0.14263232052326202,0.15766222774982452,-0.6338781118392944,-0.38999587297439575,0.2929286062717438,-0.7315093278884888,0.26542335748672485,0.1596854031085968,-0.37836021184921265
1749033600.0905387,0.43739134073257446,-1.8574220142760218,1.226954762135641,1.8044747549244384,-1.2659934202777308,0.7526121139526367,-0.09000283479690552,0.06796079874038696,-0.06759002059698105,-0.14557574689388275,0.15684910118579865,-0.6360860466957092,-0.39199933409690857,0.299103319644928,-0.7173480987548828,0.29210013151168823,0.16952043771743774,-0.34390777349472046
1749033600.09058,0.43719950318336487,-1.8573090038695277,1.2267912069903772,1.804178162212036,-1.2656939665423792,0.7513560652732849,-0.09020233899354935,0.06798838824033737,-0.06777670979499817,-0.14549805223941803,0.15621276199817657,-0.6367331147193909,-0.37735632061958313,0.30609193444252014,-0.7181605100631714,0.2912549376487732,0.15566527843475342,-0.31394317746162415
1749033600.0906181,0.43698611855506897,-1.8571115932860316,1.2266557852374476,1.8039044576832275,-1.2653849760638636,0.7500276565551758,-0.09090977162122726,0.06826059520244598,-0.06731384247541428,-0.1449602097272873,0.15625335276126862,-0.6343841552734375,-0.354249507188797,0.26293209195137024,-0.7193076014518738,0.2981293797492981,0.16059577465057373,-0.3320392370223999
1749033600.0906558,0.43698611855506897,-1.8571115932860316,1.2266557852374476,1.8039044576832275,-1.2653849760638636,0.7500276565551758,-0.09090977162122726,0.06826059520244598,-0.06731384247541428,-0.1449602097272873,0.15625335276126862,-0.6343841552734375,-0.354249507188797,0.26293209195137024,-0.7193076014518738,0.2981293797492981,0.16059577465057373,-0.3320392370223999
1749033600.0906932,0.436630517244339,-1.8568669758238734,1.2264025847064417,1.8033391672321777,-1.2647879759417933,0.7475194334983826,-0.08953356742858887,0.06653057038784027,-0.06661057472229004,-0.14905326068401337,0.15242289006710052,-0.6291149854660034,-0.3738211393356323,0.3147168755531311,-0.7241998314857483,0.32745954394340515,0.18974782526493073,-0.3512360453605652
1749033600.0907304,0.43647855520248413,-1.8567501507201136,1.226274315510885,1.8030263620563964,-1.2644646803485315,0.7462236881256104,-0.08817175030708313,0.0696914941072464,-0.06726615130901337,-0.15030977129936218,0.1524937003850937,-0.6299692988395691,-0.38719654083251953,0.27016621828079224,-0.7068740129470825,0.30566614866256714,0.19394342601299286,-0.36971452832221985
1749033600.0907679,0.4362645149230957,-1.8565923176207484,1.2261384169207972,1.8027407365986328,-1.2641742865191858,0.7450148463249207,-0.08729740232229233,0.06674317270517349,-0.06779124587774277,-0.1494874358177185,0.15206193923950195,-0.6335576176643372,-0.40853291749954224,0.3082010746002197,-0.6977543234825134,0.3042227625846863,0.2166530042886734,-0.2868521511554718
1749033600.0908053,0.4361383318901062,-1.8564239941039027,1.2260034720050257,1.8024090963551025,-1.263904873524801,0.7437282800674438,-0.08979882299900055,0.06715929508209229,-0.06469598412513733,-0.14888820052146912,0.15423379838466644,-0.6316320300102234,-0.3684121072292328,0.31423842906951904,-0.7538805603981018,0.3058661222457886,0.21186338365077972,-0.34919267892837524
1749033600.0908425,0.43590450286865234,-1.8563267193236292,1.2258785406695765,1.802123709315918,-1.2636244932757776,0.7424310445785522,-0.08740314841270447,0.0710681602358818,-0.06614279747009277,-0.149807408452034,0.15621046721935272,-0.6296231746673584,-0.37976914644241333,0.2588983178138733,-0.7446697354316711,0.2925427556037903,0.19313742220401764,-0.3322794437408447
1749033600.0908792,0.4357798993587494,-1.85620178798818,1.2257393042193812,1.8018197256275634,-1.2632716337787073,0.7411748170852661,-0.09086392819881439,0.0669231191277504,-0.06873214989900589,-0.14819809794425964,0.15686266124248505,-0.6285121440887451,-0.37069907784461975,0.26659974455833435,-0.7023504972457886,0.32454007863998413,0.19828574359416962,-0.3226337432861328
1749033600.0909162,0.43560075759887695,-1.856016298333639,1.2256110350238245,1.801537199611328,-1.2629759947406214,0.7399477958679199,-0.08738037198781967,0.06706643849611282,-0.06683552265167236,-0.14598508179187775,0.1577971875667572,-0.6249803304672241,-0.39986157417297363,0.2790243923664093,-0.7155027389526367,0.2902224361896515,0.16815713047981262,-0.37637457251548767
1749033600.0909536,0.4354282021522522,-1.8559619388976039,1.2254908720599573,1.8012332159229736,-1.2626736799823206,0.7387194633483887,-0.08857595175504684,0.06804754585027695,-0.06727863848209381,-0.14902645349502563,0.15483593940734863,-0.6268534064292908,-0.39936673641204834,0.28904423117637634,-0.7070719003677368,0.3057518005371094,0.20132173597812653,-0.3736737072467804
1749033600.0909915,0.4352298676967621,-1.8557588062682093,1.2253239790545862,1.8009330469318847,-1.2623184362994593,0.7374768853187561,-0.08991505950689316,0.06783036142587662,-0.0671006441116333,-0.14875318109989166,0.1588439792394638,-0.6286962628364563,-0.3806456923484802,0.2922515571117401,-0.7102234363555908,0.32300448417663574,0.17890317738056183,-0.35186290740966797
1749033600.0910301,0.4350392520427704,-1.8556696377196253,1.225191895161764,1.8006481367298584,-1.261965576802389,0.7362164258956909,-0.0890078991651535,0.06830684840679169,-0.067227303981781,-0.14718212187290192,0.15683886408805847,-0.6281017661094666,-0.3956783711910248,0.2643274664878845,-0.7085168957710266,0.30668404698371887,0.1718052178621292,-0.36972397565841675
1749033600.0910685,0.43486714363098145,-1.8555222950377406,1.2251036802874964,1.8003551202961425,-1.261683766041891,0.7350060939788818,-0.09160756319761276,0.06631316989660263,-0.06715605407953262,-0.1476060450077057,0.15653111040592194,-0.6291627287864685,-0.35502463579177856,0.2778809070587158,-0.7017512321472168,0.3041010797023773,0.1625756323337555,-0.33778688311576843
1749033600.0916646,0.43471473455429077,-1.8553630314269007,1.2249439398394983,1.8000821310230712,-1.2614033857928675,0.7336963415145874,-0.0888800099492073,0.06840603798627853,-0.06688592582941055,-0.14720796048641205,0.156148299574852,-0.6292612552642822,-0.40920448303222656,0.2753506302833557,-0.7153121829032898,0.2936747372150421,0.18013200163841248,-0.3628385663032532
1749033600.0936491,0.43471473455429077,-1.8553630314269007,1.2249439398394983,1.8000821310230712,-1.2614033857928675,0.7336963415145874,-0.0888800099492073,0.06840603798627853,-0.06688592582941055,-0.14720796048641205,0.156148299574852,-0.6292612552642822,-0.40920448303222656,0.2753506302833557,-0.7153121829032898,0.2936747372150421,0.18013200163841248,-0.3628385663032532
1749033600.1383252,0.43451523780822754,-1.8552395306029261,1.224799935017721,1.7998089033314209,-1.261103932057516,0.7324337959289551,-0.09247168153524399,0.06534877419471741,-0.06683681160211563,-0.14632214605808258,0.15568190813064575,-0.6305954456329346,-0.3480581045150757,0.27838581800460815,-0.705597996711731,0.2862666845321655,0.1685856580734253,-0.38252243399620056
1749033600.1383722,0.4343198239803314,-1.8550993404784144,1.2246993223773401,1.7995011049458007,-1.2607672850238245,0.7311651706695557,-0.08889671415090561,0.06594483554363251,-0.0660838857293129,-0.1464434266090393,0.15512129664421082,-0.6312012672424316,-0.3544340133666992,0.2951986789703369,-0.7085973620414734,0.2966020107269287,0.16291245818138123,-0.3312772512435913
1749033600.138423,0.4339882731437683,-1.8548313579955042,1.2244232336627405,1.7989041048237304,-1.2601879278766077,0.7286734580993652,-0.0891738086938858,0.06708057224750519,-0.06522338837385178,-0.14730417728424072,0.15283922851085663,-0.6289722919464111,-0.37199345231056213,0.262114942073822,-0.7047686576843262,0.2934667468070984,0.18282563984394073,-0.33489206433296204
1749033600.138473,0.4337899684906006,-1.8546959362425746,1.2242983023272913,1.7986311155506591,-1.2598803679095667,0.7274036407470703,-0.08860437572002411,0.06758392602205276,-0.06626631319522858,-0.14803145825862885,0.15297546982765198,-0.6300138235092163,-0.37702327966690063,0.28327202796936035,-0.7097439765930176,0.2992875576019287,0.20219086110591888,-0.34046030044555664
1749033600.1385274,0.4335791766643524,-1.8546058140196742,1.2241438070880335,1.798337383861206,-1.2595260779010218,0.7261114716529846,-0.08870311826467514,0.06771106272935867,-0.06655768305063248,-0.14867888391017914,0.15320974588394165,-0.6280432343482971,-0.38915401697158813,0.27111709117889404,-0.7106763124465942,0.2743109166622162,0.2114776223897934,-0.389142781496048
1749033600.1385748,0.4334464967250824,-1.8544689617552699,1.2240236441241663,1.7980138498493652,-1.2592509428607386,0.7248913645744324,-0.08937294036149979,0.0681796595454216,-0.06585466116666794,-0.14911077916622162,0.15391294658184052,-0.6291970610618591,-0.38665181398391724,0.24244515597820282,-0.7001981139183044,0.2758847177028656,0.20642030239105225,-0.333901047706604
1749033600.1386182,0.4332594573497772,-1.8543063602843226,1.223868195210592,1.7977046209522705,-1.2589424292193812,0.7236354947090149,-0.08937502652406693,0.06706321984529495,-0.06497302651405334,-0.14978748559951782,0.15220756828784943,-0.6280494332313538,-0.3733217120170593,0.28095757961273193,-0.7344766855239868,0.2839096188545227,0.1901237517595291,-0.3319244980812073
1749033600.1386578,0.43311476707458496,-1.8541590176024378,1.2237632910357874,1.7974156576343994,-1.2586167494403284,0.7223623991012573,-0.08952741324901581,0.06665463000535965,-0.06666168570518494,-0.15136665105819702,0.1550685465335846,-0.6271098256111145,-0.3540453016757965,0.2817135751247406,-0.706025242805481,0.3186245560646057,0.1636658012866974,-0.35744616389274597
1749033600.1386955,0.4329158663749695,-1.854070325891012,1.223600212727682,1.7971364694782714,-1.2582886854754847,0.7210680246353149,-0.0895913690328598,0.06635527312755585,-0.06662291288375854,-0.14662210643291473,0.15128400921821594,-0.6265135407447815,-0.3722260594367981,0.267534464597702,-0.6936754584312439,0.31375065445899963,0.21292850375175476,-0.31476402282714844
1749033600.1387336,0.43270933628082275,-1.8538595638670863,1.2234724203692835,1.7968475061604003,-1.258014980946676,0.7198760509490967,-0.08931908011436462,0.06677203625440598,-0.06642401218414307,-0.14692533016204834,0.15305256843566895,-0.6277599334716797,-0.3515557646751404,0.2861764430999756,-0.7109854221343994,0.30126604437828064,0.19786734879016876,-0.3447052538394928
1749033600.138775,0.43255680799484253,-1.8537465534605921,1.2233365217791956,1.7965308862873535,-1.2577346006976526,0.7185816764831543,-0.08903083205223083,0.06569050997495651,-0.06661207228899002,-0.14853088557720184,0.1535598635673523,-0.629767119884491,-0.3640032410621643,0.2800564765930176,-0.7089687585830688,0.3203566074371338,0.20333132147789001,-0.3525809645652771
1749033600.1388135,0.432389497756958,-1.8536416492857875,1.2232044378863733,1.796215458507202,-1.2574241797076624,0.7173266410827637,-0.08934995532035828,0.06528741866350174,-0.06685653328895569,-0.14485947787761688,0.15226289629936218,-0.6314352750778198,-0.3571754992008209,0.295676589012146,-0.6986436247825623,0.3014627695083618,0.22310549020767212,-0.3019762933254242
1749033600.138851,0.43218228220939636,-1.8534823856749476,1.2231109778033655,1.795961781139038,-1.2571404615985315,0.7160532474517822,-0.08877681195735931,0.06540052592754364,-0.06586328148841858,-0.14418070018291473,0.15350110828876495,-0.6286594867706299,-0.4167250692844391,0.3033362329006195,-0.6966278553009033,0.29230818152427673,0.2150890827178955,-0.30175769329071045
1749033600.1388881,0.4320114850997925,-1.8533622227110804,1.2229402701007288,1.7956763940998535,-1.2567985693561,0.7147526144981384,-0.09100737422704697,0.06564702093601227,-0.06573952734470367,-0.14521783590316772,0.15370535850524902,-0.6235107779502869,-0.3418533504009247,0.3019151985645294,-0.7064288854598999,0.2762560546398163,0.21540188789367676,-0.3149838447570801
1749033600.1389287,0.4317969083786011,-1.8532458744444789,1.2228315512286585,1.7954036432453613,-1.2565267721759241,0.7135564684867859,-0.08849088847637177,0.06604494154453278,-0.06545748561620712,-0.14286227524280548,0.1539456844329834,-0.6224717497825623,-0.386823832988739,0.29915621876716614,-0.7156174182891846,0.2824527621269226,0.22507667541503906,-0.3558120131492615
1749033600.1389668,0.431690514087677,-1.853086610833639,1.222680393849508,1.7950989443012695,-1.2562392393695276,0.7123093605041504,-0.09278487414121628,0.06648392230272293,-0.06547212600708008,-0.1453062891960144,0.1589607447385788,-0.6230418682098389,-0.34442374110221863,0.30991029739379883,-0.7057397961616516,0.2336634397506714,0.21418018639087677,-0.3820827901363373
1749033600.1390042,0.43152129650115967,-1.8529750309386195,1.2225483099566858,1.7947873312183837,-1.2558978239642542,0.7110345959663391,-0.08830670267343521,0.06665495783090591,-0.06581960618495941,-0.14541016519069672,0.15893477201461792,-0.6294981837272644,-0.3565993905067444,0.29094016551971436,-0.7161510586738586,0.2699951231479645,0.20187027752399445,-0.3299206793308258
1749033600.1390407,0.4313545525074005,-1.852837701837057,1.2224043051349085,1.794478102321289,-1.2555549780475062,0.7097939252853394,-0.08858382701873779,0.06618262082338333,-0.06561900675296783,-0.14394479990005493,0.15816079080104828,-0.629010796546936,-0.35930362343788147,0.2643929123878479,-0.7163635492324829,0.24301157891750336,0.21529845893383026,-0.2966085374355316
1749033600.1390815,0.431143194437027,-1.8526984653868617,1.222299877797262,1.7941927152821044,-1.255289379750387,0.7084966897964478,-0.08779363334178925,0.06470871716737747,-0.06468373537063599,-0.14881473779678345,0.16083993017673492,-0.6269698739051819,-0.3826715648174286,0.3046673536300659,-0.7508858442306519,0.2729988098144531,0.1613057404756546,-0.34074389934539795
1749033600.1391191,0.4309341609477997,-1.8525234661498011,1.2221487204181116,1.793872280711792,-1.254885498677389,0.7072598934173584,-0.08804185688495636,0.06754078716039658,-0.06751798838376999,-0.14916656911373138,0.15719738602638245,-0.6257690191268921,-0.36010801792144775,0.2792893052101135,-0.7089635133743286,0.2835504114627838,0.1963978111743927,-0.32229745388031006
1749033600.1391568,0.4308013319969177,-1.8524037800230921,1.2220047155963343,1.7935761648365478,-1.254589859639303,0.7060556411743164,-0.08930147439241409,0.06613966822624207,-0.06555042415857315,-0.14832277595996857,0.15612897276878357,-0.6219220757484436,-0.3810281455516815,0.2633262872695923,-0.7059235572814941,0.27842575311660767,0.19466470181941986,-0.3729313910007477
1749033600.1391933,0.43063420057296753,-1.8522974453368128,1.2218878904925745,1.7932936388203125,-1.254270378743307,0.7047734260559082,-0.08865177631378174,0.06547804176807404,-0.06455734372138977,-0.14882521331310272,0.15501178801059723,-0.6267141103744507,-0.3252774477005005,0.283764511346817,-0.7388789057731628,0.3068958520889282,0.17246845364570618,-0.3857589364051819
1749033600.1397004,0.4304071068763733,-1.8521396122374476,1.2217753569232386,1.7929777342030029,-1.253974739705221,0.7035439610481262,-0.08783075958490372,0.06672294437885284,-0.0657961368560791,-0.14821822941303253,0.1543184369802475,-0.6313812732696533,-0.3927924633026123,0.29310736060142517,-0.735904335975647,0.28917914628982544,0.20132800936698914,-0.3317309021949768
1749033600.141661,0.4302821755409241,-1.8519836864867152,1.2216556707965296,1.7926925855823974,-1.2537100950824183,0.7022550106048584,-0.0915384367108345,0.06844431161880493,-0.06727445870637894,-0.146772101521492,0.15594135224819183,-0.6299031972885132,-0.3379059135913849,0.23444312810897827,-0.71542888879776,0.3161058723926544,0.19609521329402924,-0.35466212034225464
1749033600.1863205,0.43012967705726624,-1.8518673382201136,1.221511189137594,1.7923969465443115,-1.2533729712115687,0.7010452151298523,-0.08911611884832382,0.06702812016010284,-0.06485603749752045,-0.14738619327545166,0.15724653005599976,-0.6291751861572266,-0.35972803831100464,0.277253657579422,-0.7408999800682068,0.27332308888435364,0.1760253757238388,-0.3562604486942291
1749033600.1863859,0.4299267530441284,-1.851750989953512,1.2213953177081507,1.792083426112793,-1.253061596547262,0.6997687816619873,-0.08974476903676987,0.06587143987417221,-0.06546621024608612,-0.14674948155879974,0.1564961075782776,-0.6287339925765991,-0.3465869426727295,0.26979053020477295,-0.7359371185302734,0.2854635715484619,0.18274465203285217,-0.33518221974372864
1749033600.1864314,0.4297170341014862,-1.8516222439207972,1.2212474981891077,1.7917906480976562,-1.2527712027179163,0.6985229849815369,-0.08961895853281021,0.06553082168102264,-0.06579408049583435,-0.1473279744386673,0.15607401728630066,-0.6264745593070984,-0.3519168496131897,0.27146363258361816,-0.7397600412368774,0.2943549156188965,0.17446431517601013,-0.39698389172554016
1749033600.1864722,0.429553359746933,-1.851490160027975,1.2210963408099573,1.7914985853382568,-1.252486530934469,0.6972780227661133,-0.08921916037797928,0.06549942493438721,-0.06562131643295288,-0.14586509764194489,0.15504351258277893,-0.6327444911003113,-0.3662472665309906,0.2795014977455139,-0.7300387620925903,0.29962730407714844,0.17463359236717224,-0.34830909967422485
1749033600.1865108,0.4293997883796692,-1.8513270817198695,1.2209799925433558,1.7912177282520751,-1.2521632353412073,0.6960317492485046,-0.0892559215426445,0.06515376269817352,-0.06542867422103882,-0.14399106800556183,0.1535222977399826,-0.6339834928512573,-0.3646542429924011,0.29723769426345825,-0.7498467564582825,0.2774699628353119,0.2101612389087677,-0.31679338216781616
1749033600.1865528,0.42912817001342773,-1.8512021503844203,1.220844570790426,1.7909478384205322,-1.2518485228167933,0.6947199702262878,-0.08890532702207565,0.0686119869351387,-0.06691431999206543,-0.14082781970500946,0.1538495272397995,-0.6300442218780518,-0.345431387424469,0.23489275574684143,-0.7453678846359253,0.25350984930992126,0.18332259356975555,-0.3589493930339813
1749033600.1865911,0.42896267771720886,-1.8510943851866664,1.2207282225238245,1.7906312185474853,-1.251519028340475,0.6935031414031982,-0.08805833756923676,0.06436675786972046,-0.06556982547044754,-0.14540579915046692,0.1513708531856537,-0.629831850528717,-0.3511723577976227,0.29336807131767273,-0.7469645738601685,0.28028208017349243,0.20631758868694305,-0.3331189751625061
1749033600.1866286,0.42882317304611206,-1.850931783715719,1.2205994764911097,1.7903541761585693,-1.2512262503253382,0.6922621130943298,-0.08720049262046814,0.06505072861909866,-0.06587864458560944,-0.14269304275512695,0.15311077237129211,-0.6276145577430725,-0.371271014213562,0.31072181463241577,-0.7465997934341431,0.26702815294265747,0.1993435174226761,-0.34705692529678345
1749033600.1866653,0.4286506772041321,-1.8508273563780726,1.2204325834857386,1.790050430888794,-1.2509153524981897,0.6910033226013184,-0.08752519637346268,0.06797853112220764,-0.06534381210803986,-0.1436474621295929,0.15213657915592194,-0.6301498413085938,-0.3402708172798157,0.2539600431919098,-0.7453716397285461,0.2784755229949951,0.19413180649280548,-0.37981486320495605
1749033600.1867056,0.4284987151622772,-1.85069002727651,1.2203167120562952,1.7897650438496093,-1.2505772749530237,0.6897229552268982,-0.0874912217259407,0.06487401574850082,-0.0688968151807785,-0.1477370709180832,0.15173384547233582,-0.6347875595092773,-0.3616006374359131,0.27071613073349,-0.7282304167747498,0.2755046784877777,0.17882372438907623,-0.2991490364074707
1749033600.1867435,0.42831525206565857,-1.8505360088744105,1.2201617399798792,1.7895075517841796,-1.2502592245685022,0.6884766221046448,-0.08796967566013336,0.06550226360559464,-0.06541997194290161,-0.14461123943328857,0.1520952433347702,-0.6314364075660706,-0.3849811851978302,0.28223955631256104,-0.7485901713371277,0.2856528162956238,0.20244288444519043,-0.3184952437877655
1749033600.186781,0.42816853523254395,-1.8503643474974574,1.22003680864443,1.7892073827930908,-1.2499550024615687,0.6871851682662964,-0.08685366064310074,0.06585866212844849,-0.06550294160842896,-0.143015518784523,0.15337277948856354,-0.6299264430999756,-0.38344767689704895,0.26637181639671326,-0.7506723403930664,0.2419234812259674,0.20976969599723816,-0.3222046196460724
1749033600.1868188,0.4279647171497345,-1.8502732716002406,1.2199328581439417,1.788966341609619,-1.2496441046344202,0.6859801411628723,-0.08960440009832382,0.06601312011480331,-0.0690523162484169,-0.14317382872104645,0.15197952091693878,-0.6281672716140747,-0.31783998012542725,0.27476710081100464,-0.7251287698745728,0.23994222283363342,0.193314328789711,-0.34275057911872864
1749033600.1868598,0.42780596017837524,-1.8501583538451136,1.219776455556051,1.788630409831665,-1.2493756453143519,0.6846566200256348,-0.086915023624897,0.06568747013807297,-0.06605057418346405,-0.14413796365261078,0.15112416446208954,-0.6261031627655029,-0.3858383595943451,0.2894243896007538,-0.7353925108909607,0.2340884506702423,0.194564551115036,-0.3979940712451935
1749033600.1868978,0.42757126688957214,-1.8500338993468226,1.2196725050555628,1.7883762556263427,-1.2489994207965296,0.6834039092063904,-0.09180933982133865,0.06606650352478027,-0.06602558493614197,-0.14572732150554657,0.15542519092559814,-0.6300655007362366,-0.36148446798324585,0.2869313955307007,-0.7448288798332214,0.22063235938549042,0.17198801040649414,-0.35251301527023315
1749033600.1869352,0.4274229109287262,-1.8498980007567347,1.219543759022848,1.7880961137958984,-1.2487462202655237,0.6821150779724121,-0.08782108873128891,0.06546691060066223,-0.06599750369787216,-0.1500771939754486,0.15206597745418549,-0.6340315341949463,-0.35333359241485596,0.28232473134994507,-0.7481589913368225,0.22471895813941956,0.19768722355365753,-0.29150134325027466
1749033600.186972,0.42722058296203613,-1.849762579003805,1.219384495412008,1.7877833086201171,-1.248373810444967,0.6808475255966187,-0.08932635933160782,0.06519284099340439,-0.06687700748443604,-0.15068306028842926,0.15247607231140137,-0.6308463215827942,-0.356886088848114,0.3037951588630676,-0.7530566453933716,0.2442854791879654,0.19520682096481323,-0.3360508382320404
1749033600.1870127,0.42706385254859924,-1.8495995006956996,1.2192328611956995,1.7874631124683837,-1.2481125036822718,0.679632306098938,-0.08963280916213989,0.06474363058805466,-0.06749764829874039,-0.14862310886383057,0.15498840808868408,-0.6308004260063171,-0.3277379274368286,0.28518033027648926,-0.740799069404602,0.2515031099319458,0.14667707681655884,-0.2998560667037964
1749033600.1870513,0.4268578588962555,-1.8494802914061488,1.2190807501422327,1.7872051435657959,-1.2477620283709925,0.6783902049064636,-0.08918514847755432,0.06671744585037231,-0.06741891801357269,-0.15214566886425018,0.1535857766866684,-0.6253913640975952,-0.34967896342277527,0.2720669209957123,-0.7461061477661133,0.2499730885028839,0.1663447767496109,-0.3447904586791992
1749033600.1870892,0.4267154037952423,-1.8493668041624964,1.2189767996417444,1.7868620592304687,-1.247439209614889,0.6770913004875183,-0.08788975328207016,0.06405813992023468,-0.06757830083370209,-0.15207968652248383,0.1534844934940338,-0.6245295405387878,-0.3567349910736084,0.3013918399810791,-0.7389119267463684,0.2893238365650177,0.14382728934288025,-0.37652838230133057
1749033600.1871269,0.42651310563087463,-1.8492466411986292,1.2188289801227015,1.78656451284375,-1.2471197287188929,0.6758891940116882,-0.09150875359773636,0.06534846872091293,-0.06755681335926056,-0.15068981051445007,0.15378352999687195,-0.6285504102706909,-0.3244472146034241,0.3051176965236664,-0.7342909574508667,0.25965961813926697,0.16572237014770508,-0.33978885412216187
1749033600.1871676,0.42634910345077515,-1.8491131267943324,1.2186849753009241,1.786247654552124,-1.2468603293048304,0.674630343914032,-0.08731411397457123,0.0663963183760643,-0.0675789937376976,-0.1511918306350708,0.15299147367477417,-0.6284875869750977,-0.34052178263664246,0.2708812952041626,-0.7249742150306702,0.2678717076778412,0.13976776599884033,-0.3456258177757263
1749033600.1876874,0.42613500356674194,-1.8489791355528773,1.2185447851764124,1.7859431940266113,-1.2465475241290491,0.6734038591384888,-0.0876169204711914,0.0661337822675705,-0.06706111878156662,-0.150544211268425,0.15156179666519165,-0.6289584636688232,-0.3840755820274353,0.2816349267959595,-0.7354654669761658,0.2766566574573517,0.1611160784959793,-0.35762977600097656
1749033600.1896565,0.42599380016326904,-1.8488384685912074,1.2184050718890589,1.7856613832661132,-1.2461946646319788,0.6721277832984924,-0.08691079914569855,0.06565012037754059,-0.06835606694221497,-0.15049858391284943,0.14991936087608337,-0.6289893388748169,-0.3098697066307068,0.27061203122138977,-0.7291713953018188,0.28551000356674194,0.15798485279083252,-0.336536705493927
1749033600.2343106,0.4257950186729431,-1.8486911259093226,1.2182892004596155,1.785364790553711,-1.2459004561053675,0.6708791255950928,-0.08601927012205124,0.06587287038564682,-0.06866103410720825,-0.14920899271965027,0.146884024143219,-0.6286787390708923,-0.355537474155426,0.29162806272506714,-0.7102189064025879,0.2869521379470825,0.17734098434448242,-0.37216973304748535
1749033600.2343576,0.42565014958381653,-1.8485948048033656,1.2181642691241663,1.7850758272358398,-1.2456548849688929,0.6695442795753479,-0.08686258643865585,0.0657828077673912,-0.06730467826128006,-0.14987076818943024,0.14702211320400238,-0.6297447085380554,-0.3307107985019684,0.29626667499542236,-0.734835684299469,0.28132879734039307,0.19085335731506348,-0.34717896580696106
1749033600.234398,0.42544785141944885,-1.848457475701803,1.2180050055133265,1.7847556310841064,-1.2453249136554163,0.6683228611946106,-0.08657283335924149,0.06411691009998322,-0.07014904171228409,-0.1503535360097885,0.14667187631130219,-0.6282069683074951,-0.35855406522750854,0.31816327571868896,-0.6921278238296509,0.27995043992996216,0.21168868243694305,-0.33022230863571167
1749033600.2344377,0.4252839982509613,-1.848307271996969,1.2178691069232386,1.7844974237629394,-1.2450102011310022,0.6670231223106384,-0.08691472560167313,0.06736183166503906,-0.06652946025133133,-0.1502406895160675,0.15115566551685333,-0.6266860365867615,-0.37342849373817444,0.3060225546360016,-0.7185305953025818,0.30852949619293213,0.15440861880779266,-0.3534405529499054
1749033600.2344759,0.4251094162464142,-1.8481627903380335,1.2177532354937952,1.7841901022144775,-1.244690243397848,0.6657852530479431,-0.08722103387117386,0.0646560862660408,-0.0661938264966011,-0.14733752608299255,0.1492084562778473,-0.6257251501083374,-0.3523595929145813,0.3055102527141571,-0.7348515391349792,0.2661210596561432,0.1907396763563156,-0.3198648989200592
1749033600.234515,0.42492154240608215,-1.8480702839293421,1.2175934950457972,1.7838808733173828,-1.244415585194723,0.6646122932434082,-0.08659885078668594,0.06455235183238983,-0.0695650726556778,-0.1523180902004242,0.14856478571891785,-0.6260557770729065,-0.36870208382606506,0.3063707947731018,-0.6976156830787659,0.29815351963043213,0.203188955783844,-0.36249130964279175
1749033600.2345622,0.4247659742832184,-1.8479348621764125,1.2174652258502405,1.7835725980946044,-1.2441390196429651,0.6633253693580627,-0.0871586874127388,0.06621143221855164,-0.06686734408140182,-0.14862489700317383,0.1529843509197235,-0.6267062425613403,-0.3633441925048828,0.3238700330257416,-0.7008538842201233,0.29857105016708374,0.16730108857154846,-0.37488651275634766
1749033600.234602,0.42456766963005066,-1.8477565250792445,1.2173212210284632,1.7832791048237304,-1.2438090483294886,0.6620503664016724,-0.08809316158294678,0.06747837364673615,-0.06601987779140472,-0.1485975682735443,0.1506931632757187,-0.6283242106437683,-0.3679923415184021,0.2866029441356659,-0.7186529636383057,0.28368043899536133,0.17578406631946564,-0.36665990948677063
1749033600.2346396,0.42436403036117554,-1.8476320705809535,1.2171781698810022,1.782975121135376,-1.2435405890094202,0.6608224511146545,-0.08826176822185516,0.06540048122406006,-0.06682780385017395,-0.1525806039571762,0.1507941484451294,-0.631163477897644,-0.346900075674057,0.33211416006088257,-0.7086670994758606,0.3327353596687317,0.19263172149658203,-0.381552129983902
1749033600.2346764,0.4242394268512726,-1.8475543461241664,1.217081371937887,1.7826341825672607,-1.2432082335101526,0.6594994068145752,-0.08887941390275955,0.06709684431552887,-0.06712426990270615,-0.1483902633190155,0.15196694433689117,-0.6320547461509705,-0.3535730838775635,0.2856626510620117,-0.7080934643745422,0.30917707085609436,0.18676814436912537,-0.3465873599052429
1749033600.2347136,0.4240596890449524,-1.8473950825133265,1.2169178167926233,1.7823332983204345,-1.2429116407977503,0.6582843661308289,-0.0867624580860138,0.06761585175991058,-0.06700896471738815,-0.14726898074150085,0.15116316080093384,-0.6341002583503723,-0.37843817472457886,0.31378382444381714,-0.7102304100990295,0.317995548248291,0.20220249891281128,-0.32813316583633423
1749033600.2347512,0.42386847734451294,-1.8472782574095667,1.2168296019183558,1.782055302257202,-1.2426212469684046,0.6570196747779846,-0.09026901423931122,0.06517595052719116,-0.0668560266494751,-0.14611007273197174,0.15248779952526093,-0.6340961456298828,-0.3355177044868469,0.3040754199028015,-0.70787513256073,0.2891736626625061,0.22184620797634125,-0.37019896507263184
1749033600.2347882,0.4236956536769867,-1.8471533260741175,1.216654125844137,1.7817627626606445,-1.2422941366778772,0.6557578444480896,-0.08611033856868744,0.06651334464550018,-0.06743253767490387,-0.1461332142353058,0.15189652144908905,-0.6376946568489075,-0.38964587450027466,0.32097113132476807,-0.7123351097106934,0.3047136664390564,0.22339048981666565,-0.30735355615615845
1749033600.234825,0.42350584268569946,-1.8469897709288539,1.2165568510638636,1.781470699901245,-1.2419918219195765,0.6544674038887024,-0.0881212055683136,0.06635718792676926,-0.06737493723630905,-0.14690986275672913,0.15511879324913025,-0.6348350644111633,-0.4031491279602051,0.2576037645339966,-0.71253901720047,0.3304022550582886,0.1807696372270584,-0.2803274393081665
1749033600.2348614,0.4233367443084717,-1.8468700848021449,1.2164128462420862,1.7812010484882812,-1.2417305151568812,0.6531301736831665,-0.08461921662092209,0.06507652252912521,-0.06766712665557861,-0.14500825107097626,0.1515340954065323,-0.6299400925636292,-0.38444042205810547,0.3185635507106781,-0.7046509981155396,0.30274397134780884,0.19455397129058838,-0.31096816062927246
1749033600.2348979,0.42318612337112427,-1.8467418156065882,1.2162650267230433,1.7809042173572998,-1.2414196173297327,0.6519542336463928,-0.08593131601810455,0.06621963530778885,-0.06641879677772522,-0.1465446501970291,0.15143045783042908,-0.6260302662849426,-0.426371306180954,0.3152173161506653,-0.6990538835525513,0.3198705315589905,0.21293994784355164,-0.32313936948776245
1749033600.2349343,0.42293781042099,-1.846621652642721,1.2161405722247522,1.7805916506000976,-1.2410500685321253,0.6506558656692505,-0.08821889013051987,0.06930915266275406,-0.06884787231683731,-0.1435857117176056,0.15786482393741608,-0.6247248649597168,-0.388661652803421,0.27652984857559204,-0.6807839274406433,0.28456568717956543,0.18409603834152222,-0.3517235517501831
1749033600.234971,0.4228150248527527,-1.8464590511717738,1.2159817854510706,1.7803308206745605,-1.2407425085650843,0.6494264602661133,-0.08862625807523727,0.0661737248301506,-0.0656479075551033,-0.1424321085214615,0.1559496372938156,-0.628673791885376,-0.313987135887146,0.29672831296920776,-0.6925683617591858,0.29719287157058716,0.16907332837581635,-0.3472697138786316
1749033600.235008,0.4226663112640381,-1.8463384113707484,1.2158697287188929,1.7800225454517822,-1.2403891722308558,0.6481695771217346,-0.08686894923448563,0.06737333536148071,-0.0646735429763794,-0.14637839794158936,0.15542900562286377,-0.6305735111236572,-0.3721166253089905,0.2879761755466461,-0.7206782698631287,0.29747921228408813,0.1715196967124939,-0.2785968482494354
1749033600.2350447,0.4224371910095215,-1.8462215862669886,1.2157500425921839,1.779737873668335,-1.2400859037982386,0.6469339728355408,-0.08622944355010986,0.06682698428630829,-0.06752048432826996,-0.14325295388698578,0.15426652133464813,-0.6275047659873962,-0.35856133699417114,0.2873983085155487,-0.7150322794914246,0.28801074624061584,0.15485265851020813,-0.3278968632221222
1749033600.2350817,0.42226019501686096,-1.8460785351195277,1.2156060377704065,1.7794455724903564,-1.2398369948016565,0.6456074118614197,-0.08890635520219803,0.06696486473083496,-0.06652204692363739,-0.14359743893146515,0.15267615020275116,-0.6240919232368469,-0.35969430208206177,0.27884089946746826,-0.6895186901092529,0.27895689010620117,0.177586168050766,-0.3363487720489502
1749033600.2351184,0.4221315085887909,-1.8459583721556605,1.2155011335956019,1.779160423869751,-1.2395222822772425,0.6444099545478821,-0.08548421412706375,0.06704393029212952,-0.06501304358243942,-0.14597755670547485,0.15130868554115295,-0.6219897270202637,-0.39367467164993286,0.29245084524154663,-0.7331337928771973,0.28248992562294006,0.2038944959640503,-0.357282817363739
1749033600.2356596,0.42192429304122925,-1.8458177051939906,1.2153657118426722,1.7788912492939453,-1.2391956488238733,0.6431695222854614,-0.0868232250213623,0.06678456813097,-0.06683129817247391,-0.14726325869560242,0.15203216671943665,-0.6214672327041626,-0.40583059191703796,0.30213016271591187,-0.6982546448707581,0.3232806324958801,0.20096717774868011,-0.44197744131088257
1749033600.2376277,0.42175811529159546,-1.845677991906637,1.215234104787008,1.7785586553760986,-1.2388723532306116,0.6419177055358887,-0.08814272284507751,0.0673285722732544,-0.06709462404251099,-0.14849111437797546,0.15371428430080414,-0.6283865571022034,-0.34975478053092957,0.3204441964626312,-0.7089926600456238,0.30287325382232666,0.17571119964122772,-0.36926865577697754
1749033600.2823222,0.4215926229953766,-1.8455339870848597,1.2151020208941858,1.778289480800293,-1.238608185444967,0.6406283974647522,-0.08761315047740936,0.06765822321176529,-0.06649748235940933,-0.14744795858860016,0.153707817196846,-0.6310792565345764,-0.3949250280857086,0.303688108921051,-0.7089142203330994,0.3117493987083435,0.17963477969169617,-0.32674336433410645
1749033600.2823691,0.4213871657848358,-1.8454114399352015,1.214966122304098,1.7780040937611084,-1.2383125464068812,0.639381468296051,-0.0880206823348999,0.06867382675409317,-0.06765386462211609,-0.14990846812725067,0.15776696801185608,-0.6286620497703552,-0.38595661520957947,0.306567519903183,-0.6956636905670166,0.30769404768943787,0.1555047482252121,-0.3469628691673279
1749033600.2824097,0.4212471842765808,-1.8452826939024867,1.214818302785055,1.7776679235645751,-1.2379820982562464,0.6381465792655945,-0.08753964304924011,0.06730663031339645,-0.06722263991832733,-0.1502494066953659,0.15307527780532837,-0.6287546157836914,-0.38700369000434875,0.3133954107761383,-0.7272254228591919,0.3220292031764984,0.1545446217060089,-0.3491794466972351
1749033600.2824485,0.42102450132369995,-1.8451577625670375,1.2146905104266565,1.7773987489887695,-1.2376988569842737,0.6369101405143738,-0.08700624108314514,0.06702794134616852,-0.06684664636850357,-0.14758999645709991,0.1518068015575409,-0.6268782615661621,-0.38057222962379456,0.30852216482162476,-0.7012289762496948,0.31428349018096924,0.1788049191236496,-0.3726939260959625
1749033600.2824876,0.4208954870700836,-1.845025201837057,1.2145584265338343,1.777050419444702,-1.2373994032489222,0.6356239318847656,-0.08724968135356903,0.0673028901219368,-0.06669667363166809,-0.15285788476467133,0.15479695796966553,-0.6320445537567139,-0.38803428411483765,0.3008790910243988,-0.7219218611717224,0.3308974504470825,0.17807668447494507,-0.3912506699562073
1749033600.2825298,0.4206809401512146,-1.844858785668844,1.2144344488727015,1.7767693239399414,-1.2370575110064905,0.6343744397163391,-0.086791031062603,0.06773365288972855,-0.0662568211555481,-0.14902201294898987,0.15134280920028687,-0.6364477872848511,-0.3926312029361725,0.2724817097187042,-0.7223516702651978,0.351606547832489,0.17027053236961365,-0.2969263195991516
1749033600.2825682,0.4205363392829895,-1.8446842632689417,1.2143290678607386,1.7764531809040527,-1.2367537657367151,0.6331036686897278,-0.08736612647771835,0.06656821072101593,-0.06572069972753525,-0.14820556342601776,0.15286856889724731,-0.6325228810310364,-0.38168349862098694,0.3214051127433777,-0.734965980052948,0.34239381551742554,0.18512874841690063,-0.3268362581729889
1749033600.2826054,0.42036527395248413,-1.8445826969542445,1.2141745726214808,1.7761396604725341,-1.2364161650287073,0.6318567991256714,-0.08777127414941788,0.06732741743326187,-0.06579304486513138,-0.1523732841014862,0.1536305695772171,-0.6314518451690674,-0.37441888451576233,0.31083357334136963,-0.7248406410217285,0.37346094846725464,0.1921404004096985,-0.3379685878753662
1749033600.2826421,0.4201320707798004,-1.844473501245016,1.2140353361712855,1.7758239942738037,-1.236136261616842,0.6305646896362305,-0.08849620819091797,0.06852351129055023,-0.06633897125720978,-0.1482517272233963,0.1538829356431961,-0.6300938129425049,-0.3511655926704407,0.27694588899612427,-0.7335584759712219,0.3640787601470947,0.18199867010116577,-0.3222741186618805
1749033600.2826798,0.42000630497932434,-1.8443652592101039,1.2139223257647913,1.775503082866333,-1.2358906904803675,0.6293237209320068,-0.08793821185827255,0.06636406481266022,-0.0667702779173851,-0.14594393968582153,0.15288381278514862,-0.6279446482658386,-0.33597278594970703,0.2954280376434326,-0.71205735206604,0.3451044261455536,0.18561020493507385,-0.352796345949173
1749033600.2827175,0.41978010535240173,-1.844213148156637,1.2137935797320765,1.7752412992664794,-1.235612694417135,0.6280599236488342,-0.08960279077291489,0.06874960660934448,-0.06526487320661545,-0.14425313472747803,0.15247811377048492,-0.630864143371582,-0.3650188744068146,0.2733888030052185,-0.742157518863678,0.3670995831489563,0.18922168016433716,-0.33025413751602173
1749033600.2827582,0.4196198582649231,-1.8440519771971644,1.2136624495135706,1.7749675947376709,-1.2352936903582972,0.62684166431427,-0.08687041699886322,0.06483422964811325,-0.06599835306406021,-0.14327141642570496,0.15213675796985626,-0.631020188331604,-0.37091052532196045,0.31832629442214966,-0.7496025562286377,0.35535717010498047,0.21506045758724213,-0.3108120262622833
1749033600.2827964,0.4194280505180359,-1.843945642510885,1.2135265509234827,1.7746757703968505,-1.2349794546710413,0.6255710124969482,-0.08712891489267349,0.06544455140829086,-0.06894068419933319,-0.14260169863700867,0.15778662264347076,-0.6280884146690369,-0.3964042067527771,0.3255922794342041,-0.7153928279876709,0.3393501937389374,0.1770016998052597,-0.3446342945098877
1749033600.2828333,0.41926079988479614,-1.8438097439207972,1.2133706251727503,1.7743791776844482,-1.2346437613116663,0.6243053078651428,-0.08947594463825226,0.06868404150009155,-0.06616780161857605,-0.1420600861310959,0.15477226674556732,-0.6281757950782776,-0.3381960093975067,0.275846391916275,-0.7414746880531311,0.336470365524292,0.20808754861354828,-0.30553093552589417
1749033600.28287,0.41907453536987305,-1.8436690769591273,1.2132466475116175,1.7741138178059082,-1.234338108693258,0.6230502724647522,-0.08728130906820297,0.06500446796417236,-0.066362664103508,-0.13723178207874298,0.15464745461940765,-0.6237778067588806,-0.4055229723453522,0.31171488761901855,-0.7402923107147217,0.30001646280288696,0.2186460644006729,-0.3686119318008423
1749033600.2829103,0.41891711950302124,-1.8435341320433558,1.2131379286395472,1.773852749461792,-1.2340028921710413,0.6217625141143799,-0.08820469677448273,0.06623075157403946,-0.06842682510614395,-0.14081625640392303,0.15743115544319153,-0.6263142228126526,-0.36061790585517883,0.3178641200065613,-0.721329391002655,0.31733742356300354,0.17567993700504303,-0.36139923334121704
1749033600.2829735,0.418761283159256,-1.8433948955931605,1.2129748503314417,1.773568792934082,-1.233703915272848,0.6205210089683533,-0.08786550164222717,0.0667973980307579,-0.06837715953588486,-0.13667415082454681,0.15547217428684235,-0.6300217509269714,-0.376240074634552,0.2900480329990387,-0.7087531089782715,0.282347708940506,0.18224769830703735,-0.2895781099796295
1749033600.2830403,0.4185974597930908,-1.8432780704894007,1.2128742376910608,1.7733074861713867,-1.2333892027484339,0.6192188858985901,-0.08739065378904343,0.0657912865281105,-0.06757798045873642,-0.13649354875087738,0.15603546798229218,-0.6257942914962769,-0.38221627473831177,0.3214591145515442,-0.723568320274353,0.24834463000297546,0.18678735196590424,-0.32104092836380005
1749033600.2831063,0.41842830181121826,-1.8431655369200648,1.212726895009176,1.7730151849934082,-1.2331011931048792,0.6179887056350708,-0.08775991201400757,0.06641335785388947,-0.06683684140443802,-0.14415782690048218,0.1558346003293991,-0.6243717670440674,-0.39365747570991516,0.327208548784256,-0.728043258190155,0.27489882707595825,0.19547057151794434,-0.34651583433151245
1749033600.283174,0.41823476552963257,-1.8430177174010218,1.212595287953512,1.772718830699585,-1.2327240149127405,0.6167261004447937,-0.08648089319467545,0.06606773287057877,-0.06710116565227509,-0.14209426939487457,0.15607531368732452,-0.6250001788139343,-0.3882291615009308,0.3184918761253357,-0.7179450392723083,0.29584306478500366,0.188446044921875,-0.3357861638069153
1749033600.2832422,0.41807761788368225,-1.8428670368590296,1.212447468434469,1.7724496561237792,-1.232466999684469,0.6155148148536682,-0.08904866129159927,0.06885785609483719,-0.06656734645366669,-0.14411288499832153,0.1550646424293518,-0.6235412359237671,-0.35769835114479065,0.2820799648761749,-0.7327156066894531,0.2818380296230316,0.19111782312393188,-0.39512306451797485
1749033600.2833092,0.41788744926452637,-1.8426886997618617,1.2123273054706019,1.7721761900135498,-1.2322142759906214,0.6142663359642029,-0.08569464087486267,0.06468009948730469,-0.06706669181585312,-0.14509546756744385,0.15350332856178284,-0.6253919005393982,-0.38796180486679077,0.3300962746143341,-0.7459174394607544,0.3011205792427063,0.1704765260219574,-0.33107322454452515
1749033600.2837858,0.41769665479660034,-1.842628618279928,1.2121995131122034,1.7718559938618164,-1.231903378163473,0.6130530834197998,-0.08727925270795822,0.06487882137298584,-0.06749514490365982,-0.1452663391828537,0.15195131301879883,-0.6262511014938354,-0.3757386803627014,0.3197973668575287,-0.7211084365844727,0.2908577620983124,0.1961587369441986,-0.3477739691734314
1749033600.285697,0.41751307249069214,-1.8424927196898402,1.2120640913592737,1.7715870577045898,-1.2315967718707483,0.61178058385849,-0.0872119590640068,0.06804738938808441,-0.06731436401605606,-0.14648222923278809,0.1532849669456482,-0.6252411007881165,-0.3532777428627014,0.31659799814224243,-0.7470335364341736,0.29714322090148926,0.22669075429439545,-0.3800274133682251
1749033600.3264215,0.4173731207847595,-1.8423577747740687,1.2119429747210901,1.7712859350391845,-1.2312873045550745,0.6105615496635437,-0.08754818886518478,0.06593050807714462,-0.06858430802822113,-0.14815744757652283,0.1537955403327942,-0.6268576383590698,-0.38680410385131836,0.29600122570991516,-0.6910684108734131,0.285049170255661,0.22183796763420105,-0.33891141414642334
1749033600.3264697,0.417197048664093,-1.8421946964659632,1.2117999235736292,1.7709776598164062,-1.230976406727926,0.6093125939369202,-0.0883542075753212,0.06634902954101562,-0.06708882004022598,-0.15070633590221405,0.15333209931850433,-0.6284541487693787,-0.3811572790145874,0.31661146879196167,-0.7348960041999817,0.3307598829269409,0.21998754143714905,-0.35616421699523926
1749033600.3265114,0.41704827547073364,-1.8420573673644007,1.2116525808917444,1.7706805902668457,-1.2306883970843714,0.6080240607261658,-0.08766176551580429,0.06627022475004196,-0.06624279171228409,-0.14969348907470703,0.15733613073825836,-0.629818856716156,-0.3796042799949646,0.30727484822273254,-0.7285760641098022,0.30298808217048645,0.19784632325172424,-0.3657173812389374
1749033600.3265507,0.41681021451950073,-1.841921945611471,1.2115677038775843,1.7703794676014404,-1.2303388754474085,0.6067239046096802,-0.0878225639462471,0.06653260439634323,-0.07056286185979843,-0.15139140188694,0.15502655506134033,-0.6301162838935852,-0.401305615901947,0.32927578687667847,-0.6935839056968689,0.3111397624015808,0.20328226685523987,-0.31983858346939087
1749033600.326589,0.4166509509086609,-1.8417898617186488,1.211388889943258,1.77008764326062,-1.2299726645099085,0.605503499507904,-0.08889004588127136,0.06633196026086807,-0.06811141222715378,-0.14771504700183868,0.1560072898864746,-0.6279690265655518,-0.36268967390060425,0.32451486587524414,-0.7181807160377502,0.30787795782089233,0.2134321630001068,-0.3443167805671692
1749033600.3266277,0.41643160581588745,-1.8416549168028773,1.2112606207477015,1.769770308131836,-1.229715649281637,0.6042607426643372,-0.08945702761411667,0.06652005016803741,-0.06852103769779205,-0.14542798697948456,0.15697479248046875,-0.6278215646743774,-0.37627437710762024,0.3023545444011688,-0.7028856873512268,0.27355092763900757,0.18620553612709045,-0.3651764988899231
1749033600.3266664,0.41627436876296997,-1.8415056667723597,1.2111480871783655,1.7695094782062988,-1.2294352690326136,0.6029762625694275,-0.08860539644956589,0.06814519315958023,-0.0690760686993599,-0.1475626826286316,0.1571025252342224,-0.6291927695274353,-0.3586992621421814,0.28843143582344055,-0.707204282283783,0.29515624046325684,0.18065997958183289,-0.32400575280189514
1749033600.3267035,0.41611069440841675,-1.8414355717101039,1.2109888235675257,1.769228382701538,-1.2290928999530237,0.6018059849739075,-0.08825439214706421,0.06578205525875092,-0.06791561096906662,-0.1457931399345398,0.1565677970647812,-0.6285520792007446,-0.3632979989051819,0.3180488049983978,-0.716017484664917,0.28374677896499634,0.17933309078216553,-0.352422833442688
1749033600.3267415,0.41593560576438904,-1.8412376842894496,1.210883919392721,1.7689358431049804,-1.2287748495685022,0.6004881262779236,-0.08811262249946594,0.0667145624756813,-0.06771376729011536,-0.1461755782365799,0.15670451521873474,-0.6293962001800537,-0.37552157044410706,0.3203462064266205,-0.7158033847808838,0.2835615873336792,0.1849776953458786,-0.34704652428627014
1749033600.3267787,0.415727823972702,-1.8410989246764125,1.2107017675982874,1.768650932902954,-1.2284796873675745,0.5992640852928162,-0.087342269718647,0.06625627726316452,-0.06775856763124466,-0.14763619005680084,0.1550634205341339,-0.6291860342025757,-0.37995290756225586,0.32826846837997437,-0.7191188335418701,0.285891056060791,0.1938750445842743,-0.32602301239967346
1749033600.3268166,0.4156070053577423,-1.8410054645934046,1.2106049696551722,1.7683576780506591,-1.2282031218158167,0.5979605317115784,-0.08734773844480515,0.06632325053215027,-0.06735014915466309,-0.14690454304218292,0.1574023813009262,-0.6290220022201538,-0.38412535190582275,0.3120516538619995,-0.7194311618804932,0.2775130271911621,0.19240520894527435,-0.3691135346889496
1749033600.326853,0.4154117703437805,-1.8409038982787074,1.2104571501361292,1.7680727678486328,-1.2278779188739222,0.5967052578926086,-0.08569305390119553,0.06698835641145706,-0.06773805618286133,-0.1487569808959961,0.1539863497018814,-0.6303814649581909,-0.40318563580513,0.2961443066596985,-0.7145060300827026,0.29073143005371094,0.20788848400115967,-0.33795636892318726
1749033600.3268895,0.4152558445930481,-1.840710302392477,1.2103326956378382,1.767772837276123,-1.227563206349508,0.5954976677894592,-0.08989414572715759,0.06657884269952774,-0.06775148212909698,-0.14784769713878632,0.15438134968280792,-0.6314424276351929,-0.37735286355018616,0.3171471655368805,-0.7122783660888672,0.2849855124950409,0.2070656269788742,-0.366233766078949
1749033600.3269305,0.4150677025318146,-1.8405500851073207,1.2101901213275355,1.7674919801899414,-1.227314297352926,0.5941956043243408,-0.08467070013284683,0.06700156629085541,-0.06789285689592361,-0.1493222415447235,0.15656942129135132,-0.6338837146759033,-0.4085835814476013,0.30008232593536377,-0.7123652100563049,0.28452378511428833,0.18376615643501282,-0.3491475284099579
1749033600.3269687,0.41488438844680786,-1.8404652080931605,1.2100737730609339,1.7671946722218017,-1.226940933858053,0.5929104089736938,-0.08795632421970367,0.06640323996543884,-0.06745845824480057,-0.14872781932353973,0.1573205441236496,-0.6354542970657349,-0.3683621883392334,0.2981835901737213,-0.7230837941169739,0.27611464262008667,0.20062944293022156,-0.27363264560699463
1749033600.3270054,0.41470110416412354,-1.8402987919249476,1.2099335829364222,1.7668708997913818,-1.2266491095172327,0.5916715860366821,-0.08840498328208923,0.06611449271440506,-0.07045537978410721,-0.15258866548538208,0.15764880180358887,-0.6318061947822571,-0.36751848459243774,0.3143618106842041,-0.6983651518821716,0.32007622718811035,0.18377551436424255,-0.3141215741634369
1749033600.3270416,0.4145093560218811,-1.8401628933348597,1.2097862402545374,1.7665580946156005,-1.2263291517840784,0.5903475880622864,-0.08770408481359482,0.06634220480918884,-0.06854280084371567,-0.14984528720378876,0.15729433298110962,-0.6271535754203796,-0.38314634561538696,0.33489567041397095,-0.6834591627120972,0.30202287435531616,0.19655418395996094,-0.36636683344841003
1749033600.3270783,0.4143226742744446,-1.8400498829283656,1.209630314503805,1.7662409979053955,-1.2259991804706019,0.5891243815422058,-0.08835163712501526,0.06890877336263657,-0.06689400970935822,-0.1543610692024231,0.1569948047399521,-0.6277015805244446,-0.3718756437301636,0.2608824670314789,-0.7299688458442688,0.3127046823501587,0.19150370359420776,-0.302863210439682
1749033600.3271153,0.41418126225471497,-1.8399211368956507,1.2095020453082483,1.7659479814716796,-1.2256868521319788,0.5878549218177795,-0.0883059948682785,0.06614769250154495,-0.06856393069028854,-0.15209825336933136,0.1570771336555481,-0.6268175840377808,-0.36691588163375854,0.30877187848091125,-0.7179356217384338,0.32500284910202026,0.18275561928749084,-0.3810693025588989
1749033600.3271513,0.4139482080936432,-1.8398009739317835,1.2093585173236292,1.7656470972248535,-1.2253878752337855,0.5865833759307861,-0.08771564066410065,0.06716080009937286,-0.06799675524234772,-0.14956650137901306,0.1575194150209427,-0.6315550208091736,-0.3473629057407379,0.32368409633636475,-0.6982265710830688,0.3183046579360962,0.1749664843082428,-0.32467949390411377
1749033600.3276606,0.41385453939437866,-1.8396526775755824,1.2092345396624964,1.765361710185669,-1.2250502745257776,0.5853394269943237,-0.09086163341999054,0.0707523375749588,-0.06641941517591476,-0.14818911254405975,0.1549980193376541,-0.6302774548530579,-0.32940244674682617,0.24570602178573608,-0.7165875434875488,0.3113049268722534,0.17563965916633606,-0.2983029782772064
1749033600.3296423,0.4136972725391388,-1.839487691918844,1.2091029326068323,1.7650608259388427,-1.22475511232485,0.5840598344802856,-0.08741584420204163,0.06565845012664795,-0.06644252687692642,-0.1476382315158844,0.15235505998134613,-0.6292627453804016,-0.3721742033958435,0.2947388291358948,-0.7277377247810364,0.31507787108421326,0.18483969569206238,-0.31312623620033264
1749033600.3742921,0.41346701979637146,-1.8393618069090785,1.2089551130877894,1.7647413450428466,-1.2244356314288538,0.5828144550323486,-0.08900436758995056,0.06591032445430756,-0.06644963473081589,-0.1462588906288147,0.15648812055587769,-0.6246450543403625,-0.3812512457370758,0.3076125383377075,-0.7268332242965698,0.3200644254684448,0.18248233199119568,-0.3208748996257782
1749033600.3743389,0.4132682681083679,-1.8392578564085902,1.2088425795184534,1.7644554811665039,-1.2241790930377405,0.5816105008125305,-0.08722435683012009,0.06551910936832428,-0.06680284440517426,-0.14705690741539001,0.1537192165851593,-0.620147705078125,-0.35928428173065186,0.2999834418296814,-0.7075611352920532,0.3117269277572632,0.177480086684227,-0.3773237466812134
1749033600.3743844,0.4131200313568115,-1.8391105137267054,1.2087071577655237,1.7641517358967285,-1.2238615194903772,0.5803624391555786,-0.0869915634393692,0.06576481461524963,-0.06726754456758499,-0.1471799910068512,0.1532752960920334,-0.62446528673172,-0.39954665303230286,0.31916606426239014,-0.7096402645111084,0.3092464804649353,0.17659291625022888,-0.37520962953567505
1749033600.374425,0.41293320059776306,-1.8389769993224085,1.2085712591754358,1.7638935285755615,-1.223567310963766,0.5790820121765137,-0.08775533735752106,0.06573812663555145,-0.06693863868713379,-0.14573025703430176,0.1575043797492981,-0.628962516784668,-0.38220125436782837,0.2959875464439392,-0.7375601530075073,0.2920874357223511,0.18095259368419647,-0.3217347264289856
1749033600.3744626,0.4128105044364929,-1.838813921014303,1.208459202443258,1.7636088567921142,-1.2232978979693812,0.5778692364692688,-0.08654528111219406,0.0658387541770935,-0.06777890771627426,-0.1439231038093567,0.1555367261171341,-0.6259862780570984,-0.40861067175865173,0.311297208070755,-0.7166275978088379,0.2945430278778076,0.1860913634300232,-0.37278321385383606
1749033600.3745017,0.41261258721351624,-1.8386780224242152,1.2082956472979944,1.7632967668720703,-1.2229798475848597,0.576586127281189,-0.08921457082033157,0.0674145296216011,-0.06732255965471268,-0.14750994741916656,0.15741588175296783,-0.6250619888305664,-0.41453641653060913,0.2954220175743103,-0.7070139646530151,0.2834222614765167,0.1699865460395813,-0.36252009868621826
1749033600.374539,0.41244009137153625,-1.8385893307127894,1.2081554571734827,1.7630349832722167,-1.2226222197162073,0.5753213763237,-0.0891927108168602,0.06713269650936127,-0.06678182631731033,-0.14372582733631134,0.15645556151866913,-0.6249778270721436,-0.3857148289680481,0.2701584994792938,-0.7310452461242676,0.28403809666633606,0.18897654116153717,-0.36654186248779297
1749033600.3745766,0.4122413098812103,-1.8384024105467738,1.2080395857440394,1.762694998378418,-1.2223294417010706,0.5741161108016968,-0.08934851735830307,0.06547129154205322,-0.06671717762947083,-0.14212694764137268,0.1570698320865631,-0.6244882345199585,-0.386127233505249,0.3289531469345093,-0.7356522679328918,0.2559126615524292,0.17852570116519928,-0.37930789589881897
1749033600.374614,0.4120769798755646,-1.8383027515807093,1.2079113165484827,1.7624141412922363,-1.2220118681537073,0.5727980136871338,-0.08914925158023834,0.06553617864847183,-0.06838788837194443,-0.14750443398952484,0.15824374556541443,-0.6302283406257629,-0.3764612674713135,0.3148684501647949,-0.6902098655700684,0.31114625930786133,0.17869766056537628,-0.34009167551994324
1749033600.3746514,0.4120769798755646,-1.8383027515807093,1.2079113165484827,1.7624141412922363,-1.2220118681537073,0.5727980136871338,-0.08914925158023834,0.06553617864847183,-0.06838788837194443,-0.14750443398952484,0.15824374556541443,-0.6302283406257629,-0.3764612674713135,0.3148684501647949,-0.6902098655700684,0.31114625930786133,0.17869766056537628,-0.34009167551994324
1749033600.3746893,0.4118745028972626,-1.8381692371764125,1.2077601591693323,1.762140913600586,-1.2216857115374964,0.5715219974517822,-0.08869654685258865,0.06862281262874603,-0.06506799906492233,-0.14287225902080536,0.15770380198955536,-0.6308305263519287,-0.37941959500312805,0.2617172598838806,-0.7434064149856567,0.29660558700561523,0.1737149953842163,-0.307945191860199
1749033600.3747263,0.4115312099456787,-1.8379212818541468,1.2075045744525355,1.7615505891987304,-1.221058193837301,0.5690425038337708,-0.0912780836224556,0.0660586878657341,-0.06830193102359772,-0.14603424072265625,0.1549881100654602,-0.6263502240180969,-0.3301462233066559,0.31067824363708496,-0.7226158976554871,0.3008127808570862,0.18189874291419983,-0.318806529045105
1749033600.374763,0.4114137589931488,-1.8377815685667933,1.2073572317706507,1.761246605510376,-1.2207191626178187,0.5678098201751709,-0.08822903037071228,0.06598129868507385,-0.06535129994153976,-0.14686620235443115,0.15728941559791565,-0.6239575147628784,-0.3847680389881134,0.32054588198661804,-0.732519268989563,0.29339712858200073,0.1643713414669037,-0.3574528694152832
1749033600.3748002,0.4112214148044586,-1.837625642816061,1.2072408835040491,1.7609459596821289,-1.2204192320453089,0.566577136516571,-0.09267005324363708,0.06667546927928925,-0.06576652079820633,-0.14748865365982056,0.1555628776550293,-0.6264663338661194,-0.34138283133506775,0.2890985906124115,-0.7418088912963867,0.3170170187950134,0.13645698130130768,-0.3732094168663025
1749033600.374837,0.41106969118118286,-1.8375207386412562,1.2071316877948206,1.760676546687744,-1.2201288382159632,0.5652504563331604,-0.08840646594762802,0.06815409660339355,-0.06648829579353333,-0.1475009173154831,0.15507450699806213,-0.6311216354370117,-0.40361326932907104,0.3064611554145813,-0.7423564195632935,0.29841187596321106,0.1519395112991333,-0.33908745646476746
1749033600.374874,0.41087448596954346,-1.8373805485167445,1.2070239225970667,1.760340376491211,-1.219806973134176,0.5640851259231567,-0.09050924330949783,0.06629940867424011,-0.06611832231283188,-0.14649078249931335,0.15524505078792572,-0.6294273734092712,-0.3305246829986572,0.25222599506378174,-0.7652260065078735,0.3178078234195709,0.13158439099788666,-0.2945784032344818
1749033600.3749104,0.4106596112251282,-1.8372136555113734,1.2068608442889612,1.760051890010498,-1.2195494810687464,0.5628098845481873,-0.08833178877830505,0.06401575356721878,-0.06749162822961807,-0.144942969083786,0.15292610228061676,-0.6247962713241577,-0.330145001411438,0.26657846570014954,-0.7299742102622986,0.31806281208992004,0.14603230357170105,-0.23298124969005585
1749033600.3749506,0.41050758957862854,-1.837135454217428,1.2067168394671839,1.7597665029713134,-1.2192466894732874,0.5615244507789612,-0.08611834049224854,0.06217723712325096,-0.06765448302030563,-0.13895079493522644,0.15071651339530945,-0.6170214414596558,-0.4408476948738098,0.3498053550720215,-0.7449592351913452,0.26536279916763306,0.16133062541484833,-0.3262805640697479
1749033600.374988,0.4102926552295685,-1.836984773675436,1.2065694967852991,1.7594901758381347,-1.2189009825335901,0.5603048205375671,-0.08757636696100235,0.06513972580432892,-0.06756329536437988,-0.1384456604719162,0.1505904495716095,-0.6152508854866028,-0.4106682240962982,0.31781286001205444,-0.724249541759491,0.23713725805282593,0.17198340594768524,-0.4232856035232544
1749033600.3750246,0.41015657782554626,-1.836848875085348,1.2064417044269007,1.7592004972645263,-1.218586270009176,0.5590053200721741,-0.08982565253973007,0.06715565919876099,-0.06654246151447296,-0.1444646120071411,0.1516934484243393,-0.6220969557762146,-0.3873448669910431,0.3140171766281128,-0.7293369770050049,0.28898727893829346,0.17068856954574585,-0.3650858402252197
1749033600.3750608,0.41002318263053894,-1.8367048702635707,1.2063220183001917,1.7589120107838134,-1.2182744185077112,0.5578062534332275,-0.090248242020607,0.06806838512420654,-0.0665353387594223,-0.14369237422943115,0.15362392365932465,-0.6269546151161194,-0.3927534818649292,0.28110644221305847,-0.7616862654685974,0.26354682445526123,0.16836529970169067,-0.34936609864234924
1749033600.3750975,0.4098350405693054,-1.836550851861471,1.2061899344073694,1.7586192327686767,-1.2180169264422815,0.5565066337585449,-0.0901431068778038,0.0686459094285965,-0.0666075050830841,-0.14612996578216553,0.15285110473632812,-0.6273165941238403,-0.4173489212989807,0.2984171509742737,-0.7359226942062378,0.2749101221561432,0.16317987442016602,-0.3496589958667755
1749033600.375676,0.4096171259880066,-1.8364254436888636,1.2060492674456995,1.7583619791218261,-1.2176602522479456,0.55525141954422,-0.09158088266849518,0.06888077408075333,-0.0655977725982666,-0.14735546708106995,0.15200857818126678,-0.6294708251953125,-0.37297487258911133,0.2761840224266052,-0.7498589158058167,0.2832329273223877,0.16532553732395172,-0.34344562888145447
1749033600.3777304,0.4094444811344147,-1.8363052807249964,1.2059486548053187,1.7580584722706298,-1.2173221747027796,0.5540452599525452,-0.0905698910355568,0.06930360198020935,-0.06510317325592041,-0.14498832821846008,0.15474405884742737,-0.6267547011375427,-0.3645845353603363,0.23760640621185303,-0.7756978869438171,0.286998450756073,0.14987462759017944,-0.31591296195983887
1749033600.418501,0.40928030014038086,-1.8361736736693324,1.205782715474264,1.7577733236500244,-1.2170417944537562,0.5527895092964172,-0.0935928076505661,0.06580078601837158,-0.06630322337150574,-0.1442580670118332,0.1502903699874878,-0.6258306503295898,-0.32531026005744934,0.24879400432109833,-0.7705665230751038,0.2803574204444885,0.15866491198539734,-0.3740476369857788
1749033600.4185753,0.4090469777584076,-1.8360568485655726,1.2056539694415491,1.7574965196796875,-1.2167380491839808,0.5515012741088867,-0.08808717876672745,0.06515104323625565,-0.06868179142475128,-0.14458927512168884,0.15011703968048096,-0.6271049380302429,-0.4011562466621399,0.3071634769439697,-0.7266479730606079,0.2652413845062256,0.16747432947158813,-0.30408233404159546
1749033600.4186466,0.40882405638694763,-1.8359528980650843,1.2055099646197718,1.7571913438984375,-1.2163613478290003,0.5502994656562805,-0.0896204486489296,0.06492120772600174,-0.06737805157899857,-0.14559641480445862,0.15093471109867096,-0.6249991059303284,-0.3657529354095459,0.28648096323013306,-0.766101062297821,0.2554165720939636,0.13894708454608917,-0.35272541642189026
1749033600.4187155,0.4087103307247162,-1.8358236751952113,1.2053592840777796,1.7569028574177246,-1.2161195913897913,0.549011766910553,-0.08938492834568024,0.06486181914806366,-0.06660521030426025,-0.14744870364665985,0.14843396842479706,-0.6241782903671265,-0.3664419651031494,0.3296581208705902,-0.7661398649215698,0.25327742099761963,0.1661054939031601,-0.3445223271846771
1749033600.418782,0.4085533618927002,-1.8356763325133265,1.2052462736712855,1.7565666872211914,-1.2157462278949183,0.547762930393219,-0.08919806778430939,0.06605269759893417,-0.07092547416687012,-0.14488723874092102,0.14896507561206818,-0.6251193881034851,-0.38532188534736633,0.32864049077033997,-0.7216024994850159,0.24539503455162048,0.16742949187755585,-0.37446674704551697
1749033600.418849,0.4083818793296814,-1.8355289898314417,1.2050874868976038,1.7563137251087646,-1.2154906431781214,0.5465392470359802,-0.08688054233789444,0.0699826031923294,-0.06762553006410599,-0.15044812858104706,0.1501895636320114,-0.6284790635108948,-0.4041464030742645,0.24756665527820587,-0.738511860370636,0.2529691755771637,0.16190481185913086,-0.4086271822452545
1749033600.4189153,0.40818652510643005,-1.8354054890074671,1.2049863974200647,1.7560395437427978,-1.215156380330221,0.54522705078125,-0.08894212543964386,0.06583776324987411,-0.06795313209295273,-0.1494641751050949,0.14977209270000458,-0.6318733096122742,-0.3768675923347473,0.3016650676727295,-0.7306163907051086,0.2801443338394165,0.16430141031742096,-0.34770405292510986
1749033600.4189825,0.40797218680381775,-1.835299631158346,1.2048075834857386,1.755739374751709,-1.2149036566363733,0.543979823589325,-0.08768653869628906,0.06681078672409058,-0.06825505942106247,-0.14710594713687897,0.14719939231872559,-0.6307977437973022,-0.38562023639678955,0.2897116541862488,-0.7370706796646118,0.2781065106391907,0.1803913116455078,-0.3171759843826294
1749033600.4190483,0.4078318178653717,-1.8351551494994105,1.2046950499164026,1.75541536390271,-1.2146127859698694,0.5427118539810181,-0.08643948286771774,0.06650065630674362,-0.06896328926086426,-0.15264824032783508,0.15191641449928284,-0.6303136944770813,-0.4038737714290619,0.27786996960639954,-0.7251172065734863,0.31232520937919617,0.16199032962322235,-0.34815603494644165
1749033600.4191146,0.4076746106147766,-1.8349582157530726,1.2045510450946253,1.7551428514667968,-1.2142861525165003,0.5414995551109314,-0.08652634173631668,0.06529874354600906,-0.06869690865278244,-0.1492697298526764,0.1476307362318039,-0.6299519538879395,-0.43795567750930786,0.3462039828300476,-0.7161906957626343,0.2760508358478546,0.1847555935382843,-0.31756913661956787
1749033600.4191787,0.40752583742141724,-1.8348380527892054,1.204407040272848,1.7548448282429199,-1.21399432817568,0.5402070879936218,-0.0878220945596695,0.06608600169420242,-0.06860923022031784,-0.14774449169635773,0.14814038574695587,-0.6290684938430786,-0.3973916172981262,0.28558704257011414,-0.7279456853866577,0.27180221676826477,0.1805325448513031,-0.35117006301879883
1749033600.4192436,0.4072960317134857,-1.834724565545553,1.2042596975909632,1.7545685011097412,-1.2136762777911585,0.5389822721481323,-0.08656170219182968,0.0663251131772995,-0.06815344095230103,-0.14745491743087769,0.15415973961353302,-0.6289272308349609,-0.4114968478679657,0.2889625132083893,-0.7247481942176819,0.2561630606651306,0.15189941227436066,-0.35668253898620605
1749033600.4193094,0.40716812014579773,-1.8345896206297816,1.2041123549090784,1.7542361456104736,-1.2133806387530726,0.5377177596092224,-0.0909569039940834,0.0657847449183464,-0.06789784133434296,-0.14833074808120728,0.1506500393152237,-0.6292325258255005,-0.3839418292045593,0.2981112599372864,-0.709113359451294,0.2765348255634308,0.18074344098567963,-0.31770169734954834
1749033600.4193735,0.4070085883140564,-1.8344832859435023,1.2039840857135218,1.7539352613636474,-1.2130621115313929,0.5364522337913513,-0.08707856386899948,0.06917210668325424,-0.06660769879817963,-0.1500517725944519,0.15186041593551636,-0.6296787261962891,-0.45538923144340515,0.28799891471862793,-0.7089200019836426,0.2669450640678406,0.17218655347824097,-0.3723313808441162
1749033600.4194386,0.40677323937416077,-1.8343163929381312,1.2038796583758753,1.7536343771168212,-1.2127674261676233,0.5351640582084656,-0.09006895124912262,0.06705157458782196,-0.06793934851884842,-0.15025821328163147,0.15207631886005402,-0.6302832961082458,-0.41562482714653015,0.2750639319419861,-0.7230920195579529,0.25520631670951843,0.17817269265651703,-0.38996580243110657
1749033600.4195032,0.40662881731987,-1.8341661892332972,1.2037323156939905,1.753361626262329,-1.212452236806051,0.5338940620422363,-0.08937063068151474,0.06596007943153381,-0.06595561653375626,-0.15472276508808136,0.1526954621076584,-0.6345365643501282,-0.38986051082611084,0.2962208390235901,-0.7091462016105652,0.31994062662124634,0.16609492897987366,-0.3269404470920563
1749033600.4195683,0.40642982721328735,-1.8340527019896449,1.2036040464984339,1.7530523973652343,-1.2121174971209925,0.5326797366142273,-0.08897699415683746,0.06785665452480316,-0.06588773429393768,-0.15023690462112427,0.15495064854621887,-0.6331978440284729,-0.4095287024974823,0.3033654987812042,-0.7333676218986511,0.27780768275260925,0.16664502024650574,-0.36937215924263
1749033600.4196332,0.40626978874206543,-1.8339549503722132,1.2034686247455042,1.7527796465107421,-1.2118132750140589,0.5314061641693115,-0.08961425721645355,0.06683449447154999,-0.06862586736679077,-0.1505839228630066,0.15430937707424164,-0.6357479095458984,-0.4310193955898285,0.28610965609550476,-0.7157384753227234,0.2798185348510742,0.17538098990917206,-0.32007819414138794
1749033600.4196978,0.4060826897621155,-1.8337766132750453,1.2033560911761683,1.752462549800537,-1.211506191884176,0.5301042795181274,-0.08974573761224747,0.06596299260854721,-0.06741829961538315,-0.1519932895898819,0.15501926839351654,-0.6354044079780579,-0.4008764624595642,0.3201189339160919,-0.7092311978340149,0.30091363191604614,0.15554238855838776,-0.28997451066970825
1749033600.419762,0.405875027179718,-1.833656450311178,1.2032082716571253,1.752154751414917,-1.2112119833575647,0.5288404226303101,-0.09009802341461182,0.06784871965646744,-0.06793656945228577,-0.1500999480485916,0.15612895786762238,-0.6326000094413757,-0.3844066560268402,0.2406434714794159,-0.7267709970474243,0.30850231647491455,0.12960222363471985,-0.31427568197250366
1749033600.419914,0.40571802854537964,-1.833505769769186,1.2030733267413538,1.751833124751709,-1.210935417805807,0.5275460481643677,-0.08714330196380615,0.06653642654418945,-0.06851991266012192,-0.1507042646408081,0.15465188026428223,-0.6283864974975586,-0.4101298153400421,0.28297534584999084,-0.7185773849487305,0.30180594325065613,0.14827798306941986,-0.2985939383506775
1749033600.421657,0.4055117964744568,-1.8333546123900355,1.202937428151266,1.7515441614338378,-1.2105706373797815,0.5262584686279297,-0.09218112379312515,0.06649144738912582,-0.06798972934484482,-0.15104635059833527,0.15234845876693726,-0.6264832615852356,-0.3908291161060333,0.2789188325405121,-0.7052784562110901,0.33115679025650024,0.16449861228466034,-0.36280280351638794
1749033600.4624853,0.4053744673728943,-1.8332520924010218,1.2028124968158167,1.7512401777454834,-1.210285488759176,0.5250291228294373,-0.08780907094478607,0.06721115112304688,-0.06741130352020264,-0.15048041939735413,0.15690240263938904,-0.6289975643157959,-0.4122540056705475,0.28283217549324036,-0.7061777114868164,0.31127145886421204,0.14365598559379578,-0.37877407670021057
1749033600.4625602,0.40515971183776855,-1.8331042728819789,1.2026460806476038,1.750938816661499,-1.2100055853473108,0.5237719416618347,-0.09143984317779541,0.06762703508138657,-0.06717495620250702,-0.149172842502594,0.15307502448558807,-0.632123589515686,-0.3959278464317322,0.2827964127063751,-0.7080226540565491,0.3255990147590637,0.1287490874528885,-0.3048258423805237
1749033600.4626288,0.40496429800987244,-1.8330003223814906,1.2025330702411097,1.7506422239490966,-1.2096994558917444,0.5225120782852173,-0.08832388371229172,0.06770530343055725,-0.06601087003946304,-0.1476239711046219,0.15277719497680664,-0.6294304132461548,-0.4143736660480499,0.2821550667285919,-0.7123499512672424,0.3119857907295227,0.17157751321792603,-0.32732316851615906
1749033600.4626968,0.40486985445022583,-1.832818170587057,1.2024052778827112,1.750344915980957,-1.2093294302569788,0.5212287902832031,-0.08939290046691895,0.06755464524030685,-0.0661705881357193,-0.14843666553497314,0.1560046672821045,-0.6249398589134216,-0.44292792677879333,0.2892295718193054,-0.7250074744224548,0.28054505586624146,0.135403111577034,-0.34772324562072754
1749033600.462763,0.40464815497398376,-1.8326932392516078,1.2022503058062952,1.750027819270752,-1.2090652624713343,0.5200149416923523,-0.09039055556058884,0.06798554956912994,-0.0653947964310646,-0.1488296538591385,0.15279367566108704,-0.6246707439422607,-0.40329086780548096,0.28924405574798584,-0.7308999300003052,0.3220137059688568,0.16198764741420746,-0.34323209524154663
1749033600.46283,0.40445297956466675,-1.8325540028014125,1.2021568457232874,1.749727650279663,-1.208766285573141,0.5187352895736694,-0.08992153406143188,0.06785066425800323,-0.06558011472225189,-0.1469278186559677,0.15337689220905304,-0.6246280074119568,-0.37670108675956726,0.2550319731235504,-0.7336176633834839,0.3059667944908142,0.15578515827655792,-0.38091933727264404
1749033600.4628978,0.4042644500732422,-1.8324791393675746,1.2019975821124476,1.7494546610065917,-1.2084782759295862,0.5174738764762878,-0.08898954093456268,0.06697168201208115,-0.06656331568956375,-0.14651086926460266,0.15445490181446075,-0.6290426850318909,-0.4213322401046753,0.2704404592514038,-0.7338975667953491,0.309234619140625,0.1518675833940506,-0.3720405399799347
1749033600.4629633,0.40409332513809204,-1.8323093853392542,1.201857868825094,1.7491661745258789,-1.208097283040182,0.516244649887085,-0.08941753953695297,0.06670495122671127,-0.06682007014751434,-0.14809834957122803,0.15275920927524567,-0.6300849318504333,-0.4081227481365204,0.3060676157474518,-0.7356270551681519,0.3168366551399231,0.13083019852638245,-0.32791459560394287
1749033600.4630296,0.40393638610839844,-1.8321687183775843,1.2017338911639612,1.7488645750233154,-1.2078211943255823,0.5149930119514465,-0.09006571769714355,0.06635244935750961,-0.06644271314144135,-0.14534391462802887,0.15606512129306793,-0.6286250352859497,-0.39520978927612305,0.31432339549064636,-0.7206961512565613,0.2963183522224426,0.15237173438072205,-0.3751225769519806
1749033600.4630952,0.40375345945358276,-1.8320485554137171,1.201601807271139,1.7485799032398681,-1.2075136343585413,0.5137056708335876,-0.09029876440763474,0.06580755114555359,-0.06616625189781189,-0.14716283977031708,0.1535693109035492,-0.6295711994171143,-0.3744884431362152,0.28323060274124146,-0.7428012490272522,0.3161422610282898,0.14394187927246094,-0.33616259694099426
1749033600.463161,0.40359750390052795,-1.831923624078268,1.2014697233783167,1.7482916551777343,-1.207212273274557,0.5124399065971375,-0.08949028700590134,0.06720668822526932,-0.06889517605304718,-0.14920607209205627,0.15066726505756378,-0.6262764930725098,-0.41654443740844727,0.29149824380874634,-0.717281699180603,0.3399013876914978,0.1545501947402954,-0.36828914284706116
1749033600.4632268,0.40342122316360474,-1.8317653141417445,1.2013066450702112,1.7480031686970214,-1.2068327108966272,0.5112423896789551,-0.09189865738153458,0.06423980742692947,-0.06568573415279388,-0.1488347053527832,0.15439143776893616,-0.6309579014778137,-0.38323312997817993,0.31500697135925293,-0.7382088303565979,0.337571918964386,0.15708020329475403,-0.40536949038505554
1749033600.4632921,0.40322235226631165,-1.8316222629942835,1.2011783758746546,1.7477142053791503,-1.206538502370016,0.5099347829818726,-0.08810604363679886,0.06503909826278687,-0.06509997695684433,-0.14893707633018494,0.15110032260417938,-0.6356989741325378,-0.40910035371780396,0.31393158435821533,-0.7493690848350525,0.33240699768066406,0.16225466132164001,-0.3009603023529053
1749033600.4633577,0.40301522612571716,-1.8315087757506312,1.2010505835162562,1.7473901945301513,-1.2062857786761683,0.5087053775787354,-0.08866066485643387,0.06780809164047241,-0.06838679313659668,-0.14808213710784912,0.15043164789676666,-0.6320985555648804,-0.41314029693603516,0.2827887237071991,-0.7280195951461792,0.33155977725982666,0.16034768521785736,-0.3205247223377228
1749033600.463423,0.4028354585170746,-1.8313852749266566,1.2008989492999476,1.747105522746704,-1.2059696356402796,0.5074529647827148,-0.087989442050457,0.06600997596979141,-0.06567404419183731,-0.14852963387966156,0.14910265803337097,-0.6299878358840942,-0.3720453083515167,0.29357439279556274,-0.7228056192398071,0.3435748815536499,0.17048320174217224,-0.3631546199321747
1749033600.463488,0.40266042947769165,-1.8312083683409632,1.2007587591754358,1.7468082147785644,-1.2056892553912562,0.5061835050582886,-0.08829015493392944,0.06582608819007874,-0.06486578285694122,-0.14811481535434723,0.15016359090805054,-0.6287076473236084,-0.4075514078140259,0.2990832030773163,-0.7192468643188477,0.33819952607154846,0.17444869875907898,-0.328773558139801
1749033600.4635532,0.4025188982486725,-1.8311196766295375,1.2006548086749476,1.7464956480213623,-1.205400292073385,0.5049462914466858,-0.08962775021791458,0.06750454008579254,-0.06619922071695328,-0.1490979641675949,0.1507234126329422,-0.6282954216003418,-0.3904610872268677,0.2444991022348404,-0.7319267988204956,0.34668833017349243,0.18550914525985718,-0.3932659924030304
1749033600.463618,0.4023008942604065,-1.8309723339476527,1.2005074659930628,1.746210976237915,-1.2050517241107386,0.5036405324935913,-0.08933745324611664,0.06692295521497726,-0.06589648872613907,-0.1450960338115692,0.15279749035835266,-0.6307996511459351,-0.3884696960449219,0.28309008479118347,-0.7437186241149902,0.3087058961391449,0.17043498158454895,-0.34409862756729126
1749033600.4636834,0.4021593928337097,-1.830790182153219,1.2003439108477991,1.7458781439014892,-1.2047541777240198,0.5023743510246277,-0.08945766091346741,0.06653691083192825,-0.0652703270316124,-0.1455957442522049,0.15249085426330566,-0.6312111020088196,-0.3875020146369934,0.30392423272132874,-0.7381424903869629,0.3171166181564331,0.19108888506889343,-0.33521848917007446
1749033600.4637475,0.4019688069820404,-1.830684324304098,1.2002666632281702,1.745605154628418,-1.2044842878924769,0.5011616349220276,-0.09042906016111374,0.06722776591777802,-0.0647185742855072,-0.1471112072467804,0.15316887199878693,-0.6290329098701477,-0.3599606156349182,0.27197501063346863,-0.749125599861145,0.35074925422668457,0.1745012402534485,-0.3576373755931854
1749033600.4639075,0.40180811285972595,-1.8305140934386195,1.2001383940326136,1.745281382197998,-1.2041977087603968,0.49987462162971497,-0.0896914079785347,0.0661286860704422,-0.06461118906736374,-0.1459953635931015,0.15419624745845795,-0.6294761300086975,-0.3773006200790405,0.2744271755218506,-0.7585715651512146,0.34588974714279175,0.18741506338119507,-0.3407451808452606
1749033600.4656641,0.4016754925251007,-1.830421587029928,1.1999605337726038,1.7449919420429687,-1.2038968245135706,0.4985996186733246,-0.08814402669668198,0.06631660461425781,-0.0647563561797142,-0.1461227387189865,0.15572506189346313,-0.626573383808136,-0.40936344861984253,0.24458017945289612,-0.7588459253311157,0.36258310079574585,0.16370294988155365,-0.35242152214050293
1749033600.5062935,0.4014248549938202,-1.8302742443480433,1.1998756567584437,1.7446948724934082,-1.203583065663473,0.4973602294921875,-0.09116680175065994,0.0661967322230339,-0.06427102535963058,-0.14519400894641876,0.1560288667678833,-0.6284694671630859,-0.3634985089302063,0.29809698462486267,-0.7575904130935669,0.35910749435424805,0.14935745298862457,-0.38727352023124695
1749033600.5063396,0.4012765884399414,-1.830160757104391,1.199700180684225,1.7444025713154296,-1.2032673994647425,0.4960543215274811,-0.08789792656898499,0.06811543554067612,-0.06750869005918503,-0.14302216470241547,0.15939819812774658,-0.6328555345535278,-0.39654701948165894,0.24647685885429382,-0.7537944912910461,0.3612292408943176,0.14752238988876343,-0.2974759042263031
1749033600.5063953,0.40106579661369324,-1.830012937585348,1.1995719114886683,1.7440952497669677,-1.202921215687887,0.49482542276382446,-0.09172159433364868,0.06482863426208496,-0.06492281705141068,-0.1413392871618271,0.1551804542541504,-0.628877580165863,-0.36516323685646057,0.29945340752601624,-0.7566603422164917,0.343709260225296,0.15589091181755066,-0.3269473910331726
1749033600.5064394,0.4009169340133667,-1.8298851452269496,1.19946796098818,1.7438410955616455,-1.202583138142721,0.49355313181877136,-0.0879843458533287,0.06539759039878845,-0.06500709801912308,-0.1388934999704361,0.15413127839565277,-0.6272775530815125,-0.3832053542137146,0.2968602180480957,-0.7633662819862366,0.331362247467041,0.16129209101200104,-0.3121289312839508
1749033600.506478,0.4007180333137512,-1.8297683201231898,1.1993325392352503,1.7435569006153564,-1.2023218313800257,0.492357075214386,-0.08747323602437973,0.0687120109796524,-0.06819045543670654,-0.13922330737113953,0.15587042272090912,-0.6268197894096375,-0.3936249911785126,0.2796776592731476,-0.7383758425712585,0.31234869360923767,0.14850325882434845,-0.34159398078918457
1749033600.5065157,0.4005314111709595,-1.8296367130675257,1.1991847197162073,1.7432843881794433,-1.2020004431353968,0.4910257160663605,-0.08990876376628876,0.06577008217573166,-0.06609474867582321,-0.141374409198761,0.15420834720134735,-0.6242191791534424,-0.35149574279785156,0.29186660051345825,-0.744177520275116,0.32305029034614563,0.16480658948421478,-0.36603158712387085
1749033600.5065575,0.4003741145133972,-1.8295008144774378,1.1990445295916956,1.7430078226276855,-1.2016499678241175,0.4898167550563812,-0.08842508494853973,0.06646031886339188,-0.06577567011117935,-0.14118941128253937,0.15464407205581665,-0.6251904368400574,-0.3759511411190033,0.28172585368156433,-0.7630412578582764,0.30951541662216187,0.17230135202407837,-0.3240596652030945
1749033600.5065958,0.40024980902671814,-1.8293725452818812,1.1989129225360315,1.7427434164234619,-1.2013466993915003,0.48853838443756104,-0.08733861148357391,0.06733039766550064,-0.06603078544139862,-0.1413680613040924,0.15560708940029144,-0.6253437995910645,-0.40050217509269714,0.26014113426208496,-0.7535741329193115,0.28380826115608215,0.15670430660247803,-0.3105795979499817
1749033600.5066326,0.39994195103645325,-1.8292490444579066,1.19879657426943,1.7424589830585937,-1.2010930220233362,0.4873370826244354,-0.08784397691488266,0.06707475334405899,-0.06621111184358597,-0.14082922041416168,0.15446360409259796,-0.6234497427940369,-0.4314352869987488,0.2719854414463043,-0.7621336579322815,0.25802403688430786,0.1546008586883545,-0.3600563108921051
1749033600.5066695,0.3997858166694641,-1.8290616474547328,1.198636833821432,1.7422093588062744,-1.2007406393634241,0.4860967695713043,-0.0888543352484703,0.06692235171794891,-0.06608160585165024,-0.14468060433864594,0.15696530044078827,-0.6241088509559631,-0.4057106673717499,0.2845103144645691,-0.7436878681182861,0.26888802647590637,0.14021548628807068,-0.336823970079422
1749033600.5067081,0.3996407389640808,-1.8289762936034144,1.1985014120685022,1.741917296046875,-1.20044452348818,0.4848112463951111,-0.08895866572856903,0.06690648198127747,-0.06661903858184814,-0.14273221790790558,0.15295462310314178,-0.6250941157341003,-0.40090277791023254,0.25463229417800903,-0.7455410361289978,0.27932190895080566,0.17419488728046417,-0.3625250458717346
1749033600.506746,0.39951157569885254,-1.8288289509215296,1.1983540693866175,1.7415970998951416,-1.2001612822162073,0.48360633850097656,-0.08927645534276962,0.0658380389213562,-0.06718377768993378,-0.14379414916038513,0.1548328697681427,-0.6271440386772156,-0.379014253616333,0.2658609449863434,-0.7475975751876831,0.2729766368865967,0.16875077784061432,-0.3748493790626526
1749033600.5067823,0.3992776572704315,-1.8286849460997523,1.1982291380511683,1.7412847715565185,-1.1998193899737757,0.48232024908065796,-0.08769278228282928,0.06581448763608932,-0.06771010160446167,-0.15145061910152435,0.15349550545215607,-0.6282121539115906,-0.3838260769844055,0.27694040536880493,-0.7320147156715393,0.33317258954048157,0.12946496903896332,-0.3295704126358032
1749033600.5068185,0.3991169333457947,-1.8285585842528285,1.1980856100665491,1.7410310941883544,-1.1995390097247522,0.4810801148414612,-0.08904421329498291,0.06634866446256638,-0.0670023187994957,-0.14877820014953613,0.15006142854690552,-0.6277695298194885,-0.34279921650886536,0.2744029462337494,-0.7258330583572388,0.3106868267059326,0.1590377390384674,-0.34356895089149475
1749033600.506855,0.3989805579185486,-1.828463693658346,1.1979573408709925,1.7407104211994628,-1.1992672125445765,0.47983232140541077,-0.08694065362215042,0.06577688455581665,-0.06677231937646866,-0.15031501650810242,0.14994502067565918,-0.6278107166290283,-0.41436484456062317,0.3090752065181732,-0.7379225492477417,0.3288968801498413,0.18682649731636047,-0.3639053404331207
1749033600.506894,0.39878877997398376,-1.8282977543272914,1.1978567282306116,1.7404064375111084,-1.1989262739764612,0.4785546064376831,-0.09161978214979172,0.06663456559181213,-0.06680509448051453,-0.150385320186615,0.15076255798339844,-0.6306579113006592,-0.3705485761165619,0.275817334651947,-0.7452223896980286,0.33260923624038696,0.17467187345027924,-0.3261009454727173
1749033600.5069313,0.39862531423568726,-1.8282152614989222,1.1976936499225062,1.7401134210773925,-1.1986883322345179,0.47731003165245056,-0.08816027641296387,0.06590931862592697,-0.06679803878068924,-0.14980921149253845,0.15235507488250732,-0.6293128132820129,-0.3738517463207245,0.2774485647678375,-0.7282929420471191,0.327161967754364,0.18257936835289001,-0.3593085706233978
1749033600.5069678,0.3983793556690216,-1.8280641041197718,1.197550121937887,1.7397774892994384,-1.1983855406390589,0.47606003284454346,-0.08967310190200806,0.06643734127283096,-0.06651075929403305,-0.15396250784397125,0.15459147095680237,-0.6291323900222778,-0.3605348467826843,0.29733896255493164,-0.7139697074890137,0.32192403078079224,0.19818124175071716,-0.34569790959358215
1749033600.5070043,0.3982536792755127,-1.8279200992979945,1.1974452177630823,1.7395075994678955,-1.1980598608600062,0.4747953414916992,-0.09037495404481888,0.06605401635169983,-0.06585739552974701,-0.148076593875885,0.1560148447751999,-0.628025472164154,-0.3500194549560547,0.29424774646759033,-0.732620358467102,0.33420053124427795,0.19474811851978302,-0.31457459926605225
1749033600.507044,0.39808228611946106,-1.8277694187560023,1.1972783247577112,1.7392076688953857,-1.1977523008929651,0.4735460877418518,-0.08938287943601608,0.06932533532381058,-0.06595320999622345,-0.14657805860042572,0.15730781853199005,-0.6270713210105896,-0.35207873582839966,0.2324838489294052,-0.7485400438308716,0.3150566518306732,0.1874634176492691,-0.3473151624202728
1749033600.5076945,0.3979179263114929,-1.8276788196959437,1.197169605885641,1.7389222818562011,-1.197456185017721,0.47229838371276855,-0.08801840990781784,0.06545694172382355,-0.0673682913184166,-0.15027470886707306,0.15762116014957428,-0.6270115375518799,-0.38039276003837585,0.26232945919036865,-0.7068794965744019,0.3336063325405121,0.16153760254383087,-0.30586352944374084
1749033600.5097828,0.39768826961517334,-1.8274809322752894,1.1970341841327112,1.738621636027954,-1.197174374257223,0.47099941968917847,-0.08725226670503616,0.06523657590150833,-0.06521323323249817,-0.14540013670921326,0.15612056851387024,-0.6281560659408569,-0.3980861306190491,0.2866148054599762,-0.7556018829345703,0.329190731048584,0.176398366689682,-0.32696840167045593
1749033600.5503037,0.3975238502025604,-1.8273889027037562,1.1968863646136683,1.7383567529865722,-1.1968215147601526,0.4697679579257965,-0.08599808067083359,0.06815532594919205,-0.06519763171672821,-0.14512163400650024,0.1524253487586975,-0.629738986492157,-0.4163534641265869,0.26074036955833435,-0.7534427046775818,0.31580662727355957,0.1984986662864685,-0.34880906343460083
1749033600.5503535,0.39740243554115295,-1.8272983036436976,1.1967390219317835,1.7380601602741699,-1.196510140095846,0.46847003698349,-0.08889039605855942,0.06579434126615524,-0.06799974292516708,-0.1448144018650055,0.15653333067893982,-0.631856381893158,-0.38910961151123047,0.24941730499267578,-0.702835202217102,0.3058951497077942,0.18174925446510315,-0.2982097864151001
1749033600.5504146,0.39718830585479736,-1.8271366558470667,1.1966107527362269,1.7377723890491943,-1.1961901823626917,0.4672650396823883,-0.08686277270317078,0.06598293036222458,-0.06564154475927353,-0.14540281891822815,0.1535549759864807,-0.6300421357154846,-0.40504857897758484,0.28733447194099426,-0.7258725166320801,0.3069918155670166,0.16728025674819946,-0.31199467182159424
1749033600.550457,0.3970240652561188,-1.827015062371725,1.196498219166891,1.7375148969837646,-1.19586688676943,0.46599918603897095,-0.09122944623231888,0.0672558918595314,-0.0666380524635315,-0.14464637637138367,0.15385131537914276,-0.6256290674209595,-0.36952707171440125,0.2618630528450012,-0.7214821577072144,0.29783743619918823,0.17936837673187256,-0.322954922914505
1749033600.5504966,0.39684781432151794,-1.8268724880614222,1.196378533040182,1.737257404918335,-1.1955369154559534,0.46473559737205505,-0.08800254762172699,0.06792062520980835,-0.06698661297559738,-0.14445605874061584,0.15645822882652283,-0.6245841383934021,-0.4076841175556183,0.25176817178726196,-0.7265558242797852,0.2919825315475464,0.17114408314228058,-0.33190566301345825
1749033600.550535,0.39665964245796204,-1.8267284832396449,1.196164909993307,1.7369379240223388,-1.1952441374408167,0.4634750783443451,-0.08879144489765167,0.06746695190668106,-0.06719263643026352,-0.14530329406261444,0.15351508557796478,-0.6229364275932312,-0.3948131799697876,0.26422980427742004,-0.730215311050415,0.2683294117450714,0.1740202158689499,-0.37264829874038696
1749033600.5505724,0.3964420557022095,-1.8266431293883265,1.1960561911212366,1.7366577821918945,-1.1949766317950647,0.46217334270477295,-0.08897323161363602,0.06753945350646973,-0.06771158427000046,-0.1452365666627884,0.15298277139663696,-0.627251148223877,-0.3803110718727112,0.2856048345565796,-0.704863429069519,0.2754402160644531,0.18321052193641663,-0.3404945135116577
1749033600.5506134,0.3963710069656372,-1.8264676533141078,1.19592792192568,1.7363759714313964,-1.1946266333209437,0.4610025882720947,-0.08895421028137207,0.06821728497743607,-0.06778905540704727,-0.14721854031085968,0.153034046292305,-0.6270449161529541,-0.38214993476867676,0.273906946182251,-0.6939693689346313,0.2689096927642822,0.19297419488430023,-0.3160197138786316
1749033600.5506518,0.3961218297481537,-1.8263055286803187,1.1957805792437952,1.736048861140869,-1.1943772474872034,0.45973801612854004,-0.09018968045711517,0.06837581843137741,-0.06749151647090912,-0.148850679397583,0.1535770744085312,-0.6267295479774475,-0.3862318694591522,0.26570066809654236,-0.6936979293823242,0.27084872126579285,0.18348683416843414,-0.3530879020690918
1749033600.5506887,0.39594942331314087,-1.8261696300902308,1.195648495350973,1.7357746797749023,-1.1940658728228968,0.4584381878376007,-0.08969495445489883,0.06743023544549942,-0.06736893206834793,-0.1493857353925705,0.15522630512714386,-0.6269455552101135,-0.3587009012699127,0.25529396533966064,-0.689954936504364,0.2642512917518616,0.1805327832698822,-0.30949530005455017
1749033600.5507257,0.39575788378715515,-1.8260756931700648,1.1955669561969202,1.73541967451062,-1.1937010923968714,0.45721548795700073,-0.08911317586898804,0.06994424760341644,-0.06799228489398956,-0.15197815001010895,0.15619996190071106,-0.6210504174232483,-0.3616594076156616,0.23103387653827667,-0.6705790758132935,0.28687161207199097,0.17109403014183044,-0.3625486195087433
1749033600.550763,0.39553648233413696,-1.825933118859762,1.1954119841205042,1.7351195055195312,-1.1934016386615198,0.45597994327545166,-0.08875147998332977,0.06566125154495239,-0.0652884840965271,-0.1512070596218109,0.1537686586380005,-0.6247917413711548,-0.3501589596271515,0.24612578749656677,-0.7089278101921082,0.32159534096717834,0.19759777188301086,-0.4030568301677704
1749033600.5507998,0.3953791856765747,-1.8258043728270472,1.1952527205096644,1.7348365026661376,-1.1930831114398401,0.45471617579460144,-0.08806677162647247,0.06570391356945038,-0.06533191353082657,-0.14943575859069824,0.15578176081180573,-0.6293964385986328,-0.38644397258758545,0.27393293380737305,-0.7371654510498047,0.28291577100753784,0.18275928497314453,-0.3162904381752014
1749033600.550837,0.39521849155426025,-1.8256875477232875,1.195120636616842,1.7345191675373535,-1.192822281514303,0.45347630977630615,-0.08803737163543701,0.06775353103876114,-0.06849171221256256,-0.15182355046272278,0.15555132925510406,-0.6271717548370361,-0.36178115010261536,0.26229608058929443,-0.6816810965538025,0.3283136188983917,0.14943984150886536,-0.3506465554237366
1749033600.5508738,0.39521849155426025,-1.8256875477232875,1.195120636616842,1.7345191675373535,-1.192822281514303,0.45347630977630615,-0.08803737163543701,0.06775353103876114,-0.06849171221256256,-0.15182355046272278,0.15555132925510406,-0.6271717548370361,-0.36178115010261536,0.26229608058929443,-0.6816810965538025,0.3283136188983917,0.14943984150886536,-0.3506465554237366
1749033600.5509102,0.39507314562797546,-1.8255287609496058,1.194996182118551,1.7342228132435302,-1.1924956480609339,0.45223361253738403,-0.0879945456981659,0.06742625683546066,-0.06490526348352432,-0.14901851117610931,0.1562248319387436,-0.6253820657730103,-0.39543241262435913,0.25355207920074463,-0.6991741061210632,0.2901149094104767,0.16515634953975677,-0.39653459191322327
1749033600.5509467,0.3947084844112396,-1.8252746067442835,1.1947529951678675,1.7336324888416748,-1.1918848196612757,0.44971925020217896,-0.08620614558458328,0.06793728470802307,-0.0650695413351059,-0.1470649242401123,0.1547805368900299,-0.6266628503799438,-0.402997761964798,0.2635694742202759,-0.7032669186592102,0.28299587965011597,0.17677247524261475,-0.4030918776988983
1749033600.550984,0.39452022314071655,-1.8251387081541957,1.1946285406695765,1.7333754736134033,-1.1915925184832972,0.4484134912490845,-0.09040886163711548,0.06712156534194946,-0.06484635919332504,-0.14694900810718536,0.1547514796257019,-0.633317768573761,-0.3037380278110504,0.27595996856689453,-0.7280817031860352,0.2989403009414673,0.180064395070076,-0.33155685663223267
1749033600.5510204,0.3943832814693451,-1.824965616265768,1.1944926420794886,1.7330714899250488,-1.1912758986102503,0.4471590518951416,-0.08656636625528336,0.06698452681303024,-0.06467698514461517,-0.14539839327335358,0.15546365082263947,-0.6330621838569641,-0.3965870440006256,0.25914058089256287,-0.733564555644989,0.2604919373989105,0.19050218164920807,-0.3081238269805908
1749033600.551057,0.3941643536090851,-1.8248402080931605,1.1943138281451624,1.7327675062366943,-1.1909659544574183,0.44594448804855347,-0.08814394474029541,0.06675169616937637,-0.06523655354976654,-0.14780721068382263,0.1542971134185791,-0.6292551755905151,-0.35174500942230225,0.25782981514930725,-0.7203366160392761,0.2825930118560791,0.18482939898967743,-0.36293336749076843
1749033600.551715,0.39393410086631775,-1.8247581921019496,1.194205109273092,1.732478066081665,-1.1906426588641565,0.44467079639434814,-0.08816175907850266,0.06610548496246338,-0.06538832187652588,-0.14268846809864044,0.15548129379749298,-0.6282581090927124,-0.3209376037120819,0.2051827311515808,-0.710166335105896,0.29852843284606934,0.15105324983596802,-0.2422589361667633
1749033600.553716,0.39382845163345337,-1.8246108494200648,1.1940816084491175,1.7321931558796386,-1.1902778784381312,0.4434013366699219,-0.0854988694190979,0.06407003849744797,-0.06529559940099716,-0.14101743698120117,0.1542145162820816,-0.6194238066673279,-0.317646861076355,0.25065165758132935,-0.7168327569961548,0.2441834956407547,0.14659737050533295,-0.2702622413635254
1749033600.5942929,0.3935815691947937,-1.824494024316305,1.1939571539508265,1.731877251262329,-1.1900118033038538,0.4421587586402893,-0.08540842682123184,0.06371243298053741,-0.06531315296888351,-0.14423727989196777,0.15042594075202942,-0.6151921153068542,-0.40770918130874634,0.3112807869911194,-0.7175333499908447,0.26030993461608887,0.19214068353176117,-0.4164097011089325
1749033600.5943394,0.393431693315506,-1.824339052239889,1.1938026587115687,1.7315763670155029,-1.1896656195269983,0.4409908950328827,-0.08646123111248016,0.0670255497097969,-0.06450662761926651,-0.14287643134593964,0.15462443232536316,-0.6215036511421204,-0.37773868441581726,0.2932327687740326,-0.7108363509178162,0.2611181139945984,0.15501883625984192,-0.3552381694316864
1749033600.594383,0.3932463526725769,-1.8242021999754847,1.1937287489520472,1.731299801463745,-1.1893885771380823,0.43974432349205017,-0.09118923544883728,0.06956551969051361,-0.06360232830047607,-0.1460210084915161,0.15296153724193573,-0.6224679946899414,-0.3206136226654053,0.23631243407726288,-0.7214403748512268,0.2803613543510437,0.15758979320526123,-0.3554500937461853
1749033600.5944223,0.39313605427742004,-1.8240663013853968,1.19358998933901,1.7309986787983398,-1.1890586058246058,0.43849965929985046,-0.08762754499912262,0.06911685317754745,-0.0631311684846878,-0.1468202918767929,0.15134574472904205,-0.6263865232467651,-0.3502451181411743,0.2591828405857086,-0.7319846153259277,0.2755603790283203,0.16671761870384216,-0.3542500436306
1749033600.5944602,0.3929217755794525,-1.823930402795309,1.193453613911764,1.7307018476673584,-1.188728157673971,0.43725475668907166,-0.0896199569106102,0.06720446050167084,-0.0641263797879219,-0.14764444530010223,0.15420912206172943,-0.6249329447746277,-0.3588479161262512,0.2702557444572449,-0.7293700575828552,0.3097896873950958,0.14656277000904083,-0.33340516686439514
1749033600.5944982,0.3927050828933716,-1.823796888391012,1.1933611075030726,1.7303976255604248,-1.188479248677389,0.4360167384147644,-0.08705694228410721,0.06982649117708206,-0.06417839974164963,-0.14527563750743866,0.15103720128536224,-0.6256945133209229,-0.3412657678127289,0.2318771630525589,-0.7433110475540161,0.3040637969970703,0.16530267894268036,-0.37470152974128723
1749033600.5945358,0.3925529420375824,-1.8236385784544886,1.1932061354266565,1.7301246362873535,-1.1881759802447718,0.43473267555236816,-0.08730856329202652,0.06757718324661255,-0.06411423534154892,-0.1444357931613922,0.1499282866716385,-0.6300727128982544,-0.35357916355133057,0.1769607961177826,-0.7526273727416992,0.2894219160079956,0.19121386110782623,-0.3549286723136902
1749033600.594579,0.39241939783096313,-1.823510309258932,1.1930974165545862,1.7298509317585449,-1.187857453023092,0.43344250321388245,-0.08676083385944366,0.06546160578727722,-0.06581240147352219,-0.14433406293392181,0.15107396245002747,-0.6309701800346375,-0.3569093942642212,0.2661041021347046,-0.7529758214950562,0.27922481298446655,0.19712673127651215,-0.30527418851852417
1749033600.5946176,0.3922383189201355,-1.8234363994994105,1.1929305235492151,1.7295588689991455,-1.1875842253314417,0.43216732144355774,-0.08633808046579361,0.06596094369888306,-0.06702341139316559,-0.14601410925388336,0.1512194722890854,-0.629260241985321,-0.3990325331687927,0.3049469292163849,-0.7311691641807556,0.28360801935195923,0.18813392519950867,-0.36459285020828247
1749033600.5946558,0.3920776844024658,-1.8232580624022425,1.1927674452411097,1.729278250331543,-1.187272850667135,0.4309156537055969,-0.08716646581888199,0.06882014870643616,-0.06563203781843185,-0.14904168248176575,0.15231360495090485,-0.6302908658981323,-0.37889814376831055,0.24027188122272491,-0.7514281272888184,0.2880486845970154,0.19066303968429565,-0.33779940009117126
1749033600.5946932,0.3918943703174591,-1.8231412372984828,1.1926353613482874,1.7289578157612304,-1.1868999640094202,0.4296509921550751,-0.08859405666589737,0.0668795108795166,-0.06685220450162888,-0.14860095083713531,0.15679988265037537,-0.6283270120620728,-0.3876333236694336,0.27887850999832153,-0.7402586936950684,0.2717497944831848,0.16802747547626495,-0.3329378366470337
1749033600.59473,0.3917265236377716,-1.8229662380614222,1.1925228277789515,1.7286967474171142,-1.1865814367877405,0.4284414052963257,-0.0884886160492897,0.06818612664937973,-0.06879869103431702,-0.14751291275024414,0.1543695628643036,-0.6292893290519714,-0.3732665479183197,0.2442467212677002,-0.697127640247345,0.2733919620513916,0.1416427344083786,-0.35663896799087524
1749033600.5947666,0.3915039300918579,-1.8228408298888148,1.1923721472369593,1.7283484178730468,-1.1862924734698694,0.42716196179389954,-0.08871301263570786,0.06768761575222015,-0.06667780876159668,-0.14817102253437042,0.152541846036911,-0.6310953497886658,-0.3914761543273926,0.25830304622650146,-0.7289575934410095,0.2754213213920593,0.17779305577278137,-0.3337862491607666
1749033600.5948026,0.39135152101516724,-1.8226930103697718,1.1922662893878382,1.7280639845081787,-1.1860278288470667,0.4258875846862793,-0.08745236694812775,0.06720954924821854,-0.06719023734331131,-0.14397206902503967,0.15495529770851135,-0.6303052306175232,-0.3615740239620209,0.25054222345352173,-0.7293667793273926,0.26691240072250366,0.1381731629371643,-0.32066643238067627
1749033600.5948396,0.3911479115486145,-1.8225733242430628,1.1921313444720667,1.727747603053711,-1.1856735388385218,0.42463764548301697,-0.08697855472564697,0.06658339500427246,-0.06741079688072205,-0.14384067058563232,0.15145184099674225,-0.6288650631904602,-0.36943691968917847,0.25394535064697266,-0.712797999382019,0.24238711595535278,0.15877440571784973,-0.34384825825691223
1749033600.594876,0.39094918966293335,-1.8224064312376917,1.19200307527651,1.7274624544331054,-1.1853345076190394,0.4233887493610382,-0.08677663654088974,0.06588977575302124,-0.06762003153562546,-0.14650988578796387,0.1513454020023346,-0.6290444135665894,-0.3697504997253418,0.27155253291130066,-0.7190706133842468,0.2911178469657898,0.1571618765592575,-0.3312776982784271
1749033600.5950303,0.3907935917377472,-1.8223215542235316,1.1918514410602015,1.727196379298828,-1.1850627104388636,0.42212727665901184,-0.0869479700922966,0.06567665934562683,-0.06674562394618988,-0.1455949991941452,0.15169332921504974,-0.6298107504844666,-0.4008203446865082,0.2773669362068176,-0.7355149984359741,0.27391496300697327,0.17168937623500824,-0.4024151861667633
1749033600.59507,0.39066794514656067,-1.8222042522826136,1.1917198340045374,1.726869745845459,-1.184718434010641,0.42079588770866394,-0.08722207695245743,0.06621246784925461,-0.0662846714258194,-0.14664903283119202,0.15330290794372559,-0.6315174102783203,-0.3401806354522705,0.2961907684803009,-0.7199671268463135,0.2702500522136688,0.14785100519657135,-0.34288689494132996
1749033600.5951107,0.390462189912796,-1.8220139942564906,1.1916068235980433,1.7266196447559814,-1.1843813101397913,0.41961079835891724,-0.08634073287248611,0.0664670467376709,-0.06638259440660477,-0.1489701271057129,0.1529928743839264,-0.6318666934967041,-0.3954172730445862,0.24953758716583252,-0.7417318224906921,0.2915729880332947,0.13105490803718567,-0.3215699791908264
1749033600.5951502,0.3902941942214966,-1.821888109246725,1.1914475599872034,1.7263077932545166,-1.1841509977923792,0.4182964563369751,-0.08964398503303528,0.06626421958208084,-0.06753717362880707,-0.1481732279062271,0.1529891937971115,-0.6322864294052124,-0.3257003128528595,0.28713685274124146,-0.7126107811927795,0.2853068709373474,0.13577672839164734,-0.3452754020690918
1749033600.595631,0.3900793194770813,-1.8217750988402308,1.1913312117206019,1.726055069560669,-1.183831516896383,0.4170580804347992,-0.08537069708108902,0.06711389124393463,-0.06515364348888397,-0.14563611149787903,0.15167996287345886,-0.6314970254898071,-0.39267581701278687,0.21698524057865143,-0.7343348264694214,0.2575974464416504,0.1449786275625229,-0.30850183963775635
1749033600.597645,0.3899191915988922,-1.8216549358763636,1.191164795552389,1.7257615762897949,-1.1834676901446741,0.41576606035232544,-0.08638884127140045,0.06390903145074844,-0.06580650061368942,-0.14880269765853882,0.15054191648960114,-0.6298467516899109,-0.3767366409301758,0.295060932636261,-0.7554488182067871,0.2633763551712036,0.14165447652339935,-0.33841729164123535
1749033600.6422918,0.3897703289985657,-1.8215075931944789,1.1910484472857874,1.725473089809082,-1.183244530354635,0.4144965708255768,-0.08639555424451828,0.06487496197223663,-0.06894322484731674,-0.14495792984962463,0.14935235679149628,-0.6292269229888916,-0.38402801752090454,0.3023903965950012,-0.7090173959732056,0.2666782736778259,0.15639807283878326,-0.33594653010368347
1749033600.6423376,0.3895488381385803,-1.8213325939574183,1.1909163633929651,1.7251652914234619,-1.1829331556903284,0.41328445076942444,-0.08652295172214508,0.06854888796806335,-0.0661797896027565,-0.14461354911327362,0.15235795080661774,-0.6289894580841064,-0.39713484048843384,0.229515939950943,-0.7295980453491211,0.2271830141544342,0.15173973143100739,-0.3288603127002716
1749033600.6423786,0.38936224579811096,-1.8212434254088343,1.190765682850973,1.7248963552662353,-1.1825798193561,0.4120652377605438,-0.08727334439754486,0.06444638967514038,-0.0674479529261589,-0.15232570469379425,0.14924199879169464,-0.6286656856536865,-0.3930691182613373,0.2814345955848694,-0.7210485339164734,0.2679051160812378,0.15718460083007812,-0.3445452153682709
1749033600.6424174,0.38925841450691223,-1.8210679493346156,1.1906526724444788,1.724571867580078,-1.1822565237628382,0.4107554852962494,-0.08835360407829285,0.06761440634727478,-0.0674484446644783,-0.14962565898895264,0.14840558171272278,-0.6271817684173584,-0.3933522403240204,0.2547352612018585,-0.7176269292831421,0.2682555913925171,0.15579357743263245,-0.3657565116882324
1749033600.642455,0.38906317949295044,-1.820939680139059,1.1905558745013636,1.7242824274250488,-1.1819499174701136,0.40951159596443176,-0.0873851403594017,0.06771118938922882,-0.06805229187011719,-0.15087155997753143,0.15293173491954803,-0.631355345249176,-0.3513799011707306,0.22690501809120178,-0.719395637512207,0.2668333649635315,0.141859233379364,-0.33177468180656433
1749033600.642493,0.38890010118484497,-1.8208385906615199,1.1903732458697718,1.7239698606678466,-1.1816890875445765,0.4082701504230499,-0.08687347918748856,0.06741359829902649,-0.06697383522987366,-0.15165919065475464,0.1507514864206314,-0.6313862800598145,-0.35920584201812744,0.22790926694869995,-0.7152642011642456,0.28187471628189087,0.14437773823738098,-0.375258207321167
1749033600.6425304,0.38873812556266785,-1.8206755123534144,1.190261189137594,1.7236615854450683,-1.1813738981830042,0.4070250988006592,-0.09012363851070404,0.06683836132287979,-0.06615874916315079,-0.1509350836277008,0.15049795806407928,-0.6342467665672302,-0.34396499395370483,0.2354033887386322,-0.7184311747550964,0.2863955497741699,0.1501326709985733,-0.3369125723838806
1749033600.6425676,0.38853928446769714,-1.8205329380431117,1.1901481787311,1.7233611780354003,-1.1810243765460413,0.4057065546512604,-0.08683129400014877,0.06688238680362701,-0.06654686480760574,-0.15051472187042236,0.15012425184249878,-0.6338655948638916,-0.3803347647190094,0.21645675599575043,-0.7238170504570007,0.28079137206077576,0.16248883306980133,-0.29915809631347656
1749033600.6426096,0.3883334994316101,-1.8204146824278773,1.1900127569781702,1.7230917650410156,-1.1807945410357874,0.4045000374317169,-0.0888369157910347,0.06617624312639236,-0.06723138689994812,-0.14865051209926605,0.14959047734737396,-0.6308576464653015,-0.37856119871139526,0.21535703539848328,-0.7254964113235474,0.264935165643692,0.15740737318992615,-0.3285292685031891
1749033600.6426485,0.388161301612854,-1.8202673397459925,1.1898568312274378,1.7227675157734375,-1.1804640928851526,0.4032224416732788,-0.08925855904817581,0.06540168076753616,-0.06740280240774155,-0.14894957840442657,0.14960986375808716,-0.628562867641449,-0.378334641456604,0.255471408367157,-0.7273515462875366,0.2699636220932007,0.15764407813549042,-0.3127337396144867
1749033600.6426857,0.38795042037963867,-1.8201471767821253,1.1897018591510218,1.7224787908741455,-1.1801613012896937,0.40191563963890076,-0.08866515010595322,0.06521745026111603,-0.06741330027580261,-0.15003609657287598,0.15015149116516113,-0.6267549991607666,-0.35720381140708923,0.26157766580581665,-0.7161945700645447,0.2766514718532562,0.16662360727787018,-0.3348461389541626
1749033600.6427228,0.38784459233283997,-1.8200065098204554,1.189589802418844,1.722209854716919,-1.1798809210406702,0.400644451379776,-0.0884266346693039,0.0659254938364029,-0.06705811619758606,-0.15034238994121552,0.15228161215782166,-0.6292304396629333,-0.3771500885486603,0.2592232823371887,-0.7198395133018494,0.2840457558631897,0.19315144419670105,-0.3698263168334961
1749033600.6427596,0.3876326084136963,-1.819866796533102,1.1894648710833948,1.7218970495411376,-1.179565731679098,0.39937224984169006,-0.0890703871846199,0.06505075842142105,-0.06724629551172256,-0.15092317759990692,0.1531677544116974,-0.632034957408905,-0.3619668185710907,0.27122238278388977,-0.7217085361480713,0.2781296372413635,0.16193535923957825,-0.27362126111984253
1749033600.6427963,0.3874196708202362,-1.8197537861266078,1.189270321522848,1.7215766149708251,-1.179270092641012,0.3981616199016571,-0.0885726734995842,0.06430342048406601,-0.0677596852183342,-0.15293222665786743,0.15058963000774384,-0.6306362152099609,-0.3552003502845764,0.2625387907028198,-0.7031205296516418,0.3130298852920532,0.1771521121263504,-0.29669564962387085
1749033600.6428332,0.38726598024368286,-1.8196264706053675,1.1891854445086878,1.7213076788135986,-1.1789620558368128,0.3969011604785919,-0.08783145993947983,0.06699832528829575,-0.06788641959428787,-0.14878042042255402,0.15315502882003784,-0.625053882598877,-0.33666515350341797,0.24784694612026215,-0.7092713117599487,0.2980244755744934,0.1714601218700409,-0.31865888833999634
1749033600.64287,0.38712552189826965,-1.8195086918272914,1.1890032927142542,1.7210227686115722,-1.178652588521139,0.39564862847328186,-0.08642531931400299,0.06141640990972519,-0.06764991581439972,-0.149991974234581,0.1533709168434143,-0.6237543225288391,-0.41383519768714905,0.29359573125839233,-0.708766758441925,0.297710657119751,0.17559877038002014,-0.3506926894187927
1749033600.6429062,0.3869267702102661,-1.8193732700743617,1.1888907591449183,1.7206782537647705,-1.17836839357485,0.3944064676761627,-0.08713191747665405,0.06508757919073105,-0.06677579134702682,-0.14941450953483582,0.155965194106102,-0.6230397820472717,-0.39501360058784485,0.26513850688934326,-0.7104473114013672,0.30818241834640503,0.17152586579322815,-0.4188874065876007
1749033600.6429431,0.38671252131462097,-1.8192407093443812,1.188746754323141,1.7203776079365234,-1.1780293623553675,0.3931107223033905,-0.08821908384561539,0.06739383190870285,-0.06878061592578888,-0.14845937490463257,0.1576695591211319,-0.6292393207550049,-0.3680875301361084,0.25556355714797974,-0.6850391030311584,0.3050946593284607,0.14306166768074036,-0.36078011989593506
1749033600.6429799,0.3865636885166168,-1.8190471134581507,1.1886337439166468,1.7200769621082763,-1.1777027289019983,0.39185675978660583,-0.08845397084951401,0.06628641486167908,-0.06546977162361145,-0.14836212992668152,0.15744073688983917,-0.6304678320884705,-0.4038800597190857,0.2203524261713028,-0.7160815000534058,0.30845165252685547,0.141762375831604,-0.3149047791957855
1749033600.643016,0.38641178607940674,-1.8189455471434535,1.1885336081134241,1.719764156932495,-1.1774309317218226,0.39062267541885376,-0.0872638076543808,0.0650554895401001,-0.06469924747943878,-0.14860334992408752,0.15644176304340363,-0.6278762817382812,-0.37213724851608276,0.2833162546157837,-0.7301448583602905,0.30868735909461975,0.14885401725769043,-0.37153908610343933
1749033600.6430528,0.38623568415641785,-1.8188253841795863,1.1883748213397425,1.7194673258015136,-1.1771581808673304,0.38938939571380615,-0.08636083453893661,0.06652439385652542,-0.06783094257116318,-0.14924760162830353,0.1552683562040329,-0.6284810900688171,-0.39325419068336487,0.2531856894493103,-0.7206333875656128,0.3141092360019684,0.17403876781463623,-0.34990400075912476
1749033600.6430998,0.38603678345680237,-1.8186899624266566,1.1882312933551233,1.7192014890858154,-1.1767995993243616,0.38810813426971436,-0.08917510509490967,0.06652248650789261,-0.06458539515733719,-0.14949296414852142,0.15511569380760193,-0.6260927319526672,-0.3338255286216736,0.217230886220932,-0.7464494109153748,0.3403375744819641,0.15932564437389374,-0.34840184450149536
1749033600.6436448,0.3858446180820465,-1.8185802898802699,1.1881268660174769,1.7188865381428222,-1.1764729658709925,0.38682815432548523,-0.08573942631483078,0.06487715244293213,-0.06463687866926193,-0.1479143649339676,0.1541256457567215,-0.6307457685470581,-0.3891412317752838,0.26131075620651245,-0.7500439286231995,0.31619617342948914,0.1835566759109497,-0.3917678892612457
1749033600.6471632,0.38564276695251465,-1.8184296093382777,1.1879833380328577,1.7185663419910888,-1.1761649290667933,0.38558587431907654,-0.08912797272205353,0.06521221250295639,-0.06630561500787735,-0.1488780975341797,0.1572074592113495,-0.6346158385276794,-0.3839055299758911,0.2609974145889282,-0.7342784404754639,0.29955121874809265,0.1655281037092209,-0.3264423608779907
1749033600.6862805,0.3855670094490051,-1.8182884655394496,1.1878202597247522,1.7183124262043457,-1.175837818776266,0.38427790999412537,-0.08809302747249603,0.0659513920545578,-0.0667547732591629,-0.14484305679798126,0.1576848179101944,-0.6323927044868469,-0.384672075510025,0.26245951652526855,-0.7243878245353699,0.2945420444011688,0.13159683346748352,-0.3548162281513214
1749033600.686327,0.385329008102417,-1.8181926212706507,1.1877034346209925,1.7179996210285644,-1.1755145231830042,0.3830703794956207,-0.08858154714107513,0.06596183031797409,-0.06671082228422165,-0.1444167196750641,0.15676406025886536,-0.6319688558578491,-0.3670688271522522,0.24558410048484802,-0.7225324511528015,0.3030250072479248,0.13047637045383453,-0.33211323618888855
1749033600.6863704,0.3851383924484253,-1.81803621868276,1.1875479857074183,1.7177113729664306,-1.1752188841449183,0.38178613781929016,-0.08770228177309036,0.06535458564758301,-0.06626041233539581,-0.14483432471752167,0.16072703897953033,-0.6304516792297363,-0.40303391218185425,0.25229039788246155,-0.7255798578262329,0.3129567801952362,0.09559088945388794,-0.3497353792190552
1749033600.6864095,0.384967178106308,-1.8179036579527796,1.1874197165118616,1.7173995214649658,-1.1749232451068323,0.38052889704704285,-0.08854305744171143,0.06647314876317978,-0.06831689178943634,-0.14218837022781372,0.155741885304451,-0.6296499967575073,-0.3469116687774658,0.24829497933387756,-0.7231910824775696,0.2897857427597046,0.13590224087238312,-0.3691772222518921
1749033600.686449,0.3847719132900238,-1.8177596531310023,1.1872876326190394,1.717137022609375,-1.1746156851397913,0.37929394841194153,-0.08633112907409668,0.06452476978302002,-0.06597206741571426,-0.14270131289958954,0.15509653091430664,-0.6318695545196533,-0.3984275460243225,0.2598082721233368,-0.7199028730392456,0.26531460881233215,0.11940872669219971,-0.33537575602531433
1749033600.6864884,0.384676456451416,-1.8176433048644007,1.1871870199786585,1.7168604570576171,-1.1742537657367151,0.3780384361743927,-0.08994261175394058,0.06793612986803055,-0.06453152000904083,-0.145748570561409,0.15320196747779846,-0.6328665614128113,-0.3790193796157837,0.23781448602676392,-0.7487913370132446,0.30878788232803345,0.13143055140972137,-0.3219883441925049
1749033600.6865273,0.3844812512397766,-1.8175236187376917,1.1870320479022425,1.716594620341919,-1.173957649861471,0.37673622369766235,-0.08512527495622635,0.06715457886457443,-0.06631027907133102,-0.1471463143825531,0.15188924968242645,-0.6309854388237,-0.4239700436592102,0.23400267958641052,-0.732855498790741,0.33043456077575684,0.14581012725830078,-0.3233094811439514
1749033600.686565,0.3842635452747345,-1.817406793633932,1.186904255543844,1.7162362772175292,-1.173642937337057,0.3754911720752716,-0.08718550205230713,0.06587129831314087,-0.06653549522161484,-0.14750778675079346,0.1501625031232834,-0.6305446624755859,-0.3958125114440918,0.2620925307273865,-0.7128620147705078,0.31583577394485474,0.1654353141784668,-0.3123769462108612
1749033600.6866033,0.38411110639572144,-1.8172437153258265,1.186784569417135,1.7159949976154785,-1.1734374205218714,0.37428122758865356,-0.08715176582336426,0.06679084151983261,-0.06393210589885712,-0.14742055535316467,0.148991197347641,-0.6272223591804504,-0.4093192517757416,0.27739521861076355,-0.7637925744056702,0.3183135390281677,0.1790224015712738,-0.3726184368133545
1749033600.6866412,0.38389793038368225,-1.817127367059225,1.1866329352008265,1.7156743246265869,-1.1731184164630335,0.3729983866214752,-0.08836137503385544,0.06850539147853851,-0.06514110416173935,-0.14954257011413574,0.14979137480258942,-0.6300523281097412,-0.3757292628288269,0.19320470094680786,-0.7430596947669983,0.31655025482177734,0.182073712348938,-0.35529017448425293
1749033600.6866796,0.38372913002967834,-1.8169909916319789,1.1864889303790491,1.7153896528431396,-1.1728361288653772,0.3716999888420105,-0.08815616369247437,0.06532998383045197,-0.06616387516260147,-0.148858904838562,0.1546829640865326,-0.6340032815933228,-0.38830989599227905,0.2629452347755432,-0.7408632040023804,0.3505379557609558,0.18815872073173523,-0.2893982231616974
1749033600.6867177,0.3835788667201996,-1.816812654534811,1.1863578001605433,1.7150732713886718,-1.1725342909442347,0.37040653824806213,-0.08843792974948883,0.06638838350772858,-0.0665876716375351,-0.14780943095684052,0.15225717425346375,-0.6297080516815186,-0.3828106224536896,0.2476523071527481,-0.7451412677764893,0.30193135142326355,0.1712687760591507,-0.3028857111930847
1749033600.6867547,0.38343897461891174,-1.8166800938048304,1.1862567106830042,1.7147795396992187,-1.1722491423236292,0.36919188499450684,-0.08738549798727036,0.06655354797840118,-0.06630679219961166,-0.1512327790260315,0.15135399997234344,-0.6279657483100891,-0.39854827523231506,0.26202213764190674,-0.7344887256622314,0.3692207634449005,0.20686398446559906,-0.31426048278808594
1749033600.686792,0.383232444524765,-1.8165513477721156,1.1861093680011194,1.714444561595581,-1.1719220320331019,0.3679165840148926,-0.08801037073135376,0.06666652113199234,-0.06640376895666122,-0.14782531559467316,0.15607289969921112,-0.627417802810669,-0.4101632535457611,0.23624002933502197,-0.7247405648231506,0.3352928161621094,0.18577271699905396,-0.3013732433319092
1749033600.6868327,0.3830730617046356,-1.816475053826803,1.1859810988055628,1.714146538371704,-1.1716073195086878,0.3666450083255768,-0.08865198493003845,0.06614799052476883,-0.0666259229183197,-0.1480557918548584,0.15363405644893646,-0.6238856315612793,-0.40126848220825195,0.25097528100013733,-0.7492881417274475,0.33514440059661865,0.22151222825050354,-0.3839496374130249
1749033600.6868699,0.3828698992729187,-1.816315313378805,1.1858647505389612,1.7138308721729736,-1.1712878386126917,0.3653677701950073,-0.08999601751565933,0.06660062819719315,-0.06686831265687943,-0.1490635871887207,0.15602676570415497,-0.6262395977973938,-0.39291274547576904,0.26720577478408813,-0.7329995632171631,0.3531925678253174,0.19250860810279846,-0.3345588743686676
1749033600.6869063,0.3827168941497803,-1.8161713085570277,1.1857417265521448,1.713517351741455,-1.1710036436664026,0.364197313785553,-0.08971984684467316,0.06577402353286743,-0.06690884381532669,-0.14761187136173248,0.1570945382118225,-0.6284139752388,-0.3541153371334076,0.23150312900543213,-0.7392391562461853,0.3790767788887024,0.18549296259880066,-0.30548596382141113
1749033600.6869433,0.3824913501739502,-1.8160315952696742,1.185577694569723,1.713205261821411,-1.1706302801715296,0.36286601424217224,-0.08934775739908218,0.067167729139328,-0.06663085520267487,-0.14579832553863525,0.15828430652618408,-0.6252317428588867,-0.3659607470035553,0.2426859438419342,-0.747287392616272,0.3710939884185791,0.17608994245529175,-0.35652321577072144
1749033600.686981,0.3823223114013672,-1.8159219227232875,1.1854499022113245,1.7129286962696533,-1.1703456083880823,0.3616667687892914,-0.09057965874671936,0.06625033915042877,-0.06674373894929886,-0.1438552886247635,0.15821030735969543,-0.6235277056694031,-0.36995798349380493,0.24387210607528687,-0.7427217364311218,0.3758636713027954,0.17326460778713226,-0.31473416090011597
1749033600.6870182,0.3821942210197449,-1.8157898388304652,1.1853182951556605,1.7126476007648925,-1.170037571583883,0.3604591190814972,-0.08765460550785065,0.06649146974086761,-0.06667069345712662,-0.14077354967594147,0.15700295567512512,-0.6235780715942383,-0.37093299627304077,0.261898398399353,-0.7434077262878418,0.35122019052505493,0.16539061069488525,-0.3617933392524719
1749033600.6876612,0.3819800317287445,-1.8156844578185023,1.18516713777651,1.712350531215332,-1.169694725667135,0.3591824769973755,-0.08756320178508759,0.06646010279655457,-0.06726480275392532,-0.14213258028030396,0.15494346618652344,-0.62711501121521,-0.42489147186279297,0.2504153847694397,-0.7455304265022278,0.35390782356262207,0.1895839273929596,-0.38760337233543396
1749033600.6896157,0.38181576132774353,-1.8155104122557582,1.1850422064410608,1.7120975691029052,-1.1693924109088343,0.3579302728176117,-0.09164711833000183,0.06800514459609985,-0.06742662191390991,-0.1420964002609253,0.1545640230178833,-0.6297221183776855,-0.34171944856643677,0.24832725524902344,-0.7321906685829163,0.3377072513103485,0.19401484727859497,-0.3147628903388977
1749033600.7302835,0.3816514015197754,-1.8154055080809535,1.1849225203143519,1.7118519979664306,-1.1690762678729456,0.3566143810749054,-0.08843874931335449,0.06748849153518677,-0.06669437140226364,-0.13940460979938507,0.15586280822753906,-0.6276720762252808,-0.4148051142692566,0.20061609148979187,-0.7372775673866272,0.30125892162323,0.14212274551391602,-0.3336538076400757
1749033600.7303312,0.38147884607315063,-1.8152076206602992,1.1847675482379358,1.7115434843250732,-1.1688011328326624,0.3553936779499054,-0.08938729763031006,0.06603981554508209,-0.06637541949748993,-0.1421480029821396,0.15336890518665314,-0.6269763708114624,-0.3819182813167572,0.2753862738609314,-0.7445815205574036,0.305816113948822,0.16617195308208466,-0.3371572494506836
1749033600.7303727,0.3813144862651825,-1.81508268932485,1.1846936384784144,1.7112983900257568,-1.168424431477682,0.3541450500488281,-0.08915049582719803,0.0675186887383461,-0.06687566637992859,-0.137004092335701,0.1549607217311859,-0.6289867758750916,-0.3771648406982422,0.24969735741615295,-0.7624675631523132,0.28476741909980774,0.16121283173561096,-0.31597161293029785
1749033600.7304127,0.38112419843673706,-1.8149968586363734,1.184554402028219,1.711014910335205,-1.1681855360614222,0.3528806269168854,-0.08805070072412491,0.06771836429834366,-0.06765852123498917,-0.1372496336698532,0.15356166660785675,-0.6267181038856506,-0.41749727725982666,0.2164752334356308,-0.7245922088623047,0.2654305398464203,0.16468645632266998,-0.3597961962223053
1749033600.7304518,0.38095495104789734,-1.814861913720602,1.1844032446490687,1.7107381063648681,-1.1678622404681605,0.3516574203968048,-0.0901988074183464,0.06547904759645462,-0.06608132272958755,-0.14263366162776947,0.15263085067272186,-0.6264384984970093,-0.35152626037597656,0.2413179874420166,-0.7453934550285339,0.3143024444580078,0.17557787895202637,-0.34188178181648254
1749033600.7304895,0.38074925541877747,-1.8147608242430628,1.184263054524557,1.7104171949573974,-1.1675594488727015,0.35039493441581726,-0.08820626884698868,0.06670530885457993,-0.0662427619099617,-0.14130854606628418,0.1521686464548111,-0.6257646083831787,-0.3966684639453888,0.24879716336727142,-0.7587709426879883,0.2558469772338867,0.16973473131656647,-0.337552011013031
1749033600.7305272,0.38060733675956726,-1.8146163425841273,1.1841471830951136,1.7101408678242187,-1.1672323385821741,0.34914010763168335,-0.0914108082652092,0.06649888306856155,-0.06868313252925873,-0.1459672898054123,0.15279728174209595,-0.6257663369178772,-0.37281519174575806,0.2739374041557312,-0.7233937978744507,0.2916892170906067,0.19220319390296936,-0.3612878620624542
1749033600.7305648,0.3804210424423218,-1.8144532642760218,1.1840150992022913,1.7098678785511474,-1.1669490973102015,0.3478558361530304,-0.08808892220258713,0.06751523911952972,-0.06658664345741272,-0.14681187272071838,0.15195399522781372,-0.6249155402183533,-0.39582085609436035,0.2306595742702484,-0.7366613149642944,0.31292131543159485,0.20842479169368744,-0.33139538764953613
1749033600.7306025,0.380256712436676,-1.8143211803831996,1.1838515440570276,1.7095483976551513,-1.166680161152975,0.34667158126831055,-0.09088603407144547,0.06677722185850143,-0.06762902438640594,-0.14804337918758392,0.15234504640102386,-0.627479076385498,-0.37370938062667847,0.23908916115760803,-0.7425575256347656,0.32420310378074646,0.1928146332502365,-0.3724798858165741
1749033600.73064,0.38007694482803345,-1.8141771755614222,1.183751408253805,1.7092503744312744,-1.1663430372821253,0.34536927938461304,-0.0913756787776947,0.06622101366519928,-0.0683976411819458,-0.14716564118862152,0.15184423327445984,-0.630243718624115,-0.3409152626991272,0.2566191256046295,-0.7307119369506836,0.3084006607532501,0.211440309882164,-0.3685102164745331
1749033600.7306774,0.3798782229423523,-1.8140717945494593,1.183603588734762,1.7089730936237792,-1.1660850683795374,0.3441241681575775,-0.09108031541109085,0.06583620607852936,-0.06814422458410263,-0.1495017260313034,0.15601222217082977,-0.6327774524688721,-0.35593709349632263,0.23691827058792114,-0.722836971282959,0.30199486017227173,0.18337318301200867,-0.3005063533782959
1749033600.7307143,0.379679411649704,-1.8139058552184046,1.1834595839129847,1.70864646017041,-1.165802303944723,0.3428732454776764,-0.09004964679479599,0.06557372212409973,-0.06741607189178467,-0.14864523708820343,0.15275931358337402,-0.630086362361908,-0.36447247862815857,0.25792422890663147,-0.727655827999115,0.3462354242801666,0.19432735443115234,-0.33124130964279175
1749033600.730752,0.3795446455478668,-1.8138109646239222,1.1833508650409144,1.7083329397388916,-1.1654532591449183,0.34160059690475464,-0.08962942659854889,0.06579992175102234,-0.06969504058361053,-0.14784161746501923,0.1514253467321396,-0.6252075433731079,-0.35080742835998535,0.26294559240341187,-0.7206961512565613,0.30590108036994934,0.21296945214271545,-0.3290152847766876
1749033600.73079,0.3793128728866577,-1.8136636219420375,1.1832154432879847,1.7080480295368652,-1.165196720753805,0.34035614132881165,-0.08787599205970764,0.06545618176460266,-0.06663653254508972,-0.15044592320919037,0.15656529366970062,-0.6244645118713379,-0.36345094442367554,0.2649921178817749,-0.7434840798377991,0.34763669967651367,0.18740315735340118,-0.34742873907089233
1749033600.730828,0.3791906237602234,-1.8135525188841761,1.1830804983722132,1.7077593046375732,-1.1648319403277796,0.33909115195274353,-0.08849533647298813,0.06808175891637802,-0.06603576242923737,-0.14555281400680542,0.15656401216983795,-0.6240253448486328,-0.38160043954849243,0.2529383897781372,-0.75038743019104,0.3195311427116394,0.19712841510772705,-0.3901020884513855
1749033600.7308655,0.3791906237602234,-1.8135525188841761,1.1830804983722132,1.7077593046375732,-1.1648319403277796,0.33909115195274353,-0.08849533647298813,0.06808175891637802,-0.06603576242923737,-0.14555281400680542,0.15656401216983795,-0.6240253448486328,-0.38160043954849243,0.2529383897781372,-0.75038743019104,0.3195311427116394,0.19712841510772705,-0.3901020884513855
1749033600.7309022,0.3789806663990021,-1.8134051762022914,1.182960335408346,1.707458181972168,-1.1645429770099085,0.3378136456012726,-0.08929799497127533,0.06494024395942688,-0.06945030391216278,-0.14364954829216003,0.15788035094738007,-0.629669725894928,-0.35853835940361023,0.24011200666427612,-0.7242900133132935,0.31115949153900146,0.1881605088710785,-0.323302686214447
1749033600.7309394,0.37866801023483276,-1.8131786785521449,1.182669464741842,1.706916018123291,-1.163879696522848,0.33534905314445496,-0.09053724259138107,0.06799346953630447,-0.06700956076383591,-0.14449067413806915,0.15858091413974762,-0.6284877061843872,-0.3795780539512634,0.2549704909324646,-0.7370469570159912,0.30388781428337097,0.1855546534061432,-0.3466148376464844
1749033600.7309768,0.37849175930023193,-1.8130079708495082,1.182537857686178,1.706620379085205,-1.163537327443258,0.33407464623451233,-0.09172994643449783,0.06846053153276443,-0.06766778230667114,-0.14541955292224884,0.15854375064373016,-0.6286341547966003,-0.3585769236087799,0.2006736546754837,-0.7221657037734985,0.30154258012771606,0.16601374745368958,-0.322374165058136
1749033600.7310133,0.37829306721687317,-1.8128987751402796,1.18237811723818,1.7063593107410888,-1.1631978193866175,0.3328670859336853,-0.09001229703426361,0.06753090769052505,-0.06791513413190842,-0.1458955705165863,0.1584019660949707,-0.6247079968452454,-0.3964826464653015,0.24282768368721008,-0.7178044319152832,0.2843996286392212,0.17963160574436188,-0.3635958731174469
1749033600.7316577,0.37815114855766296,-1.8127595386900843,1.1822612921344202,1.7060553270527343,-1.162912670766012,0.33156824111938477,-0.09271126985549927,0.067957803606987,-0.06786923110485077,-0.14575335383415222,0.1567622870206833,-0.6293120980262756,-0.34414827823638916,0.2606295347213745,-0.7158730626106262,0.27487027645111084,0.16859903931617737,-0.4075944423675537
1749033600.733652,0.37792572379112244,-1.8126427135863246,1.1821182409869593,1.7057818609425048,-1.1625822226153772,0.33031830191612244,-0.08993487060070038,0.06792976707220078,-0.06803350150585175,-0.1474030762910843,0.15382066369056702,-0.6352372765541077,-0.3373621702194214,0.1904892474412918,-0.7218008637428284,0.3005342483520508,0.15095432102680206,-0.24973462522029877
1749033600.7742739,0.3777388036251068,-1.812514444390768,1.181974236165182,1.7054461675831298,-1.162302319203512,0.32902202010154724,-0.09149035811424255,0.06535935401916504,-0.06773705035448074,-0.14626368880271912,0.15451671183109283,-0.6278085708618164,-0.31476134061813354,0.21430663764476776,-0.7188836932182312,0.2940179109573364,0.12734732031822205,-0.23597456514835358
1749033600.7743208,0.37755104899406433,-1.8123632870116175,1.181826416646139,1.7051889139362792,-1.161999527608053,0.32782068848609924,-0.08653919398784637,0.06253063678741455,-0.06708134710788727,-0.14559151232242584,0.14962521195411682,-0.6181267499923706,-0.34069788455963135,0.21273694932460785,-0.7136101722717285,0.3055773079395294,0.14070232212543488,-0.2871406674385071
1749033600.7743673,0.37744471430778503,-1.812206884423727,1.1817219893084925,1.7048684793659667,-1.1617000738727015,0.32663387060165405,-0.08668641000986099,0.06225539743900299,-0.06611541658639908,-0.14626544713974,0.14567594230175018,-0.6100990176200867,-0.3427611291408539,0.2569180130958557,-0.7276699542999268,0.29900577664375305,0.1595630943775177,-0.290302574634552
1749033600.7744117,0.37725648283958435,-1.8121024570860804,1.1815746466266077,1.704622431392334,-1.1613729635821741,0.32537156343460083,-0.08654496818780899,0.0632702112197876,-0.06528646498918533,-0.14653542637825012,0.14888714253902435,-0.6027246117591858,-0.34747451543807983,0.27593937516212463,-0.7131037712097168,0.34334596991539,0.13194477558135986,-0.3845868706703186
1749033600.7744505,0.377071350812912,-1.8119894466795863,1.1814826170550745,1.7042712408253173,-1.1610897223102015,0.3241170346736908,-0.08533485233783722,0.06388197094202042,-0.06423025578260422,-0.14337491989135742,0.14794699847698212,-0.6088302135467529,-0.3935158848762512,0.2659788131713867,-0.7370229959487915,0.29934030771255493,0.1376420259475708,-0.34433335065841675
1749033600.7744887,0.37693333625793457,-1.8118344746031703,1.1813510099994105,1.703979178065918,-1.1608102957354944,0.3229577839374542,-0.08691126853227615,0.0657389685511589,-0.06360802799463272,-0.14800553023815155,0.1497194916009903,-0.6092703938484192,-0.3957304060459137,0.3359431028366089,-0.7434309124946594,0.2988356947898865,0.1888388693332672,-0.38443806767463684
1749033600.7745261,0.3767152726650238,-1.8116990528502406,1.1812222639666956,1.7036899763294677,-1.1605265776263636,0.32173752784729004,-0.08672615885734558,0.06874454021453857,-0.06346076726913452,-0.14762237668037415,0.151495561003685,-0.6143225431442261,-0.4434534013271332,0.30385711789131165,-0.748243510723114,0.31513452529907227,0.1809132695198059,-0.4313843846321106
1749033600.7745636,0.37660109996795654,-1.8115855656065882,1.1811144987689417,1.703397198314331,-1.1602423826800745,0.3204566538333893,-0.09224597364664078,0.06926583498716354,-0.06324862688779831,-0.14876261353492737,0.1528068631887436,-0.6213401556015015,-0.38618004322052,0.24848665297031403,-0.7644066214561462,0.31654244661331177,0.16405430436134338,-0.3960268497467041
1749033600.7746012,0.37639904022216797,-1.811394830743307,1.1809442679034632,1.7031079965778808,-1.1599472204791468,0.31923529505729675,-0.0888657346367836,0.07033750414848328,-0.06399521976709366,-0.14814484119415283,0.15447409451007843,-0.6266359090805054,-0.4028836488723755,0.2422022521495819,-0.7655736804008484,0.3078252673149109,0.1789168119430542,-0.37472790479660034
1749033600.7746391,0.3761933743953705,-1.8112598858275355,1.1808627287494105,1.7028230863758544,-1.1595867315875452,0.31795090436935425,-0.08953666687011719,0.07088173180818558,-0.06583669036626816,-0.14725390076637268,0.1540837287902832,-0.6296415328979492,-0.4024430513381958,0.20227111876010895,-0.7479662895202637,0.3215375244617462,0.16156791150569916,-0.3661733567714691
1749033600.7746768,0.37602898478507996,-1.811164995233053,1.1807153860675257,1.7025305467792968,-1.159339729939596,0.3166937828063965,-0.08989472687244415,0.06524626165628433,-0.0667293518781662,-0.14432892203330994,0.15567298233509064,-0.6346297860145569,-0.40080100297927856,0.2515023648738861,-0.7471581697463989,0.3097235858440399,0.16354891657829285,-0.28984567523002625
1749033600.7747147,0.3758338391780853,-1.8110057316222132,1.1805556456195276,1.7022225099750976,-1.1590178648578089,0.31553077697753906,-0.08916885405778885,0.06442757695913315,-0.06705347448587418,-0.1448575109243393,0.1528005301952362,-0.6314530968666077,-0.39783111214637756,0.2554108500480652,-0.7564691305160522,0.29389888048171997,0.16304931044578552,-0.3203257918357849
1749033600.7747526,0.3757036626338959,-1.8108703098692835,1.1804431120501917,1.7019061285206298,-1.1587255636798304,0.3141731023788452,-0.08896234631538391,0.06711132824420929,-0.07086893916130066,-0.1452033519744873,0.15255704522132874,-0.6302453875541687,-0.38820987939834595,0.24386027455329895,-0.7274651527404785,0.30257511138916016,0.1899157166481018,-0.3669496774673462
1749033600.7747896,0.3754687011241913,-1.8107191524901332,1.1803110281573694,1.701648398036621,-1.158410374318258,0.31294500827789307,-0.08927462995052338,0.06539113819599152,-0.06780043989419937,-0.1465551108121872,0.15755228698253632,-0.6290450692176819,-0.37770938873291016,0.24080818891525269,-0.7303669452667236,0.3007577061653137,0.1571178436279297,-0.30526551604270935
1749033600.7748272,0.3753328323364258,-1.8106137714781703,1.180176083241598,1.7013637262531738,-1.1581075827227991,0.3116646707057953,-0.08885395526885986,0.06593287736177444,-0.06696952134370804,-0.14460840821266174,0.15496736764907837,-0.6277607083320618,-0.3980587124824524,0.27182766795158386,-0.7555351257324219,0.2811160385608673,0.16826888918876648,-0.36032670736312866
1749033600.7748644,0.37511321902275085,-1.810469766656393,1.1800664106952112,1.7010907369801025,-1.157769028340475,0.3104196786880493,-0.08925819396972656,0.06726721674203873,-0.06942098587751389,-0.14716805517673492,0.1568487584590912,-0.631199061870575,-0.3716990351676941,0.2604468762874603,-0.7241436839103699,0.2881869971752167,0.15620090067386627,-0.3453007638454437
1749033600.7749019,0.3749389350414276,-1.8103138409056605,1.1799004713641565,1.7007831770130615,-1.157466236745016,0.30914220213890076,-0.08983343839645386,0.06774800270795822,-0.06680011749267578,-0.14186225831508636,0.15633545815944672,-0.6326435804367065,-0.3802071213722229,0.2510504722595215,-0.7416608929634094,0.2543593645095825,0.1533629298210144,-0.2965938448905945
1749033600.7749383,0.374766081571579,-1.8102175197997035,1.1797803084002894,1.700481577510498,-1.1571500937091272,0.3079092800617218,-0.08962701261043549,0.06794767081737518,-0.06610167026519775,-0.1406155526638031,0.15583157539367676,-0.6315474510192871,-0.36927035450935364,0.23788663744926453,-0.7641727328300476,0.22158366441726685,0.173647940158844,-0.365021288394928
1749033600.774975,0.37460169196128845,-1.810049673120016,1.179636303578512,1.7002088266560058,-1.1568382422076624,0.3065875470638275,-0.08994972705841064,0.0683855414390564,-0.06711497157812119,-0.14697161316871643,0.15664805471897125,-0.6331913471221924,-0.3963216543197632,0.2376323640346527,-0.7628015875816345,0.2868616580963135,0.17552915215492249,-0.3403761088848114
1749033600.7750118,0.3744255304336548,-1.8099175892271937,1.1795199553119105,1.6998926836201171,-1.1565101782428187,0.30534622073173523,-0.08893878757953644,0.06841782480478287,-0.0680375024676323,-0.1440262496471405,0.15552054345607758,-0.6310772895812988,-0.4017661511898041,0.2583256661891937,-0.7452120184898376,0.24187108874320984,0.15876837074756622,-0.36047452688217163
1749033600.775632,0.37422192096710205,-1.8097807369627894,1.1793764273272913,1.6995889383503417,-1.1561606566058558,0.3040620982646942,-0.08801044523715973,0.06879062205553055,-0.06783626228570938,-0.14757177233695984,0.15603691339492798,-0.632594645023346,-0.4058402180671692,0.23368385434150696,-0.7538374066352844,0.2714621126651764,0.15587767958641052,-0.39820200204849243
1749033600.777647,0.3740639388561249,-1.8096844158568324,1.1792405287372034,1.6992873388477783,-1.1558569113360804,0.30275723338127136,-0.09131106734275818,0.0689958781003952,-0.07038280367851257,-0.14886383712291718,0.1576872318983078,-0.6350950002670288,-0.3891412615776062,0.22303977608680725,-0.7426830530166626,0.2942923605442047,0.14441344141960144,-0.3117516040802002
1749033600.8183038,0.37385112047195435,-1.8094970188536585,1.1790927092181605,1.6990298467823486,-1.1555054823504847,0.30155014991760254,-0.08770012855529785,0.0678887590765953,-0.06747008860111237,-0.15032684803009033,0.15562278032302856,-0.6335085034370422,-0.4016224443912506,0.2400006502866745,-0.7590647339820862,0.29093843698501587,0.11984195560216904,-0.33535826206207275
1749033600.8183522,0.37372615933418274,-1.8094459972777308,1.1789682547198694,1.6986901003071289,-1.1552217642413538,0.3002795875072479,-0.08835136890411377,0.06818372756242752,-0.06762019544839859,-0.15020468831062317,0.15754146873950958,-0.6306651830673218,-0.3906480669975281,0.20180827379226685,-0.7652336955070496,0.286955326795578,0.12281262129545212,-0.34758085012435913
1749033600.8183959,0.3735463619232178,-1.809270521203512,1.1788447538958948,1.6984240251728515,-1.1548674742328089,0.29902756214141846,-0.09000230580568314,0.06490084528923035,-0.07141537964344025,-0.15030919015407562,0.1547594964504242,-0.6299964785575867,-0.33509206771850586,0.2660219073295593,-0.7285248041152954,0.2969191372394562,0.11352042108774185,-0.3334618806838989
1749033600.818436,0.37332725524902344,-1.8091198406615199,1.1787012259112757,1.698084993953369,-1.1545360724078577,0.2977699935436249,-0.08819183707237244,0.06524363905191422,-0.06876086443662643,-0.15179085731506348,0.15221045911312103,-0.6307156682014465,-0.38007858395576477,0.2713388204574585,-0.7249463796615601,0.29627299308776855,0.11632619798183441,-0.37925273180007935
1749033600.8184748,0.3731594383716583,-1.8089872799315394,1.1785534063922327,1.6977998453327636,-1.1542051474200647,0.2964951694011688,-0.08921068161725998,0.06837272644042969,-0.06884980201721191,-0.15064352750778198,0.15528741478919983,-0.632150411605835,-0.3730114996433258,0.22864148020744324,-0.7499169707298279,0.3060954511165619,0.0978308618068695,-0.361773282289505
1749033600.8185143,0.3729725480079651,-1.8088284931578578,1.1784403959857386,1.6975065904804687,-1.153928581868307,0.2952842116355896,-0.08955679088830948,0.06507263332605362,-0.06942013651132584,-0.14793303608894348,0.15146102011203766,-0.6334133148193359,-0.369430273771286,0.27247729897499084,-0.7229492664337158,0.31133905053138733,0.10650482773780823,-0.3426552414894104
1749033600.818552,0.372799813747406,-1.8087612591185511,1.178305451069967,1.6971980768391113,-1.153579060231344,0.29396218061447144,-0.09215716272592545,0.06719262897968292,-0.06806173175573349,-0.1489865779876709,0.1503109335899353,-0.6353700160980225,-0.35555875301361084,0.22861945629119873,-0.7493886351585388,0.2930387854576111,0.12098467350006104,-0.3365718722343445
1749033600.8185945,0.372636079788208,-1.8086139164366664,1.1781695524798792,1.6969095903583984,-1.1532905737506312,0.29265546798706055,-0.08926384896039963,0.06681593507528305,-0.06816082447767258,-0.14663313329219818,0.1493530422449112,-0.6351755857467651,-0.35657835006713867,0.2624151110649109,-0.7269756197929382,0.2997772693634033,0.11402526497840881,-0.3228285312652588
1749033600.8186357,0.37245631217956543,-1.808493276635641,1.1780174414264124,1.6966203886219482,-1.1530378500567835,0.2913868725299835,-0.09001510590314865,0.06637310981750488,-0.0678480938076973,-0.14513903856277466,0.14854313433170319,-0.6347987651824951,-0.37307998538017273,0.21775363385677338,-0.7619609236717224,0.27906501293182373,0.13337227702140808,-0.34261733293533325
1749033600.8186772,0.37229201197624207,-1.8083583317198695,1.1778820196734827,1.696324034328125,-1.1527155081378382,0.29017961025238037,-0.09120717644691467,0.06609216332435608,-0.06889783591032028,-0.14741235971450806,0.14653253555297852,-0.6347159743309021,-0.3202296793460846,0.25168561935424805,-0.7592698335647583,0.29943132400512695,0.1409042775630951,-0.33756184577941895
1749033600.8187158,0.37208834290504456,-1.80816712001943,1.1777570883380335,1.6960508066364746,-1.1523836294757288,0.2888796329498291,-0.09000170975923538,0.06676341593265533,-0.06807217746973038,-0.1485249400138855,0.1507982462644577,-0.6330053806304932,-0.34546250104904175,0.2543228566646576,-0.7611609697341919,0.3188398778438568,0.15456371009349823,-0.31560301780700684
1749033600.8187535,0.3718944191932678,-1.8080903492369593,1.1775906721698206,1.6957658964344482,-1.1521032492267054,0.28762662410736084,-0.08950924873352051,0.0661209374666214,-0.06824470311403275,-0.14786547422409058,0.1475563496351242,-0.6313439011573792,-0.34929153323173523,0.23593774437904358,-0.742026686668396,0.2984068691730499,0.13443052768707275,-0.3360811769962311
1749033600.8187904,0.3717230260372162,-1.8079029522337855,1.1774662176715296,1.695446177119873,-1.1518471876727503,0.2864004671573639,-0.08871195465326309,0.06581159681081772,-0.06873021274805069,-0.14705537259578705,0.1449713110923767,-0.6290936470031738,-0.37358471751213074,0.2526644468307495,-0.7238980531692505,0.2916521430015564,0.1666676253080368,-0.35079267621040344
1749033600.818827,0.3717230260372162,-1.8079029522337855,1.1774662176715296,1.695446177119873,-1.1518471876727503,0.2864004671573639,-0.08871195465326309,0.06581159681081772,-0.06873021274805069,-0.14705537259578705,0.1449713110923767,-0.6290936470031738,-0.37358471751213074,0.2526644468307495,-0.7238980531692505,0.2916521430015564,0.1666676253080368,-0.35079267621040344
1749033600.8188667,0.37138479948043823,-1.8076697788634242,1.1771906057940882,1.6948494154163818,-1.1512306372271937,0.28386855125427246,-0.08933426439762115,0.06646277755498886,-0.06898902356624603,-0.14590445160865784,0.148861363530159,-0.6310272216796875,-0.34182024002075195,0.23952428996562958,-0.722273588180542,0.2846457362174988,0.1425066888332367,-0.37463292479515076
1749033600.8189049,0.371140718460083,-1.8075100384154261,1.1770346800433558,1.6945954996296386,-1.1509931723224085,0.28254836797714233,-0.08958250284194946,0.06623777002096176,-0.068938709795475,-0.14521458745002747,0.15015150606632233,-0.6331037878990173,-0.3570094406604767,0.2365238219499588,-0.7174453139305115,0.26822197437286377,0.156282439827919,-0.33068427443504333
1749033600.8189416,0.37101462483406067,-1.807389875451559,1.1769183317767542,1.6942908006855468,-1.1506627241717737,0.2813622057437897,-0.0889953225851059,0.066299669444561,-0.06937289237976074,-0.14324691891670227,0.15155503153800964,-0.6327279210090637,-0.35958218574523926,0.2423892617225647,-0.713824987411499,0.23029349744319916,0.1556376963853836,-0.2919442355632782
1749033600.8189783,0.3708468973636627,-1.8072730503477992,1.1767547766314905,1.694007082576416,-1.1503446737872522,0.2800474762916565,-0.08921375870704651,0.06608309596776962,-0.06850939989089966,-0.1495404690504074,0.1523556262254715,-0.6307950019836426,-0.3918296694755554,0.2913016080856323,-0.7188102602958679,0.24902814626693726,0.18852582573890686,-0.39699068665504456
1749033600.8190153,0.3706515431404114,-1.807152887383932,1.176626984273092,1.6937140661427001,-1.150048557912008,0.27877703309059143,-0.09011490643024445,0.0692955031991005,-0.06890340149402618,-0.14887718856334686,0.1549922525882721,-0.6321957111358643,-0.35805463790893555,0.2318691909313202,-0.714438259601593,0.26539355516433716,0.16967341303825378,-0.3001261055469513
1749033600.8190522,0.37049180269241333,-1.8070126972594203,1.176507298146383,1.6934377390095214,-1.1497529188739222,0.27756693959236145,-0.08908022195100784,0.06768196076154709,-0.06750713288784027,-0.14798960089683533,0.15461385250091553,-0.6313323378562927,-0.33593061566352844,0.2111818492412567,-0.7196961045265198,0.24627281725406647,0.1472138613462448,-0.33054882287979126
1749033600.8196418,0.37033548951148987,-1.8068462810912074,1.1763594786273401,1.6931492525288085,-1.149405304585592,0.27622637152671814,-0.08843555301427841,0.06498544663190842,-0.07007680833339691,-0.1513892263174057,0.15418608486652374,-0.6325412392616272,-0.3671334385871887,0.25412577390670776,-0.6946395039558411,0.2844013571739197,0.15242622792720795,-0.344346821308136
1749033600.821619,0.3701402544975281,-1.8067380390562953,1.1762307325946253,1.6928440767475585,-1.1491134802447718,0.2750069200992584,-0.08763749897480011,0.06560207158327103,-0.06687216460704803,-0.14950121939182281,0.15557074546813965,-0.6334937810897827,-0.37993791699409485,0.26650094985961914,-0.717231035232544,0.2780059278011322,0.1567954123020172,-0.297187477350235
1749033600.8622966,0.3699055314064026,-1.8065701923766078,1.1761224905597132,1.6925510603138427,-1.1487744490252894,0.27370738983154297,-0.09193365275859833,0.06747167557477951,-0.0673772320151329,-0.14939095079898834,0.1557413637638092,-0.6313267350196838,-0.3182634711265564,0.24222378432750702,-0.7194377779960632,0.25292953848838806,0.14580877125263214,-0.34138724207878113
1749033600.8623428,0.36976146697998047,-1.8065148792662562,1.1759746710406702,1.692230148906372,-1.1484559218036097,0.2724621891975403,-0.08829853683710098,0.06367775052785873,-0.07007697969675064,-0.1516016572713852,0.1554945856332779,-0.627647340297699,-0.35932421684265137,0.25775063037872314,-0.6968135237693787,0.2746214270591736,0.11187662184238434,-0.31505635380744934
1749033600.8623834,0.36963245272636414,-1.8063327274718226,1.175835911427633,1.6919142442890625,-1.1481402556048792,0.27120429277420044,-0.0895494669675827,0.06585448980331421,-0.06762593239545822,-0.1522853970527649,0.158916175365448,-0.6251207590103149,-0.37298110127449036,0.2592237591743469,-0.7115319967269897,0.2869981527328491,0.10076606273651123,-0.32889324426651
1749033600.8624227,0.3694406747817993,-1.8062039814391078,1.1757038275348108,1.6916486459919433,-1.14777118364443,0.269963800907135,-0.08745098859071732,0.06586968898773193,-0.06776773929595947,-0.15095514059066772,0.15514926612377167,-0.6236584186553955,-0.3714669942855835,0.3027495741844177,-0.7147119045257568,0.2817922830581665,0.09509622305631638,-0.4076211452484131
1749033600.8624606,0.36926937103271484,-1.806127210656637,1.1755560080157679,1.6913315492817382,-1.1475289503680628,0.2686857283115387,-0.08896874636411667,0.06701064109802246,-0.06830967962741852,-0.15304739773273468,0.1515962928533554,-0.6299193501472473,-0.3683229386806488,0.2668594717979431,-0.6939148306846619,0.276707261800766,0.13050395250320435,-0.3573110103607178
1749033600.862499,0.3690352141857147,-1.8059259853758753,1.1754468123065394,1.6910542684742431,-1.1472023169146937,0.2674236297607422,-0.08861357718706131,0.06743419170379639,-0.0679316595196724,-0.1512807458639145,0.15600819885730743,-0.6307517886161804,-0.3765929937362671,0.21209007501602173,-0.7061727046966553,0.31000128388404846,0.10870042443275452,-0.28990620374679565
1749033600.8625367,0.3689359128475189,-1.8058115444579066,1.1753113905536097,1.6907309728809814,-1.1469100157367151,0.26616325974464417,-0.08794709295034409,0.06670882552862167,-0.06788554787635803,-0.14960017800331116,0.15090440213680267,-0.6277139782905579,-0.3764497637748718,0.25279203057289124,-0.7002124190330505,0.28674086928367615,0.10481293499469757,-0.3783780336380005
1749033600.8625748,0.3687262535095215,-1.8056842289366664,1.175164047871725,1.6904262739368896,-1.1466072241412562,0.2649123966693878,-0.08674285560846329,0.06527785211801529,-0.067561075091362,-0.15339744091033936,0.15154942870140076,-0.6285738945007324,-0.4061111807823181,0.28123772144317627,-0.6938993334770203,0.3089475631713867,0.13037846982479095,-0.36202844977378845
1749033600.8626122,0.368518590927124,-1.805547376672262,1.1750128904925745,1.6901447015949707,-1.1462953726397913,0.26365113258361816,-0.08981738984584808,0.06767647713422775,-0.06918272376060486,-0.15071634948253632,0.1527506411075592,-0.6267982721328735,-0.36723053455352783,0.21091513335704803,-0.6607160568237305,0.3117392659187317,0.13571391999721527,-0.38617947697639465
1749033600.86265,0.3683631718158722,-1.805368562737936,1.1748727003680628,1.6898323732563476,-1.1460240522967737,0.26240891218185425,-0.08774625509977341,0.07017438858747482,-0.06510623544454575,-0.15075357258319855,0.15206465125083923,-0.6316423416137695,-0.35894542932510376,0.21605385839939117,-0.7131433486938477,0.31034713983535767,0.12759917974472046,-0.36524665355682373
1749033600.8626876,0.3682214915752411,-1.8052789173521937,1.1747291723834437,1.689511700267456,-1.1457174460040491,0.26107779145240784,-0.08987326920032501,0.06688734889030457,-0.06523948907852173,-0.15038660168647766,0.1514386385679245,-0.6346163749694824,-0.3687448501586914,0.23314395546913147,-0.7469030022621155,0.32842332124710083,0.1586463898420334,-0.31696265935897827
1749033600.8627257,0.3679881691932678,-1.8051077328123988,1.174619499837057,1.6892077165791015,-1.1454108397113245,0.25985032320022583,-0.08695460855960846,0.06657782942056656,-0.06841582804918289,-0.1496623009443283,0.15368279814720154,-0.6317353844642639,-0.38824740052223206,0.2792295217514038,-0.6902227401733398,0.32065069675445557,0.12224876880645752,-0.333020955324173
1749033600.8627625,0.367827445268631,-1.8050219021239222,1.1744721571551722,1.6889266210743408,-1.145111385975973,0.25859329104423523,-0.08837615698575974,0.06927524507045746,-0.06553970277309418,-0.1491965502500534,0.1519729495048523,-0.6310811042785645,-0.3902689814567566,0.25128787755966187,-0.7249027490615845,0.3193866014480591,0.15120990574359894,-0.32476353645324707
1749033600.8627996,0.36767151951789856,-1.8048898182311,1.174340550099508,1.6886183458515625,-1.1448119322406214,0.25731971859931946,-0.08853290975093842,0.0696575790643692,-0.06566500663757324,-0.14705786108970642,0.153981551527977,-0.6297486424446106,-0.3720019459724426,0.16953152418136597,-0.7246755361557007,0.31060275435447693,0.15031802654266357,-0.30588477849960327
1749033600.8628368,0.3674495220184326,-1.8047319851317347,1.174227539693014,1.6883055406757812,-1.1444976965533655,0.2561095952987671,-0.0885995551943779,0.06641332060098648,-0.06656921654939651,-0.14598925411701202,0.15511652827262878,-0.6285443305969238,-0.3983946740627289,0.28009942173957825,-0.7115790843963623,0.30227187275886536,0.1377180963754654,-0.3850196897983551
1749033600.8628736,0.3672695755958557,-1.8045908413329066,1.174061123524801,1.688039942378662,-1.1441548506366175,0.2547891438007355,-0.08930978924036026,0.06795358657836914,-0.06638523936271667,-0.14670637249946594,0.15482647716999054,-0.6322146654129028,-0.37609997391700745,0.23088231682777405,-0.7177937030792236,0.2843777537345886,0.1467350274324417,-0.32074904441833496
1749033600.8629107,0.3670898377895355,-1.8044935665526332,1.1739257017718714,1.687743826503418,-1.1438606421100062,0.25358691811561584,-0.08924165368080139,0.0676078349351883,-0.06617068499326706,-0.14806774258613586,0.15408912301063538,-0.6330369114875793,-0.3598342537879944,0.2391970455646515,-0.7118926048278809,0.3283284604549408,0.14287638664245605,-0.289886474609375
1749033600.8629477,0.3669375479221344,-1.804284235040182,1.1738131682025355,1.6874558168598632,-1.1435173193561,0.2523336708545685,-0.0879519060254097,0.06657936424016953,-0.06525566428899765,-0.14685538411140442,0.15308374166488647,-0.6296471953392029,-0.3568018972873688,0.21660113334655762,-0.7248281240463257,0.30324915051460266,0.14035025238990784,-0.3333325684070587
1749033600.8629837,0.36675286293029785,-1.8041793308653773,1.1736844221698206,1.6871427732655029,-1.1432402769671839,0.2510640323162079,-0.08695133030414581,0.06600464135408401,-0.06610769778490067,-0.15111756324768066,0.1522197723388672,-0.6292932033538818,-0.3929532766342163,0.21886992454528809,-0.7173346281051636,0.34094637632369995,0.14631137251853943,-0.30220597982406616
1749033600.8630207,0.366620808839798,-1.8040505848326625,1.173537556325094,1.6868619161793212,-1.1429441610919397,0.24981825053691864,-0.08618086576461792,0.06605231761932373,-0.06594621390104294,-0.1480838507413864,0.15258441865444183,-0.6249409914016724,-0.4172603189945221,0.243319571018219,-0.7042995691299438,0.333344429731369,0.15145891904830933,-0.3574293851852417
1749033600.863648,0.36644455790519714,-1.8039337597289027,1.1734173933612269,1.686589165324829,-1.142613712941305,0.24857115745544434,-0.08677546679973602,0.066249780356884,-0.06659496575593948,-0.14579427242279053,0.15358971059322357,-0.6268828511238098,-0.4094044268131256,0.24047863483428955,-0.7209482789039612,0.31420961022377014,0.15390369296073914,-0.3795987367630005
1749033600.865622,0.36626487970352173,-1.8037897549071253,1.173250977193014,1.6862312990375976,-1.142292324696676,0.24728339910507202,-0.08717773109674454,0.0662565603852272,-0.06616399437189102,-0.14890837669372559,0.1530100405216217,-0.6311502456665039,-0.38415640592575073,0.2115904837846756,-0.737229585647583,0.32439517974853516,0.15420985221862793,-0.3071196973323822
1749033600.9062982,0.3661012053489685,-1.8036853275694789,1.1731537024127405,1.6859845358082275,-1.14201528230776,0.24605083465576172,-0.0875474140048027,0.06645311415195465,-0.06513383984565735,-0.14459531009197235,0.15370620787143707,-0.6279829740524292,-0.3832807242870331,0.2765505611896515,-0.7194458246231079,0.3517676591873169,0.1486043632030487,-0.3495681881904602
1749033600.9063444,0.36587947607040405,-1.8034874401488246,1.1730378309832972,1.6856691080280761,-1.1417229811297815,0.24476289749145508,-0.09085571765899658,0.06649696826934814,-0.06686662137508392,-0.14498884975910187,0.1545066237449646,-0.6278623938560486,-0.3818962574005127,0.2518776059150696,-0.7183846235275269,0.32443368434906006,0.14863058924674988,-0.3184411823749542
1749033600.9063854,0.36571499705314636,-1.8033901653685511,1.1728742758380335,1.6853653627583007,-1.1414321104632776,0.24351684749126434,-0.08735556900501251,0.06644655764102936,-0.06406931579113007,-0.14569400250911713,0.15317833423614502,-0.6276429891586304,-0.38105523586273193,0.251521497964859,-0.7421907186508179,0.31902241706848145,0.1533004492521286,-0.3118833303451538
1749033600.9064238,0.36557039618492126,-1.8032924137511195,1.1727388540851038,1.685084028834961,-1.1411283651935022,0.24227282404899597,-0.0870913490653038,0.0661463811993599,-0.06452849507331848,-0.14647039771080017,0.15678919851779938,-0.624144971370697,-0.4199920892715454,0.24317443370819092,-0.7365148067474365,0.3240252137184143,0.13945302367210388,-0.36313870549201965
1749033600.9064617,0.3653750717639923,-1.803110261956686,1.1726191679583948,1.684807463283203,-1.14079457918276,0.2410127967596054,-0.08802709728479385,0.06584757566452026,-0.06512506306171417,-0.14617618918418884,0.1540830135345459,-0.6262651085853577,-0.3532422184944153,0.284359335899353,-0.7507144212722778,0.3363789916038513,0.13884864747524261,-0.35152649879455566
1749033600.9065003,0.36519187688827515,-1.8029781780638636,1.1724746862994593,1.684488220805786,-1.1404865423785608,0.23976010084152222,-0.08820909261703491,0.06619492173194885,-0.06520836055278778,-0.1487949937582016,0.15264974534511566,-0.6279283761978149,-0.41339612007141113,0.24521282315254211,-0.754357099533081,0.3380351662635803,0.1593102514743805,-0.3345436155796051
1749033600.90655,0.3650287985801697,-1.8028298817076625,1.1723626295672815,1.6841882902332763,-1.1402066389666956,0.2385256439447403,-0.0905681625008583,0.06984659284353256,-0.06570200622081757,-0.14556077122688293,0.15733662247657776,-0.626587986946106,-0.38674744963645935,0.2246987521648407,-0.7568224668502808,0.33398646116256714,0.1457575112581253,-0.3664757311344147
1749033600.9065907,0.36480948328971863,-1.802732606927389,1.172199551259176,1.6839157777973632,-1.1398981253253382,0.23719742894172668,-0.08890000730752945,0.06540568172931671,-0.06744815409183502,-0.1439371109008789,0.1541426181793213,-0.6266815662384033,-0.3834342360496521,0.24955569207668304,-0.7137157917022705,0.335573673248291,0.1342492550611496,-0.3088211715221405
1749033600.9066286,0.3646422028541565,-1.8026124439635218,1.1720832029925745,1.6836301523395996,-1.1395562330829065,0.23602113127708435,-0.08899368345737457,0.06564104557037354,-0.06566440314054489,-0.14729930460453033,0.15451936423778534,-0.6263917684555054,-0.3890455961227417,0.24794809520244598,-0.7393215894699097,0.3371933698654175,0.15929585695266724,-0.352979838848114
1749033600.906666,0.3644694983959198,-1.8024875126280726,1.1719358603106897,1.6833266454884033,-1.13926870027651,0.23476895689964294,-0.08886408805847168,0.06827037781476974,-0.06689368933439255,-0.14502482116222382,0.1553204506635666,-0.6266671419143677,-0.387136310338974,0.22169649600982666,-0.7507021427154541,0.3278438448905945,0.14910948276519775,-0.35304608941078186
1749033600.9067035,0.3642808794975281,-1.8023482761778773,1.171807114277975,1.6830071645924072,-1.1389763990985315,0.2335035502910614,-0.09004318714141846,0.0650726854801178,-0.06973803043365479,-0.1444709748029709,0.1550728678703308,-0.6272028684616089,-0.3482826054096222,0.23113913834095,-0.6991626620292664,0.32419657707214355,0.1482374370098114,-0.3482440114021301
1749033600.9067402,0.36409756541252136,-1.8022157154478968,1.1716635862933558,1.6827258306690673,-1.1386545340167444,0.23225939273834229,-0.0867183580994606,0.06581757217645645,-0.06684788316488266,-0.14522545039653778,0.15865641832351685,-0.6269277930259705,-0.38402488827705383,0.2654167413711548,-0.7292562127113342,0.3307177424430847,0.1475471705198288,-0.34797942638397217
1749033600.906777,0.3639528453350067,-1.8020788631834925,1.1715315024005335,1.6824182707020263,-1.1383464972125452,0.23104287683963776,-0.09131786972284317,0.06735412776470184,-0.0672115683555603,-0.1465642750263214,0.1542809158563614,-0.6285446286201477,-0.37155628204345703,0.24538013339042664,-0.7229764461517334,0.34410417079925537,0.16389209032058716,-0.37218597531318665
1749033600.9068124,0.36373865604400635,-1.8019710979857386,1.1713994185077112,1.6821257311054687,-1.1380389372455042,0.22969238460063934,-0.0873706266283989,0.06762392818927765,-0.06676557660102844,-0.14681485295295715,0.15389136970043182,-0.6317190527915955,-0.39679843187332153,0.23252084851264954,-0.7103236317634583,0.3632727563381195,0.18369732797145844,-0.31817689538002014
1749033600.9068499,0.36357787251472473,-1.801807542840475,1.1712716261493128,1.6818372446247558,-1.1377394835101526,0.22848071157932281,-0.08829125016927719,0.06784069538116455,-0.06644262373447418,-0.14475223422050476,0.15822450816631317,-0.630313515663147,-0.4118991196155548,0.22052304446697235,-0.7236897349357605,0.36208611726760864,0.13158535957336426,-0.3605998456478119
1749033600.9068868,0.36339810490608215,-1.8016721210875453,1.1711671988116663,1.6815246778675537,-1.1373780409442347,0.2272179126739502,-0.08833014965057373,0.066257543861866,-0.06515603512525558,-0.14207693934440613,0.1523294746875763,-0.6296204924583435,-0.36806172132492065,0.2339951992034912,-0.7443175911903381,0.3419053554534912,0.1599414050579071,-0.3253076672554016
1749033600.9069247,0.3632492423057556,-1.8015247784056605,1.171027962361471,1.681243582362793,-1.1371162573443812,0.22598110139369965,-0.08813375234603882,0.06746422499418259,-0.06500793993473053,-0.14170542359352112,0.1518811732530594,-0.627649188041687,-0.3584235608577728,0.2224498987197876,-0.7423898577690125,0.33116692304611206,0.1488208770751953,-0.3014591336250305
1749033600.9069624,0.36299988627433777,-1.8013836346068324,1.1708844343768519,1.6809484201618652,-1.1368168036090296,0.2247447669506073,-0.08798585832118988,0.06557560712099075,-0.06678788363933563,-0.14122141897678375,0.15115660429000854,-0.6262407302856445,-0.3966178297996521,0.2638014256954193,-0.7239035964012146,0.3268013596534729,0.1975768804550171,-0.37091776728630066
1749033600.907,0.362850546836853,-1.8012668095030726,1.1707952658282679,1.6806718546101074,-1.1365216414081019,0.22345967590808868,-0.08753874897956848,0.06933505833148956,-0.06635487824678421,-0.14127925038337708,0.15100522339344025,-0.6277207732200623,-0.39579474925994873,0.20954394340515137,-0.7175893187522888,0.3107829689979553,0.19088232517242432,-0.3403097987174988
1749033600.9070375,0.36265629529953003,-1.8011352024474085,1.1706045309649866,1.680384321803711,-1.1362116972552698,0.22226524353027344,-0.08730679750442505,0.06505537778139114,-0.06539680808782578,-0.14213725924491882,0.15217114984989166,-0.6292258501052856,-0.39088451862335205,0.25129932165145874,-0.7455137968063354,0.29996636509895325,0.18937724828720093,-0.3614184260368347
1749033600.907669,0.36252641677856445,-1.8010155163206996,1.1704886595355433,1.6801070409962158,-1.135888401662008,0.22093896567821503,-0.08652422577142715,0.06474773585796356,-0.06645021587610245,-0.14396916329860687,0.15428587794303894,-0.6313135623931885,-0.3803510069847107,0.27146774530410767,-0.7505515217781067,0.3281427025794983,0.1598578691482544,-0.3493272364139557
1749033600.9096377,0.36232835054397583,-1.8008481464781703,1.170344654713766,1.6798624235340576,-1.135585133229391,0.2196231484413147,-0.0871412456035614,0.06835944950580597,-0.06845255941152573,-0.1433645784854889,0.15626703202724457,-0.6323606371879578,-0.38619735836982727,0.2392842322587967,-0.7089894413948059,0.3138139843940735,0.18011818826198578,-0.30345243215560913
1749033600.9503176,0.36211034655570984,-1.800711294213766,1.1701815764056605,1.6795586782642822,-1.1353386084186,0.21838746964931488,-0.08769667893648148,0.06517414003610611,-0.06614144891500473,-0.14030811190605164,0.15854519605636597,-0.6302306056022644,-0.36936065554618835,0.22714871168136597,-0.7322956919670105,0.2929186224937439,0.14920824766159058,-0.31931033730506897
1749033600.950364,0.36193060874938965,-1.8005639515318812,1.1700881163226526,1.6792973715015869,-1.1349433104144495,0.21710409224033356,-0.08718681335449219,0.06542903929948807,-0.06736049801111221,-0.14286860823631287,0.15874284505844116,-0.6254876255989075,-0.35306355357170105,0.24573537707328796,-0.7134743332862854,0.28218576312065125,0.16423122584819794,-0.3294478952884674
1749033600.950408,0.36178523302078247,-1.8004661999144496,1.169913117085592,1.6790022093006591,-1.1346853415118616,0.2158818542957306,-0.08825097978115082,0.06580032408237457,-0.06801304221153259,-0.14418147504329681,0.15691550076007843,-0.6246663331985474,-0.40011852979660034,0.24319466948509216,-0.7039185762405396,0.29162344336509705,0.1570056676864624,-0.3404042720794678
1749033600.9504476,0.36160901188850403,-1.8002997837462367,1.1697810331927698,1.678741140956543,-1.134331528340475,0.21464931964874268,-0.0855468139052391,0.06510525196790695,-0.06798212975263596,-0.14283786714076996,0.15885083377361298,-0.622614860534668,-0.367652952671051,0.25769734382629395,-0.6916781663894653,0.2813836932182312,0.14905652403831482,-0.3657773733139038
1749033600.9504857,0.3614460229873657,-1.8001777134337367,1.169680420552389,1.678422136897705,-1.134073559437887,0.2133653461933136,-0.08438251912593842,0.06666417419910431,-0.0662408173084259,-0.14471261203289032,0.1553400307893753,-0.6268976330757141,-0.3991939127445221,0.24487532675266266,-0.7096407413482666,0.28640156984329224,0.16066612303256989,-0.31865769624710083
1749033600.9505384,0.36128878593444824,-1.8000074825682582,1.1695135275470179,1.6781336504169921,-1.1337173620807093,0.21212062239646912,-0.08835913985967636,0.06665176153182983,-0.06607744842767715,-0.14783455431461334,0.1526712030172348,-0.6254495978355408,-0.35490620136260986,0.21617938578128815,-0.736115038394928,0.29180577397346497,0.18534664809703827,-0.2909771800041199
1749033600.9505801,0.36109355092048645,-1.7999330959715785,1.1694048086749476,1.6778058248707275,-1.1334593931781214,0.21086485683918,-0.08521531522274017,0.06685008853673935,-0.06593980640172958,-0.14804725348949432,0.15573468804359436,-0.6240813732147217,-0.4362497925758362,0.23279793560504913,-0.7158573269844055,0.28415417671203613,0.17094770073890686,-0.3570939004421234
1749033600.950618,0.36096087098121643,-1.7997743091978968,1.1692608038531702,1.6775092321583251,-1.133132282887594,0.2096315324306488,-0.08761651813983917,0.06761136651039124,-0.06587589532136917,-0.15447624027729034,0.15332819521427155,-0.6250982284545898,-0.40881699323654175,0.23284363746643066,-0.7174668312072754,0.3457733690738678,0.19905948638916016,-0.34947872161865234
1749033600.950656,0.36072319746017456,-1.7996193371214808,1.1690948645221155,1.6772081094929199,-1.1328414122210901,0.20836469531059265,-0.08945547044277191,0.06752578914165497,-0.06576567143201828,-0.1499883234500885,0.15449650585651398,-0.62156742811203,-0.3927614986896515,0.23009054362773895,-0.7188091278076172,0.30276820063591003,0.1830708235502243,-0.3878127336502075
1749033600.9506931,0.3605627119541168,-1.7994948826231898,1.1689699331866663,1.6769272524067382,-1.1325424353228968,0.20714332163333893,-0.08793061971664429,0.06742739677429199,-0.06641783565282822,-0.1503777951002121,0.15497837960720062,-0.6266996264457703,-0.36624306440353394,0.21902483701705933,-0.7131541967391968,0.30404120683670044,0.16898642480373383,-0.38087350130081177
1749033600.9507303,0.3603864908218384,-1.7993608913817347,1.1688182989703577,1.6766156393238525,-1.1322153250323694,0.2058696448802948,-0.0871339738368988,0.06687368452548981,-0.06633242219686508,-0.15298756957054138,0.15495315194129944,-0.6312623023986816,-0.38411226868629456,0.23290693759918213,-0.7166067957878113,0.3427584171295166,0.21010881662368774,-0.32580941915512085
1749033600.9507675,0.3601838946342468,-1.7992030582823695,1.168694321309225,1.6762806612202148,-1.131888214741842,0.20460903644561768,-0.08664238452911377,0.0666806548833847,-0.06698424369096756,-0.14776627719402313,0.15508399903774261,-0.6294539570808411,-0.39775997400283813,0.20763635635375977,-0.7146542072296143,0.3263099193572998,0.19951200485229492,-0.32798779010772705
1749033600.9508045,0.3600233793258667,-1.7991281948485316,1.1685898939715784,1.6760148245045166,-1.1316078344928187,0.20336031913757324,-0.08811160176992416,0.06615088135004044,-0.06739165633916855,-0.1479233354330063,0.15815040469169617,-0.626775860786438,-0.35868310928344727,0.22366878390312195,-0.6919004917144775,0.3230232000350952,0.14511233568191528,-0.3391534984111786
1749033600.9508412,0.3598436415195465,-1.7989231548705042,1.1684420744525355,1.6757077413746337,-1.1312502066241663,0.20212234556674957,-0.08557431399822235,0.06581628322601318,-0.06838715076446533,-0.14580735564231873,0.15447264909744263,-0.6251146197319031,-0.3952813744544983,0.22889253497123718,-0.6984705924987793,0.3161124587059021,0.17890092730522156,-0.32566335797309875
1749033600.9508772,0.35963326692581177,-1.7988478145995082,1.1682947317706507,1.675450249309204,-1.1309893766986292,0.20089858770370483,-0.09027505666017532,0.06502927839756012,-0.06644545495510101,-0.14520056545734406,0.15516947209835052,-0.6238181591033936,-0.37671545147895813,0.2674058675765991,-0.691299319267273,0.3360692858695984,0.19758062064647675,-0.4292047619819641
1749033600.9509134,0.35963326692581177,-1.7988478145995082,1.1682947317706507,1.675450249309204,-1.1309893766986292,0.20089858770370483,-0.09027505666017532,0.06502927839756012,-0.06644545495510101,-0.14520056545734406,0.15516947209835052,-0.6238181591033936,-0.37671545147895813,0.2674058675765991,-0.691299319267273,0.3360692858695984,0.19758062064647675,-0.4292047619819641
1749033600.95095,0.3594881296157837,-1.798689981500143,1.1681788603412073,1.6751469808765869,-1.1306846777545374,0.1996312290430069,-0.0871506780385971,0.06694845855236053,-0.06774411350488663,-0.14539869129657745,0.15749695897102356,-0.6321227550506592,-0.37375152111053467,0.2601257860660553,-0.718223512172699,0.31707271933555603,0.16955649852752686,-0.3651677966117859
1749033600.9509861,0.35929641127586365,-1.7985731563963832,1.1680429617511194,1.6749016481586914,-1.1303699652301233,0.1983157992362976,-0.08882388472557068,0.06731680780649185,-0.0650625005364418,-0.14430436491966248,0.15771913528442383,-0.6345936059951782,-0.3411892056465149,0.22075718641281128,-0.6847018003463745,0.29514193534851074,0.15052688121795654,-0.3123031258583069
1749033600.9510226,0.3589683473110199,-1.7983433208861292,1.1678021589862269,1.674309177989624,-1.1297200361834925,0.19583378732204437,-0.08680088073015213,0.06561652570962906,-0.06507246196269989,-0.14614750444889069,0.15729542076587677,-0.6290737986564636,-0.3595418334007263,0.25616520643234253,-0.7449382543563843,0.3012312054634094,0.15629857778549194,-0.3008396029472351
1749033600.9510589,0.35881713032722473,-1.7981730900206507,1.1676581541644495,1.6740171152302246,-1.1294477621661585,0.19460603594779968,-0.08623496443033218,0.06738512217998505,-0.06642711162567139,-0.14514462649822235,0.15690021216869354,-0.6268504858016968,-0.4145751893520355,0.1955464482307434,-0.6929763555526733,0.2743261158466339,0.1427244395017624,-0.3501974940299988
1749033600.9517236,0.35863274335861206,-1.7980638943114222,1.1675151030169886,1.673748417491577,-1.1291053930865687,0.1933383345603943,-0.08620785176753998,0.06499744951725006,-0.06325212121009827,-0.14518751204013824,0.15671788156032562,-0.6289033889770508,-0.3656075596809387,0.23064765334129333,-0.7369455099105835,0.2777414619922638,0.14583757519721985,-0.34484565258026123
1749033600.953704,0.35848864912986755,-1.7979089222350062,1.1673992315875452,1.673452540034912,-1.128822151814596,0.19203856587409973,-0.08573977649211884,0.06629759073257446,-0.06455039232969284,-0.14453472197055817,0.1555180549621582,-0.6314105987548828,-0.40148118138313293,0.21335043013095856,-0.7336500287055969,0.2513103187084198,0.13835041224956512,-0.3068949580192566
1749033600.9983072,0.35826241970062256,-1.7977529964842738,1.1672518889056605,1.6731836038776855,-1.1285017172442835,0.1908135563135147,-0.08658863604068756,0.0663386657834053,-0.06540818512439728,-0.14888747036457062,0.15564963221549988,-0.6275493502616882,-0.41018372774124146,0.22241926193237305,-0.7160066962242126,0.27196940779685974,0.135309100151062,-0.3313145041465759
1749033600.9983635,0.35813257098197937,-1.797624250451559,1.16710073152651,1.6728517252155761,-1.128176514302389,0.1895969659090042,-0.08754358440637589,0.06759054213762283,-0.06508176028728485,-0.14788316190242767,0.15574321150779724,-0.6274186372756958,-0.3749241232872009,0.22764341533184052,-0.7281835675239563,0.2839092016220093,0.16122831404209137,-0.3219480812549591
1749033600.998419,0.3579099774360657,-1.7975007496275843,1.166994873677389,1.672527475947998,-1.1278632322894495,0.1882810890674591,-0.08827625215053558,0.06743822991847992,-0.06635747849941254,-0.14812080562114716,0.15433351695537567,-0.626666784286499,-0.38804835081100464,0.22599750757217407,-0.7125288844108582,0.28642651438713074,0.14937452971935272,-0.3247924745082855
1749033600.9984605,0.3577885329723358,-1.7973805866637171,1.1668441931353968,1.6722499567219238,-1.1275609175311487,0.18712130188941956,-0.08678266406059265,0.06672661006450653,-0.06504760682582855,-0.1521611511707306,0.15771588683128357,-0.6249322891235352,-0.41804227232933044,0.21600671112537384,-0.7243257761001587,0.3183780014514923,0.12984251976013184,-0.38467520475387573
1749033600.9985003,0.35753488540649414,-1.7972518406310023,1.1667121092425745,1.6719376283833007,-1.1272299925433558,0.1858019083738327,-0.08987942337989807,0.06561703979969025,-0.06417521834373474,-0.14861616492271423,0.15322162210941315,-0.6292568445205688,-0.34456804394721985,0.23585118353366852,-0.7404255270957947,0.3341541886329651,0.1503387689590454,-0.3291521668434143
1749033600.9985392,0.3573756515979767,-1.7971283398070277,1.166565243397848,1.6716527181812744,-1.1269810835467737,0.18453212082386017,-0.08620385080575943,0.0682205930352211,-0.06741021573543549,-0.1470375955104828,0.1497398167848587,-0.6322883367538452,-0.4148719608783722,0.20065218210220337,-0.7017349600791931,0.3089211583137512,0.18187078833580017,-0.29848113656044006
1749033600.9985774,0.35719984769821167,-1.796945711175436,1.1664212385760706,1.671320601100586,-1.1266234556781214,0.18330247700214386,-0.08861489593982697,0.06405984610319138,-0.06562566012144089,-0.1469966471195221,0.15420421957969666,-0.6286309361457825,-0.3712809979915619,0.23179474472999573,-0.7129291892051697,0.2952578067779541,0.14309684932231903,-0.3273840844631195
1749033600.998626,0.35701990127563477,-1.796858926812643,1.166323486958639,1.6710571485706787,-1.1263707319842737,0.1820092499256134,-0.08628123998641968,0.0643775686621666,-0.06432389467954636,-0.14607377350330353,0.15068736672401428,-0.6286139488220215,-0.401409387588501,0.2702217698097229,-0.7294130325317383,0.29490989446640015,0.17298807203769684,-0.32171669602394104
1749033600.998668,0.3568103313446045,-1.796723028222555,1.1661885420428675,1.6707567411610107,-1.126014534627096,0.18074311316013336,-0.08773008733987808,0.06798669695854187,-0.06615755707025528,-0.14641816914081573,0.15140400826931,-0.6241868734359741,-0.39039865136146545,0.2185281664133072,-0.7278656959533691,0.27604058384895325,0.16520445048809052,-0.3576873540878296
1749033600.9987051,0.35666048526763916,-1.7966343365111292,1.1660369078265589,1.6704835134693603,-1.1257079283343714,0.17947572469711304,-0.08794713765382767,0.06397917866706848,-0.06577592343091965,-0.1494525820016861,0.15288344025611877,-0.624403715133667,-0.3747597634792328,0.26306670904159546,-0.7134540677070618,0.2937803268432617,0.16245150566101074,-0.3820687532424927
1749033600.9987419,0.3564700782299042,-1.7964397869505824,1.165929142628805,1.670238657588623,-1.1253746191607874,0.17821502685546875,-0.08725811541080475,0.06633496284484863,-0.06303966790437698,-0.14534729719161987,0.15306143462657928,-0.6277307271957397,-0.3908371925354004,0.2680603265762329,-0.764845073223114,0.26485350728034973,0.15381106734275818,-0.336656779050827
1749033600.9987786,0.3562784194946289,-1.796335359612936,1.1658085028277796,1.6698917585560302,-1.125078026448385,0.17696520686149597,-0.08701726794242859,0.06653419137001038,-0.06425395607948303,-0.1456836462020874,0.15378078818321228,-0.6264704465866089,-0.38085275888442993,0.23437252640724182,-0.7563295364379883,0.2634321451187134,0.14672935009002686,-0.3377578854560852
1749033600.998819,0.3561294674873352,-1.796201845208639,1.1656573454486292,1.6696623998829345,-1.1247242132769983,0.17572245001792908,-0.0866856798529625,0.06595444679260254,-0.06535574793815613,-0.14770306646823883,0.1558394879102707,-0.6248464584350586,-0.38698646426200867,0.25062453746795654,-0.744796097278595,0.28227972984313965,0.14834029972553253,-0.3657456636428833
1749033600.998857,0.3559723198413849,-1.796093603173727,1.1655095259295862,1.669322891826294,-1.1244404951678675,0.17448894679546356,-0.08569583296775818,0.06589213013648987,-0.06708099693059921,-0.1449166089296341,0.15352986752986908,-0.6251772046089172,-0.43367451429367065,0.256274938583374,-0.7409051656723022,0.2482496201992035,0.13033410906791687,-0.3532816171646118
1749033600.998894,0.3557854890823364,-1.795910974542135,1.165400807057516,1.669011040324829,-1.124148193989889,0.17322823405265808,-0.0877096876502037,0.06637360900640488,-0.06574567407369614,-0.14690308272838593,0.15238884091377258,-0.6266101598739624,-0.3638211488723755,0.25487592816352844,-0.7207688689231873,0.26458895206451416,0.13129961490631104,-0.3695354163646698
1749033600.998931,0.35559022426605225,-1.7958103619017542,1.1652615706073206,1.668698711986206,-1.123833481465475,0.17199864983558655,-0.08593191206455231,0.06599709391593933,-0.06574399769306183,-0.1472136378288269,0.15542899072170258,-0.6285521984100342,-0.37049731612205505,0.24790430068969727,-0.7490549087524414,0.2758377194404602,0.10434241592884064,-0.33519184589385986
1749033600.9989676,0.35541048645973206,-1.7956468067564906,1.1651456991778772,1.6684211927601318,-1.123498264943258,0.17070288956165314,-0.0890098512172699,0.06645851582288742,-0.06696213036775589,-0.14882464706897736,0.15267808735370636,-0.6273708343505859,-0.38351717591285706,0.22939902544021606,-0.7440251111984253,0.285574346780777,0.12016376852989197,-0.3314949572086334
1749033600.9990041,0.3552978038787842,-1.7955371342101039,1.1650050322162073,1.6680778700062255,-1.123214069996969,0.169447660446167,-0.08613035082817078,0.06691833585500717,-0.06669386476278305,-0.1493901163339615,0.1539924144744873,-0.6286664009094238,-0.3891335725784302,0.24133914709091187,-0.7275577187538147,0.2832961082458496,0.1211191937327385,-0.387570321559906
1749033600.999041,0.3551061153411865,-1.7954241238036097,1.1648696104632776,1.6677769857593994,-1.1228836218463343,0.1682153046131134,-0.08760710805654526,0.06779026985168457,-0.06635648012161255,-0.14900143444538116,0.15342842042446136,-0.630937397480011,-0.4232752025127411,0.21674267947673798,-0.7249784469604492,0.291888952255249,0.13554251194000244,-0.3214179277420044
1749033600.9990776,0.3549008071422577,-1.7952457867064417,1.164734188710348,1.6674768167683105,-1.122582737599508,0.1669664978981018,-0.08763372898101807,0.06726356595754623,-0.06588887423276901,-0.14934152364730835,0.15211960673332214,-0.6314002275466919,-0.37582701444625854,0.20495085418224335,-0.7457036375999451,0.30230849981307983,0.13553543388843536,-0.32754892110824585
1749033600.999115,0.35475197434425354,-1.795121809045309,1.1646211783038538,1.6672004896351318,-1.1222990194903772,0.1656295508146286,-0.08688871562480927,0.06746422499418259,-0.06632975488901138,-0.14720980823040009,0.1509472280740738,-0.631015956401825,-0.39772531390190125,0.21745792031288147,-0.7221388816833496,0.2889802157878876,0.13807085156440735,-0.35932135581970215
1749033600.9991515,0.3545602858066559,-1.7950054607787074,1.164443318043844,1.6669043737598876,-1.121929947529928,0.1644129753112793,-0.08790644258260727,0.06741263717412949,-0.06666196882724762,-0.14660397171974182,0.1519753336906433,-0.630178689956665,-0.3909859359264374,0.21241627633571625,-0.7377110123634338,0.28952285647392273,0.12315859645605087,-0.3088490664958954
1749033600.9996607,0.3543960750102997,-1.7948700390257777,1.164295498524801,1.6666557031818847,-1.1216405073748987,0.163202702999115,-0.08862729370594025,0.06812967360019684,-0.06669651716947556,-0.14434503018856049,0.15198062360286713,-0.6297780871391296,-0.3801290988922119,0.18711477518081665,-0.7288717031478882,0.28601568937301636,0.1208043247461319,-0.319932222366333
1749033601.0016398,0.354170560836792,-1.7947498760619105,1.1641514937030237,1.6663634020039062,-1.121310059224264,0.16191518306732178,-0.0891885831952095,0.06773056089878082,-0.06707505136728287,-0.1480637788772583,0.15088143944740295,-0.6279878616333008,-0.34452754259109497,0.18728019297122955,-0.7263421416282654,0.27017080783843994,0.1272604912519455,-0.3492090106010437
1749033601.0423052,0.35399550199508667,-1.7945848904051722,1.1640427748309534,1.666078730220459,-1.1210644880877894,0.16068242490291595,-0.08900172263383865,0.06657987087965012,-0.06839151680469513,-0.14583954215049744,0.14983071386814117,-0.62921541929245,-0.3491125702857971,0.2142576277256012,-0.7089564800262451,0.28757017850875854,0.11722846329212189,-0.31113263964653015
1749033601.0423524,0.353848934173584,-1.7944370708861292,1.1638792196856897,1.6657587724873046,-1.1207144896136683,0.15947510302066803,-0.08826048672199249,0.06926591694355011,-0.06896030902862549,-0.14415013790130615,0.1514534205198288,-0.6280724406242371,-0.37653857469558716,0.19225789606571198,-0.6615145802497864,0.2792898416519165,0.10871327668428421,-0.346193790435791
1749033601.0423937,0.35369300842285156,-1.7943479023375453,1.1637547651873987,1.6654741007038574,-1.1204078833209437,0.158184215426445,-0.08760087937116623,0.0663020983338356,-0.0648593157529831,-0.14666061103343964,0.1480458527803421,-0.6314595937728882,-0.37481099367141724,0.2165105938911438,-0.72348952293396,0.2624177634716034,0.08725033700466156,-0.31174954771995544
1749033601.0424385,0.3534788489341736,-1.7941767177977503,1.1636350790606897,1.6651825147816162,-1.120124642048971,0.1568453162908554,-0.08911368250846863,0.06660958379507065,-0.06603855639696121,-0.14492711424827576,0.14442946016788483,-0.6315812468528748,-0.37442606687545776,0.21731600165367126,-0.7317946553230286,0.25560417771339417,0.15701308846473694,-0.2781280279159546
1749033601.0425062,0.35330796241760254,-1.7940441570677699,1.1634801069842737,1.664897842998169,-1.1198132673846644,0.15561234951019287,-0.08527882397174835,0.06907887756824493,-0.06806236505508423,-0.14410646259784698,0.14853860437870026,-0.6283422708511353,-0.4120903015136719,0.18344886600971222,-0.6881091594696045,0.23043498396873474,0.13907653093338013,-0.3213002681732178
1749033601.0425751,0.353147029876709,-1.7939092121519984,1.1633604208575647,1.6645936208912353,-1.1195562521563929,0.15437398850917816,-0.08602268993854523,0.06658907234668732,-0.06541049480438232,-0.1462491899728775,0.14670002460479736,-0.6259033679962158,-0.4139714241027832,0.20337432622909546,-0.7193265557289124,0.2467510849237442,0.14167360961437225,-0.31809669733047485
1749033601.0426445,0.353014200925827,-1.7937685451903285,1.1632512251483362,1.6643006044575195,-1.1192310492144983,0.1531101018190384,-0.08856268227100372,0.06589758396148682,-0.0657559335231781,-0.14957334101200104,0.14652413129806519,-0.624663233757019,-0.3572726249694824,0.2380121648311615,-0.7263038158416748,0.26765185594558716,0.1644262671470642,-0.35699301958084106
1749033601.042714,0.35278046131134033,-1.7936450443663539,1.1631386915790003,1.6640090185352783,-1.11896258989443,0.15186485648155212,-0.08656154572963715,0.0670686736702919,-0.06625090539455414,-0.15015560388565063,0.14846652746200562,-0.6270536780357361,-0.45732414722442627,0.21832215785980225,-0.7198941707611084,0.2889794707298279,0.16529729962348938,-0.38388845324516296
1749033601.0427835,0.3526245355606079,-1.7935344181456507,1.1629598776446741,1.6637367445179443,-1.1186121145831507,0.15058770775794983,-0.08865755051374435,0.06628905236721039,-0.06640195846557617,-0.15025925636291504,0.1498628705739975,-0.6298299431800842,-0.3913000226020813,0.20969291031360626,-0.7090774178504944,0.2711411118507385,0.15506680309772491,-0.29960358142852783
1749033601.0428536,0.35247212648391724,-1.793361326257223,1.1628277937518519,1.6634318071552734,-1.118340317402975,0.1493363231420517,-0.08812232315540314,0.06638246774673462,-0.06649354100227356,-0.15057742595672607,0.14936374127864838,-0.6284989714622498,-0.39876389503479004,0.20186856389045715,-0.6993051767349243,0.2874376177787781,0.17701655626296997,-0.3040878176689148
1749033601.0429235,0.3522956371307373,-1.7932049236693324,1.1627190748797815,1.663135214442871,-1.1180523077594202,0.1480964571237564,-0.08784255385398865,0.0660352110862732,-0.06691310554742813,-0.1464860886335373,0.14928989112377167,-0.624079704284668,-0.40635138750076294,0.21258309483528137,-0.7051771879196167,0.2500258982181549,0.1927827000617981,-0.34586307406425476
1749033601.0429897,0.35209256410598755,-1.7931224308409632,1.162548844014303,1.6628400522419433,-1.1176860968219202,0.146823912858963,-0.0879453718662262,0.06796486675739288,-0.06691055744886398,-0.1468951553106308,0.149581640958786,-0.6236222386360168,-0.3963117003440857,0.20674340426921844,-0.7134178876876831,0.24693477153778076,0.2095842957496643,-0.3323267102241516
1749033601.043058,0.3519480228424072,-1.7929979763426722,1.162417236958639,1.6625427442738037,-1.117424790059225,0.14559787511825562,-0.08798298984766006,0.06648289412260056,-0.06615016609430313,-0.1494864523410797,0.15382777154445648,-0.6220899820327759,-0.38140344619750977,0.19334477186203003,-0.7149730324745178,0.2905474305152893,0.1570848822593689,-0.3657546937465668
1749033601.0431259,0.35175275802612305,-1.7928539715208949,1.162316624318258,1.662254734630249,-1.1171463171588343,0.14434842765331268,-0.08712069690227509,0.06537701189517975,-0.06809872388839722,-0.14610743522644043,0.15126357972621918,-0.6265015006065369,-0.41926848888397217,0.25566810369491577,-0.6861365437507629,0.26185083389282227,0.15684452652931213,-0.36271533370018005
1749033601.0431983,0.3515545129776001,-1.7927142582335414,1.1621845404254358,1.6619633871265869,-1.1168039480792444,0.14309562742710114,-0.08947767317295074,0.06688383966684341,-0.06527625024318695,-0.14702095091342926,0.15240928530693054,-0.6268972158432007,-0.3715759515762329,0.2353498339653015,-0.7209802865982056,0.2562047243118286,0.17000792920589447,-0.3114868104457855
1749033601.0432675,0.35143646597862244,-1.7925788364806117,1.1620524565326136,1.6616625028797607,-1.1164496580706995,0.1418609470129013,-0.0874597430229187,0.06975921988487244,-0.06575565785169601,-0.14830276370048523,0.15533462166786194,-0.6258652210235596,-0.4039718806743622,0.1588919758796692,-0.719573438167572,0.2835853397846222,0.14872822165489197,-0.36446231603622437
1749033601.0433362,0.3512139618396759,-1.7924467525877894,1.1619327704059046,1.6613616186329345,-1.1161811987506312,0.14054636657238007,-0.09018464386463165,0.0674581229686737,-0.06705231964588165,-0.14877891540527344,0.15469352900981903,-0.6273375153541565,-0.3903653025627136,0.19235923886299133,-0.722783088684082,0.2859727740287781,0.1402650624513626,-0.37335389852523804
1749033601.0434058,0.35103535652160645,-1.7923184833922328,1.1617696920977991,1.6610736089893798,-1.11589223543276,0.13930891454219818,-0.08608531206846237,0.06684795022010803,-0.06634381413459778,-0.14937299489974976,0.15529589354991913,-0.6260230541229248,-0.43389102816581726,0.19441604614257812,-0.6971496939659119,0.26426243782043457,0.14625513553619385,-0.3996163606643677
1749033601.043455,0.3508865237236023,-1.792154928246969,1.1616571585284632,1.6607891756245117,-1.1155274550067347,0.1380658596754074,-0.08712130039930344,0.06785164028406143,-0.06592608243227005,-0.15015946328639984,0.15661382675170898,-0.6310549974441528,-0.4359397888183594,0.191878080368042,-0.7117743492126465,0.2753085494041443,0.15530002117156982,-0.39087074995040894
1749033601.0434945,0.3507192134857178,-1.792058607141012,1.1615021864520472,1.6604890066334228,-1.1152384916888636,0.13680171966552734,-0.08823298662900925,0.06763947010040283,-0.06770060956478119,-0.15075106918811798,0.15572838485240936,-0.63615483045578,-0.3925268054008484,0.17867597937583923,-0.7011009454727173,0.2795863151550293,0.14087176322937012,-0.31388577818870544
1749033601.0436893,0.3505393862724304,-1.7918783626952113,1.1613581816302698,1.6602012354084472,-1.1149237791644495,0.13556665182113647,-0.08626548945903778,0.06707273423671722,-0.06750112771987915,-0.15088610351085663,0.15432745218276978,-0.6335234045982361,-0.4535563290119171,0.20672312378883362,-0.6895849704742432,0.2729153335094452,0.14594623446464539,-0.3146158754825592
1749033601.0456493,0.3503511846065521,-1.791781564752096,1.1612613836871546,1.6598879533955078,-1.1146324316607874,0.1342584788799286,-0.09022524207830429,0.06628470122814178,-0.06753353774547577,-0.14972162246704102,0.15432949364185333,-0.632910966873169,-0.4202706515789032,0.1911540925502777,-0.6899545192718506,0.27993717789649963,0.16560028493404388,-0.36220282316207886
1749033601.0862858,0.3501690626144409,-1.79164518932485,1.1611135641681116,1.6595839697071533,-1.1143444220172327,0.1329682320356369,-0.0899944081902504,0.06665349006652832,-0.06754477322101593,-0.1537484973669052,0.15349741280078888,-0.6316360831260681,-0.40213027596473694,0.21032366156578064,-0.6960161924362183,0.2866256535053253,0.15197083353996277,-0.3389214277267456
1749033601.0863314,0.3499816358089447,-1.791485448876852,1.1609819571124476,1.6592997747608642,-1.1140483061419886,0.13175766170024872,-0.08976148813962936,0.06685171276330948,-0.06727507710456848,-0.15142710506916046,0.1530436873435974,-0.6318696737289429,-0.3961600959300995,0.18498075008392334,-0.7098584175109863,0.29518193006515503,0.1625218689441681,-0.36142680048942566
1749033601.0863717,0.3498326539993286,-1.7913342914977015,1.1608689467059534,1.6590024667927246,-1.1136749426471155,0.13052144646644592,-0.08891525119543076,0.06614956259727478,-0.06654961407184601,-0.1493421494960785,0.1552809774875641,-0.6339234709739685,-0.40554749965667725,0.21757212281227112,-0.6930541396141052,0.2714184522628784,0.12823320925235748,-0.325894296169281
1749033601.086411,0.3496844172477722,-1.7912174663939417,1.1606867949115198,1.65865604459729,-1.1134255568133753,0.12919192016124725,-0.08876697719097137,0.06582782417535782,-0.06651736795902252,-0.15372906625270844,0.15234160423278809,-0.6352986097335815,-0.41866201162338257,0.23084262013435364,-0.7025488615036011,0.2847977876663208,0.1339002251625061,-0.30639660358428955
1749033601.0864503,0.3494492769241333,-1.7910896740355433,1.1605899969684046,1.6583546835133056,-1.1131036917315882,0.1279788464307785,-0.0904688909649849,0.06602416932582855,-0.06578236073255539,-0.1490056961774826,0.155683234333992,-0.6344856023788452,-0.4169042706489563,0.19802799820899963,-0.7185050845146179,0.3017676770687103,0.14676937460899353,-0.35199180245399475
1749033601.0864885,0.34927433729171753,-1.7909347019591273,1.1604498068438929,1.6580585676380615,-1.1127718130694788,0.12667009234428406,-0.08870784193277359,0.06597056239843369,-0.0663272961974144,-0.148972749710083,0.15516777336597443,-0.6351332068443298,-0.364890456199646,0.17787212133407593,-0.7015522122383118,0.2959824204444885,0.12801191210746765,-0.303187757730484
1749033601.0865257,0.3491230607032776,-1.7908255062498988,1.1603143850909632,1.6577457624622802,-1.1124175230609339,0.12535694241523743,-0.08820048719644547,0.06482386589050293,-0.0660562813282013,-0.14836817979812622,0.15462438762187958,-0.6299288272857666,-0.4459575414657593,0.2214169204235077,-0.7156789898872375,0.2985171973705292,0.1409710794687271,-0.32750892639160156
1749033601.086563,0.34897053241729736,-1.7907124958434046,1.1601946989642542,1.6574453550526123,-1.1121528784381312,0.12414706498384476,-0.09122710675001144,0.0644528791308403,-0.06567699462175369,-0.14839304983615875,0.154011070728302,-0.6302833557128906,-0.3812766969203949,0.22281764447689056,-0.701738178730011,0.31947454810142517,0.12346813082695007,-0.34703198075294495
1749033601.0866003,0.34874922037124634,-1.790541788140768,1.1600468794452112,1.6571647363850097,-1.1118257681476038,0.12288805097341537,-0.08917664736509323,0.06460924446582794,-0.06433327496051788,-0.14933140575885773,0.15284325182437897,-0.6336591839790344,-0.43977105617523193,0.23419688642024994,-0.7282967567443848,0.324177086353302,0.14052431285381317,-0.2948896884918213
1749033601.0866375,0.3485884368419647,-1.7903977833189906,1.1599224249469202,1.6568605142780761,-1.1115382353412073,0.1216207891702652,-0.09032344073057175,0.06403405964374542,-0.06694597005844116,-0.14784321188926697,0.15011665225028992,-0.629224956035614,-0.419183611869812,0.22522011399269104,-0.7107792496681213,0.32355043292045593,0.14466102421283722,-0.2986330986022949
1749033601.0866747,0.3484311103820801,-1.7903157673277796,1.159802261983053,1.6565918165394287,-1.1112459341632288,0.12032943964004517,-0.08972928673028946,0.06474339962005615,-0.06448297947645187,-0.1488000452518463,0.1479956954717636,-0.6268994212150574,-0.39235514402389526,0.2363334596157074,-0.7257100343704224,0.3124047815799713,0.15978926420211792,-0.29992395639419556
1749033601.0867116,0.3484311103820801,-1.7903157673277796,1.159802261983053,1.6565918165394287,-1.1112459341632288,0.12032943964004517,-0.08972928673028946,0.06474339962005615,-0.06448297947645187,-0.1488000452518463,0.1479956954717636,-0.6268994212150574,-0.39235514402389526,0.2363334596157074,-0.7257100343704224,0.3124047815799713,0.15978926420211792,-0.29992395639419556
1749033601.0867484,0.3481079339981079,-1.7900282345213832,1.1595194975482386,1.6559523779102783,-1.1106632391559046,0.11783473938703537,-0.09045936912298203,0.06426399201154709,-0.06536418944597244,-0.14507333934307098,0.1487300843000412,-0.6224523782730103,-0.430621474981308,0.24066162109375,-0.720606803894043,0.3144074082374573,0.19286760687828064,-0.3786008358001709
1749033601.0867848,0.3479042053222656,-1.7899195156493128,1.1593874136554163,1.6557025152393798,-1.1103480497943323,0.11647523939609528,-0.09180153161287308,0.06565721333026886,-0.0669020414352417,-0.14845530688762665,0.15152713656425476,-0.6244222521781921,-0.3606112003326416,0.21645578742027283,-0.7190563082695007,0.34100234508514404,0.15581724047660828,-0.3236687183380127
1749033601.086821,0.34777092933654785,-1.7897530994811,1.159271542225973,1.6553947168537597,-1.1100414435016077,0.11530521512031555,-0.09100617468357086,0.06949581950902939,-0.06482593715190887,-0.14337994158267975,0.1499491184949875,-0.6250485181808472,-0.38256391882896423,0.18841055035591125,-0.7333744764328003,0.31664714217185974,0.1862746924161911,-0.3461434245109558
1749033601.0868762,0.34754478931427,-1.7896515331664027,1.159142796193258,1.6550907331654052,-1.1098011175738733,0.11407719552516937,-0.09178907424211502,0.06647889316082001,-0.06494521349668503,-0.14115536212921143,0.15438498556613922,-0.6235820651054382,-0.4083403944969177,0.21690857410430908,-0.7245286703109741,0.297322154045105,0.17836949229240417,-0.3427600562572479
1749033601.0869188,0.3473964035511017,-1.789523263970846,1.1589916388141077,1.6548182207294921,-1.1094945112811487,0.11281237751245499,-0.090219646692276,0.067073293030262,-0.0650935173034668,-0.1425168514251709,0.15503735840320587,-0.6242773532867432,-0.4231216013431549,0.2188643366098404,-0.7441636323928833,0.28633370995521545,0.1763286590576172,-0.3311168849468231
1749033601.0869558,0.3472095727920532,-1.789356370965475,1.1588910261737269,1.6545261579700927,-1.109171215687887,0.11154494434595108,-0.09113252907991409,0.06718657910823822,-0.06522069126367569,-0.1429980993270874,0.15485529601573944,-0.6240584850311279,-0.4271288514137268,0.18621742725372314,-0.7337754964828491,0.30415162444114685,0.19208964705467224,-0.35174286365509033
1749033601.086993,0.3470059633255005,-1.7892705402769984,1.1587627569781702,1.6542417246052246,-1.1088679472552698,0.11029481887817383,-0.09064000099897385,0.06551983952522278,-0.06535980850458145,-0.1440998613834381,0.1543378233909607,-0.6256855726242065,-0.3930955231189728,0.18941795825958252,-0.7502075433731079,0.3075754940509796,0.18108826875686646,-0.3660030663013458
1749033601.0870295,0.346848726272583,-1.7891107998290003,1.1586082617389124,1.653973026866577,-1.1085675398456019,0.10906127095222473,-0.0903174877166748,0.06464246660470963,-0.06692465394735336,-0.1445837914943695,0.15515825152397156,-0.6269399523735046,-0.42372214794158936,0.2240796536207199,-0.7459858059883118,0.30154410004615784,0.18759316205978394,-0.33645862340927124
1749033601.0876353,0.34664633870124817,-1.7889944515623988,1.1585071722613733,1.6536456781574707,-1.108218018208639,0.10780836641788483,-0.09134256094694138,0.06801609694957733,-0.06556674093008041,-0.146786168217659,0.1555858850479126,-0.6274216771125793,-0.4138009250164032,0.22237324714660645,-0.7373802065849304,0.29770809412002563,0.20283102989196777,-0.35520267486572266
1749033601.0896268,0.3464134931564331,-1.788865705529684,1.158344570790426,1.6533731657215576,-1.1078913847552698,0.10655415058135986,-0.09125953167676926,0.06505637615919113,-0.06574472784996033,-0.14864708483219147,0.15581803023815155,-0.6278114914894104,-0.38031482696533203,0.1966278851032257,-0.7532008290290833,0.31839925050735474,0.18050247430801392,-0.32675138115882874
1749033601.1302886,0.34628012776374817,-1.788675447503561,1.158231560383932,1.6530610758015136,-1.1076095739947718,0.10530297458171844,-0.09035397320985794,0.06438427418470383,-0.0659242495894432,-0.1475563645362854,0.1562613546848297,-0.6291952133178711,-0.4139910638332367,0.2274004966020584,-0.7609805464744568,0.3365212082862854,0.18358388543128967,-0.31772810220718384
1749033601.1303337,0.34607645869255066,-1.7885824642577113,1.1580494085894983,1.6527761655994873,-1.1072915236102503,0.10404461622238159,-0.08943592756986618,0.06644608825445175,-0.07014238834381104,-0.1508786976337433,0.15522609651088715,-0.6272011995315552,-0.397939532995224,0.24407276511192322,-0.7203971743583679,0.32640284299850464,0.18403325974941254,-0.3437597453594208
1749033601.1303747,0.345876544713974,-1.788438459435934,1.157952610646383,1.6524602609821777,-1.107023064290182,0.10276037454605103,-0.08904317021369934,0.0657869428396225,-0.06638535112142563,-0.1495603322982788,0.15826623141765594,-0.6269620656967163,-0.39108335971832275,0.21122704446315765,-0.7252569794654846,0.36290907859802246,0.181967094540596,-0.3247578740119934
1749033601.1304133,0.34571754932403564,-1.7883345089354457,1.1578086058246058,1.6521407800861816,-1.1066888014422815,0.10152803361415863,-0.08851658552885056,0.06425723433494568,-0.0663813054561615,-0.14815859496593475,0.15456221997737885,-0.6245966553688049,-0.3983595371246338,0.2196272313594818,-0.7395943999290466,0.3430479168891907,0.1747668981552124,-0.32813721895217896
1749033601.1304622,0.34557580947875977,-1.7881280384459437,1.1576569716082972,1.6518627840229492,-1.106377903615133,0.10030148178339005,-0.08649976551532745,0.06501989811658859,-0.07011916488409042,-0.1508227437734604,0.15419112145900726,-0.6241920590400696,-0.42580094933509827,0.20916779339313507,-0.7104532122612,0.3516269326210022,0.18649272620677948,-0.3568250834941864
1749033601.130513,0.34538185596466064,-1.7880341015257777,1.1575449148761194,1.6515661913105468,-1.1060426870929163,0.09909071773290634,-0.09015757590532303,0.06556632369756699,-0.06633663922548294,-0.14797678589820862,0.15896208584308624,-0.6251322627067566,-0.3826320767402649,0.2340972125530243,-0.7161105275154114,0.3724055886268616,0.1746353656053543,-0.2978697717189789
1749033601.1305518,0.3452019691467285,-1.7878943882384242,1.1574094931231897,1.6512784200855712,-1.1057537237750452,0.09779229015111923,-0.08714041113853455,0.06566701829433441,-0.06567198783159256,-0.14601759612560272,0.1555071920156479,-0.6273537874221802,-0.4258837401866913,0.2366689145565033,-0.7585985660552979,0.3695565462112427,0.17480258643627167,-0.3460601270198822
1749033601.1305892,0.3450222313404083,-1.7877470455565394,1.1572583357440394,1.650965376491211,-1.1053851286517542,0.09656465798616409,-0.08907229453325272,0.06589746475219727,-0.06515029817819595,-0.14513765275478363,0.1566505879163742,-0.6290541291236877,-0.41702762246131897,0.2117646336555481,-0.7437849044799805,0.3660612106323242,0.15455064177513123,-0.3400101065635681
1749033601.1306272,0.3448309600353241,-1.787633558312887,1.1571648756610315,1.650622768993042,-1.105065647755758,0.09533540159463882,-0.08796442300081253,0.06560615450143814,-0.06520097702741623,-0.14472097158432007,0.15755905210971832,-0.6312962770462036,-0.40137335658073425,0.2091234177350998,-0.7527297735214233,0.3690388798713684,0.15559130907058716,-0.31058844923973083
1749033601.1306674,0.34469759464263916,-1.787520547906393,1.1570642630206507,1.6503304678150634,-1.1048043409930628,0.09404618293046951,-0.08919908851385117,0.06622385233640671,-0.06557014584541321,-0.14292828738689423,0.15477882325649261,-0.6300614476203918,-0.4100567102432251,0.1997557282447815,-0.7561290264129639,0.3577337861061096,0.16585661470890045,-0.30546969175338745
1749033601.130705,0.3445025086402893,-1.78733553508901,1.1568940321551722,1.6500493723103027,-1.1044896284686487,0.09282642602920532,-0.08946716785430908,0.06563706696033478,-0.06576460599899292,-0.14272335171699524,0.15299542248249054,-0.6262969970703125,-0.39970535039901733,0.21851304173469543,-0.7562062740325928,0.36188992857933044,0.14895404875278473,-0.3425726890563965
1749033601.130742,0.344343364238739,-1.7872683010497035,1.1567967573748987,1.6497570711323242,-1.1041472593890589,0.09154398739337921,-0.08972930163145065,0.06689941138029099,-0.06642769277095795,-0.13922840356826782,0.15216952562332153,-0.6258726119995117,-0.37861284613609314,0.21906939148902893,-0.7516420483589172,0.35202839970588684,0.17320890724658966,-0.3293216824531555
1749033601.1307786,0.3441202640533447,-1.7870985470213832,1.156626049672262,1.6494809824177246,-1.1038788000689905,0.09029383957386017,-0.08971326053142548,0.0650923103094101,-0.0665130540728569,-0.1405012160539627,0.1526765525341034,-0.6255329847335815,-0.39497876167297363,0.1913699507713318,-0.7522042989730835,0.31184419989585876,0.17685602605342865,-0.37140586972236633
1749033601.1308286,0.34400343894958496,-1.7869354687132777,1.1565101782428187,1.6492268282124023,-1.103560749684469,0.08906052261590958,-0.08951856940984726,0.0648130252957344,-0.06693094968795776,-0.13919509947299957,0.15351282060146332,-0.6302834153175354,-0.41456928849220276,0.21849240362644196,-0.7601116299629211,0.3590097427368164,0.15218307077884674,-0.3338735103607178
1749033601.1308866,0.34377649426460266,-1.786813875237936,1.1563628355609339,1.6489316660114746,-1.1032922903644007,0.08776242285966873,-0.089630626142025,0.06420908123254776,-0.06732822209596634,-0.13656413555145264,0.1517012119293213,-0.6286235451698303,-0.38388049602508545,0.23094728589057922,-0.7580446600914001,0.30528855323791504,0.1647537797689438,-0.2943083345890045
1749033601.1309476,0.34377649426460266,-1.786813875237936,1.1563628355609339,1.6489316660114746,-1.1032922903644007,0.08776242285966873,-0.089630626142025,0.06420908123254776,-0.06732822209596634,-0.13656413555145264,0.1517012119293213,-0.6286235451698303,-0.38388049602508545,0.23094728589057922,-0.7580446600914001,0.30528855323791504,0.1647537797689438,-0.2943083345890045
1749033601.1310081,0.34363558888435364,-1.786698957482809,1.1562264601336878,1.6486551004597167,-1.102980915700094,0.08651859313249588,-0.08719351142644882,0.06499812752008438,-0.06897855550050735,-0.14004847407341003,0.15505298972129822,-0.6273722052574158,-0.40758830308914185,0.2216646373271942,-0.7376419305801392,0.2909133732318878,0.15939439833164215,-0.3321910798549652
1749033601.1310735,0.3432842493057251,-1.786447664300436,1.1559508482562464,1.6481029230305175,-1.1023553053485315,0.08403009921312332,-0.08762948960065842,0.0654970183968544,-0.06745649129152298,-0.13849078118801117,0.15474717319011688,-0.6219411492347717,-0.39310547709465027,0.22557973861694336,-0.7235687971115112,0.3081507086753845,0.16722406446933746,-0.35172227025032043
1749033601.1311328,0.34307414293289185,-1.786347051660055,1.1557868162738245,1.6478418546864013,-1.1020620504962366,0.08278271555900574,-0.08667308837175369,0.06540170311927795,-0.07006575167179108,-0.14159449934959412,0.15472623705863953,-0.6258330941200256,-0.45916593074798584,0.2303837239742279,-0.6998096704483032,0.2835524082183838,0.16202908754348755,-0.42344069480895996
1749033601.1312003,0.3429027497768402,-1.7861892185606898,1.155659023915426,1.6475660043903808,-1.1017745176898401,0.08154278993606567,-0.09072624891996384,0.06547686457633972,-0.06699084490537643,-0.14269134402275085,0.1556355357170105,-0.6321743726730347,-0.3904277980327606,0.24592581391334534,-0.7218093276023865,0.2691328823566437,0.17947807908058167,-0.3742506802082062
1749033601.131716,0.34276577830314636,-1.7860690555968226,1.1555150190936487,1.647289438838623,-1.1013925711261194,0.08026444166898727,-0.08928193151950836,0.06690753996372223,-0.06668849289417267,-0.14554405212402344,0.15719850361347198,-0.6323491334915161,-0.4404636323451996,0.2655503749847412,-0.7336602807044983,0.2852662205696106,0.17037497460842133,-0.36158326268196106
1749033601.133668,0.3425242006778717,-1.7859331570067347,1.1553557554828089,1.646982117290161,-1.1011102835284632,0.07899491488933563,-0.09154757112264633,0.06753253191709518,-0.07004529982805252,-0.1472698301076889,0.15687647461891174,-0.6311811208724976,-0.34690845012664795,0.1407221108675003,-0.7050378918647766,0.30033349990844727,0.14556659758090973,-0.2929959297180176
1749033601.1742966,0.34239500761032104,-1.7857982120909632,1.1552236715899866,1.646681233043335,-1.1008027235614222,0.07775800675153732,-0.0889698788523674,0.062029894441366196,-0.06750371307134628,-0.1480046957731247,0.15492793917655945,-0.6266552805900574,-0.33385616540908813,0.20935922861099243,-0.6954169869422913,0.3371943235397339,0.12363716959953308,-0.25697124004364014
1749033601.1743433,0.342214971780777,-1.7857309780516566,1.1551078001605433,1.6464006143757324,-1.1005342642413538,0.07654456794261932,-0.08503858000040054,0.059848472476005554,-0.06710947304964066,-0.14582112431526184,0.1511828750371933,-0.6182066202163696,-0.3832407593727112,0.2427399903535843,-0.7045255899429321,0.31651100516319275,0.1451723277568817,-0.3363240659236908
1749033601.1743846,0.3420040011405945,-1.7855712376036585,1.1549485365497034,1.6460844713398437,-1.1002071539508265,0.075307697057724,-0.08641967922449112,0.06280817091464996,-0.06772986799478531,-0.1458800882101059,0.1476641297340393,-0.6183426380157471,-0.3574885129928589,0.21394914388656616,-0.685610294342041,0.31600651144981384,0.15660437941551208,-0.3024652600288391
1749033601.1744242,0.3418436646461487,-1.7854634724059046,1.1548507849322718,1.6457997995563964,-1.0999458471881312,0.0740252211689949,-0.08670062571763992,0.06090284883975983,-0.06732840836048126,-0.14750120043754578,0.1514744758605957,-0.6142453551292419,-0.43756502866744995,0.2904598116874695,-0.691908597946167,0.33776384592056274,0.17981985211372375,-0.3714955151081085
1749033601.1744633,0.34164461493492126,-1.7852760754027308,1.1547430197345179,1.6454834181019287,-1.099631134663717,0.072822704911232,-0.08887714147567749,0.06550886482000351,-0.06637245416641235,-0.14607886970043182,0.15125608444213867,-0.616101086139679,-0.4105747640132904,0.3043385446071625,-0.7014333009719849,0.3071959316730499,0.1573375165462494,-0.4188556671142578
1749033601.1745021,0.34153470396995544,-1.7851835689940394,1.1546114126788538,1.645176573390625,-1.0993402639972132,0.07154981046915054,-0.08927617222070694,0.06765136122703552,-0.06553259491920471,-0.14691931009292603,0.1529679000377655,-0.6210155487060547,-0.3983009457588196,0.25589361786842346,-0.6948031187057495,0.31219202280044556,0.18203529715538025,-0.38807544112205505
1749033601.1745408,0.3413480520248413,-1.785032411614889,1.1544602552997034,1.6448945242115478,-1.099001709614889,0.07035326212644577,-0.08836651593446732,0.06951529532670975,-0.06521904468536377,-0.15069203078746796,0.15687894821166992,-0.6237583160400391,-0.3988725244998932,0.21512138843536377,-0.692800760269165,0.3539533019065857,0.15255960822105408,-0.3708914518356323
1749033601.1745791,0.3411453664302826,-1.7848950825133265,1.1543563047992151,1.6446103292652587,-1.0986865202533167,0.06907644867897034,-0.09144327789545059,0.06720160692930222,-0.06510472297668457,-0.14630283415317535,0.15449436008930206,-0.6263837814331055,-0.3413170278072357,0.2153167724609375,-0.6988807916641235,0.3461143970489502,0.17080819606781006,-0.37852489948272705
1749033601.1746168,0.3409658968448639,-1.784802099267477,1.1542003790484827,1.6442906099506835,-1.0983942190753382,0.06783214956521988,-0.08778250962495804,0.06971001625061035,-0.06540721654891968,-0.14576289057731628,0.1551903784275055,-0.6323778629302979,-0.40381214022636414,0.19095909595489502,-0.7133156061172485,0.34307655692100525,0.1599792242050171,-0.3093423545360565
1749033601.174654,0.34077396988868713,-1.7846271000304164,1.1540644804583948,1.6440221506306152,-1.098065201436178,0.06654291599988937,-0.09073123335838318,0.06503209471702576,-0.06486842036247253,-0.14445465803146362,0.1541265994310379,-0.6297453045845032,-0.3585902452468872,0.23958581686019897,-0.7278376817703247,0.3258885145187378,0.179141566157341,-0.30762389302253723
1749033601.1746943,0.3406842350959778,-1.7845193348326625,1.1539328734027308,1.6437417703815917,-1.097790543233053,0.06531331688165665,-0.08541316539049149,0.06403089314699173,-0.068342424929142,-0.1435515582561493,0.15476736426353455,-0.6293148398399353,-0.4181356132030487,0.2429409623146057,-0.7032679915428162,0.2982649803161621,0.17342542111873627,-0.3101869821548462
1749033601.174732,0.34047695994377136,-1.7843629322447718,1.1538198629962366,1.6434847551533203,-1.0974529425250452,0.06409578025341034,-0.08789622783660889,0.06696783006191254,-0.06706375628709793,-0.1438690721988678,0.1556420624256134,-0.6243166327476501,-0.41878199577331543,0.2493065446615219,-0.6874842643737793,0.29730546474456787,0.1469595730304718,-0.30156031250953674
1749033601.1747694,0.3402935564517975,-1.7842427692809046,1.1536572615252894,1.6431891161152343,-1.0971525351153772,0.06279171258211136,-0.08891341835260391,0.06452326476573944,-0.06544405221939087,-0.1443653553724289,0.1559540182352066,-0.6245119571685791,-0.3834012746810913,0.2357557713985443,-0.7188208103179932,0.29433926939964294,0.1516086757183075,-0.3771648705005646
1749033601.1748066,0.3401069641113281,-1.7841140232481898,1.1535409132586878,1.6429166036793212,-1.0967872778521937,0.061557915061712265,-0.0892205685377121,0.06551803648471832,-0.06761091202497482,-0.1457635909318924,0.15732848644256592,-0.6290226578712463,-0.40418684482574463,0.27500003576278687,-0.7079134583473206,0.29509973526000977,0.1323091685771942,-0.3522055745124817
1749033601.174843,0.33994269371032715,-1.7840024433531703,1.153416935597555,1.6425809103199462,-1.0965035597430628,0.0603046640753746,-0.08985798060894012,0.06635391712188721,-0.06725926697254181,-0.14904329180717468,0.15530188381671906,-0.6299548149108887,-0.3924219012260437,0.23463311791419983,-0.6934118270874023,0.29626670479774475,0.134921133518219,-0.3059614598751068
1749033601.1748803,0.339728444814682,-1.7838856182494105,1.1532576719867151,1.642343206996582,-1.0962184111224573,0.0590444840490818,-0.08987059444189072,0.06635061651468277,-0.06480226665735245,-0.1476978063583374,0.15878711640834808,-0.6292322874069214,-0.3741823434829712,0.24956515431404114,-0.7291600704193115,0.3057291507720947,0.10793858766555786,-0.33720695972442627
1749033601.174917,0.3395296335220337,-1.7837230167784632,1.1531608740436,1.6420361238666992,-1.0959036985980433,0.05778026208281517,-0.08945608884096146,0.06702203303575516,-0.06613767892122269,-0.14585717022418976,0.15712900459766388,-0.6301023364067078,-0.36388081312179565,0.25812435150146484,-0.7102057933807373,0.28965556621551514,0.10335700213909149,-0.31574735045433044
1749033601.1749532,0.3394193649291992,-1.7836066685118617,1.1530287901507776,1.6417278486439209,-1.0955775419818323,0.05650025233626366,-0.09057381004095078,0.06731809675693512,-0.06681742519140244,-0.15147095918655396,0.15619152784347534,-0.6275041699409485,-0.41165274381637573,0.23636199533939362,-0.7094807028770447,0.3015705943107605,0.13401564955711365,-0.33891940116882324
1749033601.17499,0.3391944169998169,-1.7834307156004847,1.1528776327716272,1.641427918071411,-1.0953667799579065,0.055246300995349884,-0.08900310099124908,0.06742561608552933,-0.06675437837839127,-0.14745362102985382,0.1551041603088379,-0.6288835406303406,-0.37916046380996704,0.23667584359645844,-0.7169707417488098,0.3026534914970398,0.09943503141403198,-0.35502922534942627
1749033601.1750262,0.33900249004364014,-1.783367773095602,1.1527422110186976,1.6411349016376953,-1.094990078602926,0.05397813022136688,-0.08885925263166428,0.06816259771585464,-0.06773899495601654,-0.1493532508611679,0.15351951122283936,-0.6308656930923462,-0.4231250584125519,0.23289626836776733,-0.6985861659049988,0.30785349011421204,0.1409195065498352,-0.34384453296661377
1749033601.1756399,0.33883053064346313,-1.783201356927389,1.152625862752096,1.6408507066914062,-1.094693962727682,0.052697740495204926,-0.0925641804933548,0.06814775615930557,-0.06761383265256882,-0.1501413881778717,0.15365943312644958,-0.6313428282737732,-0.35785216093063354,0.24859283864498138,-0.7173017263412476,0.30796095728874207,0.14050985872745514,-0.3457329273223877
1749033601.1776404,0.33864572644233704,-1.7830497227110804,1.1524861494647425,1.6405374246784667,-1.094391171132223,0.05139908939599991,-0.08982551097869873,0.06877075135707855,-0.06746408343315125,-0.15135204792022705,0.15391573309898376,-0.630206286907196,-0.3836684226989746,0.20273546874523163,-0.7053467631340027,0.34202685952186584,0.14820383489131927,-0.33956173062324524
1749033601.2182972,0.3384433686733246,-1.7829557857909144,1.152346436177389,1.640202446574829,-1.0940631071673792,0.050221845507621765,-0.08934641629457474,0.06695743650197983,-0.06730283796787262,-0.1492992639541626,0.15379923582077026,-0.6293161511421204,-0.41160857677459717,0.24971309304237366,-0.7187593579292297,0.3055456280708313,0.14944283664226532,-0.34910792112350464
1749033601.2183452,0.33827582001686096,-1.7828203640379847,1.1522377173053187,1.6399056154438476,-1.0937255064593714,0.04886607453227043,-0.09011857956647873,0.06704453378915787,-0.06719975173473358,-0.14985959231853485,0.1556350439786911,-0.6302569508552551,-0.36766406893730164,0.25169089436531067,-0.7114877700805664,0.34078335762023926,0.1471633017063141,-0.3686935603618622
1749033601.2183864,0.3381534218788147,-1.7826725445189417,1.1520937124835413,1.6396519380756835,-1.0934370199786585,0.047675058245658875,-0.08887019753456116,0.06704557687044144,-0.0667632520198822,-0.14793246984481812,0.15475311875343323,-0.6307737231254578,-0.35800838470458984,0.2531300485134125,-0.7087357640266418,0.2997483015060425,0.13938072323799133,-0.3496205508708954
1749033601.2184439,0.3379320502281189,-1.7825061283507289,1.151954476033346,1.6393210130878906,-1.0931304136859339,0.04644392803311348,-0.08787225931882858,0.06729626655578613,-0.06623139977455139,-0.14778320491313934,0.15387338399887085,-0.6294901371002197,-0.3904385268688202,0.2303471714258194,-0.7239286303520203,0.3113366961479187,0.1314505636692047,-0.3158198893070221
1749033601.2184882,0.3377906084060669,-1.782415052453512,1.1518381277667444,1.6390444475361328,-1.0927918593036097,0.045149918645620346,-0.08826585114002228,0.06692393869161606,-0.06692281365394592,-0.1458699107170105,0.1567935049533844,-0.6296499371528625,-0.3841920793056488,0.2488468885421753,-0.7337586283683777,0.2717503607273102,0.11382079124450684,-0.3644983768463135
1749033601.218527,0.33756089210510254,-1.7822371921935023,1.1517298857318323,1.6387683588215332,-1.0924723784076136,0.04393688216805458,-0.08936885744333267,0.06866051256656647,-0.06771352142095566,-0.14834673702716827,0.1535486876964569,-0.6317079663276672,-0.3660716414451599,0.2429792433977127,-0.7078338861465454,0.2974340617656708,0.12702538073062897,-0.3489639461040497
1749033601.2185643,0.3374170660972595,-1.7821203670897425,1.1515868345843714,1.6384636598774414,-1.0921910444842737,0.0426047220826149,-0.08937535434961319,0.06847766041755676,-0.06554927676916122,-0.14401370286941528,0.1549081951379776,-0.6324617862701416,-0.3482484221458435,0.2229834496974945,-0.7288163304328918,0.26673468947410583,0.13650977611541748,-0.338370144367218
1749033601.2186058,0.3372408449649811,-1.781980653802389,1.1514552275287073,1.6381673055836181,-1.0918424765216272,0.04135826230049133,-0.0889350026845932,0.06858646869659424,-0.0661977231502533,-0.1456347405910492,0.15478670597076416,-0.6337078809738159,-0.35189735889434814,0.22290869057178497,-0.7420161366462708,0.26021137833595276,0.11946432292461395,-0.3655192255973816
1749033601.2186437,0.33703863620758057,-1.7818213901915492,1.1513193289386194,1.6378752428242187,-1.091522518788473,0.040106844156980515,-0.09082205593585968,0.06772277504205704,-0.06900189816951752,-0.14662779867649078,0.1528134047985077,-0.6339817047119141,-0.3389809727668762,0.21438275277614594,-0.7177704572677612,0.27133044600486755,0.1291649490594864,-0.32881462574005127
1749033601.2186818,0.33688509464263916,-1.7817465267577113,1.1511715094195765,1.6375791269489746,-1.0912578741656702,0.03881155699491501,-0.08750227838754654,0.06607552617788315,-0.06619129329919815,-0.1458980143070221,0.15235523879528046,-0.6335253715515137,-0.3816237449645996,0.24991124868392944,-0.7224543690681458,0.26974523067474365,0.11981771886348724,-0.3333299160003662
1749033601.2187192,0.3366985321044922,-1.7815920315184535,1.151031796132223,1.6372780042835693,-1.0909307638751429,0.03755772486329079,-0.08839231729507446,0.06817968934774399,-0.06699586659669876,-0.1482359915971756,0.15308037400245667,-0.631263256072998,-0.3896273672580719,0.21861180663108826,-0.7415454983711243,0.29343974590301514,0.13740165531635284,-0.3390350639820099
1749033601.2187595,0.3366985321044922,-1.7815920315184535,1.151031796132223,1.6372780042835693,-1.0909307638751429,0.03755772486329079,-0.08839231729507446,0.06817968934774399,-0.06699586659669876,-0.1482359915971756,0.15308037400245667,-0.631263256072998,-0.3896273672580719,0.21861180663108826,-0.7415454983711243,0.29343974590301514,0.13740165531635284,-0.3390350639820099
1749033601.2187972,0.3363805413246155,-1.781281133691305,1.1507681051837366,1.6366533476063232,-1.090252701436178,0.03508907929062843,-0.08892612904310226,0.0656425803899765,-0.06836201995611191,-0.1496354043483734,0.15260769426822662,-0.632994532585144,-0.3951023817062378,0.2671310305595398,-0.7153143286705017,0.31360822916030884,0.11101431399583817,-0.35114771127700806
1749033601.2188337,0.336174875497818,-1.7811714611449183,1.1506331602679651,1.6363691526600341,-1.089945141469137,0.03377486765384674,-0.08952607959508896,0.06927890330553055,-0.06741201877593994,-0.14845353364944458,0.15446336567401886,-0.635157585144043,-0.378924161195755,0.21003347635269165,-0.7415123581886292,0.3098750114440918,0.0820796862244606,-0.3206216096878052
1749033601.2188709,0.33603817224502563,-1.781032224694723,1.1505478064166468,1.636021538371704,-1.0896132628070276,0.03249756619334221,-0.08927679806947708,0.06722882390022278,-0.06630703806877136,-0.14675039052963257,0.15056128799915314,-0.6340032815933228,-0.36074352264404297,0.2360280305147171,-0.7495108246803284,0.2991456389427185,0.10893025994300842,-0.295324444770813
1749033601.218912,0.3358467221260071,-1.7808996639647425,1.1503689924823206,1.635755940074585,-1.089289967213766,0.031251996755599976,-0.09004886448383331,0.06728130578994751,-0.06684818118810654,-0.14930713176727295,0.15302643179893494,-0.6322738528251648,-0.397656112909317,0.3056929111480713,-0.7233408093452454,0.261147677898407,0.11120930314064026,-0.41264358162879944
1749033601.2189507,0.3356476426124573,-1.7807747326292933,1.1502288023578089,1.6354212003895263,-1.0890262762652796,0.029980111867189407,-0.0915154218673706,0.06828859448432922,-0.0667722225189209,-0.1485302746295929,0.15262657403945923,-0.63491290807724,-0.34742045402526855,0.2554154694080353,-0.7553613185882568,0.3037993907928467,0.06450226902961731,-0.31426578760147095
1749033601.218988,0.3354598879814148,-1.7806440792479457,1.1501134077655237,1.6351710993000488,-1.0887377897845667,0.02872316539287567,-0.08907438814640045,0.07042616605758667,-0.06770850718021393,-0.14737455546855927,0.1490841805934906,-0.6343249082565308,-0.3578547239303589,0.21030408143997192,-0.7442741394042969,0.312840074300766,0.08142752945423126,-0.3321663737297058
1749033601.2190251,0.33528006076812744,-1.7804762325682582,1.1499655882464808,1.6348675924488525,-1.0884555021869105,0.02745755761861801,-0.08952496945858002,0.06590481847524643,-0.0685630589723587,-0.14910738170146942,0.14867453277111053,-0.6350046396255493,-0.400674432516098,0.23698972165584564,-0.7261228561401367,0.3108974099159241,0.11062906682491302,-0.33523795008659363
1749033601.2190654,0.33510857820510864,-1.7803784809508265,1.1498492399798792,1.6345910268970947,-1.0881989637957972,0.026179945096373558,-0.08658816665410995,0.06452739983797073,-0.06884556263685226,-0.143851637840271,0.1468759924173355,-0.6354037523269653,-0.3916788697242737,0.26719772815704346,-0.7216874361038208,0.30276721715927124,0.12039704620838165,-0.3002963364124298
1749033601.21966,0.33497586846351624,-1.7802378139891566,1.1496780554400843,1.6343096929737548,-1.087884251271383,0.024892261251807213,-0.08774816989898682,0.0675368458032608,-0.06984291225671768,-0.14266972243785858,0.14704051613807678,-0.630833089351654,-0.42228683829307556,0.2334737479686737,-0.6926968693733215,0.2838994562625885,0.15232062339782715,-0.3418833911418915
1749033601.2216382,0.33476999402046204,-1.7801348171629847,1.1495702902423304,1.6340147691914062,-1.0876053015338343,0.023630203679203987,-0.08979585766792297,0.06777442991733551,-0.06817908585071564,-0.14337046444416046,0.14859537780284882,-0.6270331144332886,-0.3426041901111603,0.20489178597927094,-0.730936586856842,0.2813321352005005,0.1456732451915741,-0.335200697183609
1749033601.262297,0.3345787525177002,-1.7799936733641566,1.1493986288653772,1.6337188917347412,-1.0873130003558558,0.022377805784344673,-0.08835388720035553,0.06500236690044403,-0.0675155371427536,-0.1432100534439087,0.14923132956027985,-0.6249008178710938,-0.40020671486854553,0.2765849232673645,-0.7315577268600464,0.28777891397476196,0.16693370044231415,-0.3499388098716736
1749033601.262343,0.3344249725341797,-1.7798496685423792,1.149313751851217,1.633415861720703,-1.0869796911822718,0.021152731031179428,-0.08891989290714264,0.06685429811477661,-0.07129333168268204,-0.14445950090885162,0.15123893320560455,-0.6235247850418091,-0.3884085416793823,0.264046311378479,-0.6946478486061096,0.2628498077392578,0.1759660542011261,-0.38306188583374023
1749033601.2623847,0.33425000309944153,-1.7796832523741664,1.1491668860064905,1.6331617075153808,-1.0866792837726038,0.019848497584462166,-0.08938364684581757,0.06804493069648743,-0.0680304691195488,-0.14617320895195007,0.1535344123840332,-0.628248929977417,-0.3804818391799927,0.2551501393318176,-0.7165168523788452,0.25140243768692017,0.1424126923084259,-0.3588414192199707
1749033601.2624242,0.33402419090270996,-1.7795888386168421,1.1490071455584925,1.6328460413166503,-1.086390797291891,0.018605390563607216,-0.08899099379777908,0.0676879957318306,-0.06842643767595291,-0.14674636721611023,0.15501004457473755,-0.6283026337623596,-0.39152055978775024,0.22588369250297546,-0.7165651917457581,0.28549039363861084,0.14949823915958405,-0.3266316056251526
1749033601.2624624,0.3339301645755768,-1.7794529400267542,1.1488636175738733,1.6325570779987792,-1.0860722700702112,0.017325159162282944,-0.08862476795911789,0.06742271780967712,-0.06871004402637482,-0.14716830849647522,0.15655721724033356,-0.6253519654273987,-0.36918455362319946,0.23668143153190613,-0.7146127820014954,0.27400755882263184,0.14324072003364563,-0.35132768750190735
1749033601.2625005,0.33375784754753113,-1.779302259484762,1.148731533681051,1.6322695451923828,-1.08569842973818,0.016103768721222878,-0.0888328105211258,0.06869693100452423,-0.06797095388174057,-0.14526495337486267,0.16044659912586212,-0.6252529621124268,-0.38670051097869873,0.23846879601478577,-0.7152784466743469,0.26934462785720825,0.09498241543769836,-0.3387902081012726
1749033601.2625384,0.3335040509700775,-1.7792078457274378,1.1485961119281214,1.6319963175007324,-1.0854457060443323,0.014890545047819614,-0.08964968472719193,0.06687674671411514,-0.06777457147836685,-0.14603324234485626,0.15614648163318634,-0.6221254467964172,-0.41420575976371765,0.2512587010860443,-0.7178469896316528,0.22870095074176788,0.11700400710105896,-0.3783583641052246
1749033601.2625759,0.3333126902580261,-1.7790194950499476,1.1484721342669886,1.6316966253468017,-1.0851295630084437,0.01362207904458046,-0.08903998881578445,0.06746510416269302,-0.06826065480709076,-0.14793436229228973,0.15833055973052979,-0.6284589171409607,-0.3884635865688324,0.2598350942134857,-0.7076177597045898,0.2684338390827179,0.1328020840883255,-0.40877482295036316
1749033601.262613,0.3331841826438904,-1.7788974247374476,1.1483519713031214,1.6313726144978027,-1.0847871939288538,0.012322278693318367,-0.08863280713558197,0.06728259474039078,-0.06820449233055115,-0.1469011902809143,0.1570003777742386,-0.6344814300537109,-0.3902762532234192,0.27364876866340637,-0.699494481086731,0.256108820438385,0.09451340138912201,-0.33824384212493896
1749033601.2626503,0.33298906683921814,-1.7788034878172816,1.1482203642474573,1.6310884195515136,-1.084484879170553,0.011056875810027122,-0.08710717409849167,0.06702341139316559,-0.06851905584335327,-0.1501975804567337,0.15494585037231445,-0.6321622729301453,-0.4035898447036743,0.23481108248233795,-0.7056289315223694,0.2549927830696106,0.12061573565006256,-0.3109980523586273
1749033601.2626913,0.3328356146812439,-1.7786556682982386,1.1480887571917933,1.6308037477680664,-1.0841687361346644,0.009795626625418663,-0.08944171667098999,0.06680680066347122,-0.06838063895702362,-0.15093287825584412,0.15496774017810822,-0.6308925151824951,-0.3940120041370392,0.2635876536369324,-0.6979570388793945,0.3049587607383728,0.12040591239929199,-0.3310110867023468
1749033601.2627294,0.33263662457466125,-1.7784892521300257,1.1479643026935022,1.6305157381245117,-1.0838292280780237,0.008517755195498466,-0.08668111264705658,0.06692177057266235,-0.068516306579113,-0.14953827857971191,0.15610750019550323,-0.6301726698875427,-0.41145947575569153,0.2410946637392044,-0.6817049384117126,0.3236960172653198,0.11084306240081787,-0.3288753628730774
1749033601.2627661,0.33248472213745117,-1.778372427026266,1.1478212515460413,1.6302193838306884,-1.0835145155536097,0.007281185127794743,-0.09112448990345001,0.06638197600841522,-0.06778868287801743,-0.14895972609519958,0.1535310596227646,-0.6289238333702087,-0.3791292905807495,0.23297186195850372,-0.7112452983856201,0.28245678544044495,0.11801765859127045,-0.35540899634361267
1749033601.2628024,0.33228951692581177,-1.7782088718810023,1.147700611745016,1.62991110860791,-1.0832188765155237,0.006061722058802843,-0.08616691827774048,0.0666574016213417,-0.07063103467226028,-0.14996390044689178,0.15610907971858978,-0.6304467916488647,-0.3919018805027008,0.23138681054115295,-0.6804958581924438,0.2798420786857605,0.08802542090415955,-0.3202676773071289
1749033601.262839,0.3320787250995636,-1.778104921380514,1.1475499312030237,1.6296223837086181,-1.0829208532916468,0.004782408010214567,-0.08715028315782547,0.0663432627916336,-0.06811517477035522,-0.15092964470386505,0.1529131978750229,-0.6309857964515686,-0.41785579919815063,0.26338306069374084,-0.684327244758606,0.27944010496139526,0.12548352777957916,-0.33749067783355713
1749033601.2628756,0.33192315697669983,-1.7779599628844203,1.1473987738238733,1.629310055369995,-1.0826213995562952,0.003524597268551588,-0.08870702981948853,0.06713027507066727,-0.06681612879037857,-0.14922671020030975,0.150697723031044,-0.6307997703552246,-0.400431752204895,0.2503487765789032,-0.7132351398468018,0.26260167360305786,0.14023445546627045,-0.35562190413475037
1749033601.262912,0.3317350149154663,-1.7778040371336878,1.1472862402545374,1.6290132242390136,-1.0823257605182093,0.002285492140799761,-0.08862241357564926,0.07088969647884369,-0.06869471073150635,-0.15366676449775696,0.15389710664749146,-0.6326388120651245,-0.38000553846359253,0.20931091904640198,-0.6950636506080627,0.29862624406814575,0.11370168626308441,-0.3306680917739868
1749033601.2629488,0.33155539631843567,-1.7776600323119105,1.147153679524557,1.6287247377583007,-1.0820072332965296,0.000988444546237588,-0.08760572224855423,0.06719283014535904,-0.0674637034535408,-0.14933615922927856,0.1514928787946701,-0.6299029588699341,-0.37995073199272156,0.23224399983882904,-0.704606294631958,0.2837861478328705,0.13342119753360748,-0.33851200342178345
1749033601.2629852,0.33140650391578674,-1.7775584659972132,1.1469910780536097,1.6284405428120117,-1.0817425886737269,-0.00026780763734990387,-0.08687186241149902,0.06583783030509949,-0.06658735126256943,-0.1467280238866806,0.15080326795578003,-0.6310077905654907,-0.40138545632362366,0.2678340971469879,-0.7236120700836182,0.27200913429260254,0.1102333813905716,-0.34633100032806396
1749033601.2630217,0.33121994137763977,-1.7774106464781703,1.146890942250387,1.6281639772602539,-1.0814240614520472,-0.001462284718648732,-0.08722520619630814,0.06980368494987488,-0.06722570210695267,-0.15026460587978363,0.15048064291477203,-0.6344121098518372,-0.4051830768585205,0.2095043957233429,-0.7072980403900146,0.2962358593940735,0.15301743149757385,-0.28579574823379517
1749033601.263677,0.33102816343307495,-1.7773033581175746,1.146743122731344,1.6278669077106933,-1.0811198393451136,-0.00278646150697881,-0.08634151518344879,0.06581220775842667,-0.06665203720331192,-0.14852826297283173,0.15151597559452057,-0.6292959451675415,-0.35838574171066284,0.20429150760173798,-0.7005079984664917,0.28067663311958313,0.1436925232410431,-0.3113773465156555
1749033601.2656236,0.330822616815567,-1.7771502933897914,1.1466463247882288,1.6275600629993896,-1.080820385609762,-0.004026714955465138,-0.08538772165775299,0.06633268296718597,-0.06650587916374207,-0.14998894929885864,0.15243031084537506,-0.6265660524368286,-0.41473037004470825,0.2437272071838379,-0.7132812738418579,0.28563642501831055,0.13352376222610474,-0.3318926692008972
1749033601.3103487,0.3306463658809662,-1.777011056939596,1.1464880148517054,1.627255840892456,-1.0805328528033655,-0.005282227193013966,-0.0882757380604744,0.06745519489049911,-0.06640967726707458,-0.15167836844921112,0.15422700345516205,-0.6255767941474915,-0.3440365791320801,0.2479943335056305,-0.7218977212905884,0.2964901328086853,0.11584701389074326,-0.3247130513191223
1749033601.3103964,0.3305441737174988,-1.7768928013243617,1.1463678518878382,1.6269430357166748,-1.0802372137652796,-0.006528679524556935,-0.08478806912899017,0.06813784688711166,-0.06581200659275055,-0.151516392827034,0.15335847437381744,-0.622672975063324,-0.4385257363319397,0.2330608069896698,-0.7383725047111511,0.30746614933013916,0.13890483975410461,-0.39786064624786377
1749033601.3104377,0.3303574323654175,-1.7767816982665003,1.146212402974264,1.6266514497944335,-1.0799115339862269,-0.0077775160418909195,-0.08640101552009583,0.06767653673887253,-0.06702307611703873,-0.14996135234832764,0.1534470021724701,-0.6252930164337158,-0.4243682026863098,0.201894611120224,-0.7216973304748535,0.3121519684791565,0.13926143944263458,-0.35844749212265015
1749033601.3104768,0.3301694095134735,-1.776595254937643,1.146092716847555,1.6263701158710937,-1.0796006361590784,-0.009075943623678029,-0.08815714716911316,0.06755012273788452,-0.06659351289272308,-0.14733238518238068,0.1532425433397293,-0.627160370349884,-0.38204047083854675,0.22993317246437073,-0.7310227751731873,0.29870498180389404,0.13835275173187256,-0.3472195267677307
1749033601.3105152,0.32999473810195923,-1.7764436207213343,1.1459720770465296,1.6260623174854736,-1.0792806784259241,-0.010301891957418263,-0.08663099259138107,0.06817002594470978,-0.06641623377799988,-0.14670196175575256,0.15256382524967194,-0.6257869601249695,-0.41890615224838257,0.2282719612121582,-0.7242629528045654,0.293268084526062,0.14115789532661438,-0.37304672598838806
1749033601.3105578,0.32979947328567505,-1.776342054406637,1.1458280722247522,1.6257812219807128,-1.0789926687823694,-0.011554543172017873,-0.08844586461782455,0.06903666257858276,-0.06691720336675644,-0.14725016057491302,0.15367430448532104,-0.6263183951377869,-0.3998234272003174,0.1874852478504181,-0.7223678827285767,0.28135615587234497,0.1511276811361313,-0.34156566858291626
1749033601.3106024,0.3296470046043396,-1.7762013874449671,1.1456812063800257,1.625457449550293,-1.0786965529071253,-0.012801949177877248,-0.08869611471891403,0.0672440379858017,-0.06810075789690018,-0.1479661762714386,0.15471215546131134,-0.6269964575767517,-0.39870572090148926,0.23393529653549194,-0.7057323455810547,0.2956759035587311,0.15013840794563293,-0.3713528513908386
1749033601.3106403,0.32948681712150574,-1.7760654888548792,1.1455453077899378,1.6251727777668457,-1.0783560911761683,-0.014039341603414357,-0.08828876167535782,0.06727216392755508,-0.06500816345214844,-0.14713186025619507,0.15178349614143372,-0.628887414932251,-0.38840144872665405,0.24684849381446838,-0.7378062605857849,0.28803449869155884,0.1564740240573883,-0.3506777882575989
1749033601.310678,0.32928770780563354,-1.7759300671019496,1.1453827063189905,1.6248692709156494,-1.0780633131610315,-0.015305821095601857,-0.08828261494636536,0.06927961111068726,-0.06513449549674988,-0.15311934053897858,0.15470896661281586,-0.629127025604248,-0.4086514711380005,0.19085760414600372,-0.7489777207374573,0.3346949517726898,0.18076618015766144,-0.31191587448120117
1749033601.3107157,0.32905834913253784,-1.7758051357665003,1.1452859083758753,1.6245691019245605,-1.0777953306781214,-0.0165331999408167,-0.08824077248573303,0.06552426517009735,-0.06767969578504562,-0.15036781132221222,0.15481194853782654,-0.6278882026672363,-0.40568435192108154,0.23822641372680664,-0.7260203957557678,0.3361043334007263,0.15253953635692596,-0.3404824137687683
1749033601.3107526,0.3289165496826172,-1.7756625614561976,1.1451504866229456,1.6242655950733642,-1.077449146901266,-0.017781559620992482,-0.08817468583583832,0.06637796759605408,-0.06482173502445221,-0.15008997917175293,0.15550068020820618,-0.6289217472076416,-0.38984644412994385,0.24960047006607056,-0.7548357844352722,0.32783225178718567,0.1644856482744217,-0.3672661781311035
1749033601.3107896,0.32874923944473267,-1.7755304775633753,1.1450026671039026,1.6239921289631347,-1.0771520773517054,-0.019009892140523732,-0.08712708204984665,0.06668946892023087,-0.06588242202997208,-0.153407484292984,0.15729118883609772,-0.6324216723442078,-0.43061089515686035,0.2020861804485321,-0.7544437646865845,0.3719073534011841,0.13881218433380127,-0.3258289396762848
1749033601.3108268,0.3285694122314453,-1.775416990319723,1.1448939482318323,1.623685045833252,-1.0768492857562464,-0.02032024065126592,-0.09140858799219131,0.06691975891590118,-0.06720598042011261,-0.1485155075788498,0.15908804535865784,-0.6315017938613892,-0.3705071210861206,0.24561700224876404,-0.7464979887008667,0.3248746693134308,0.14722350239753723,-0.38975271582603455
1749033601.3108633,0.3283430337905884,-1.7752992115416468,1.1447585264789026,1.6233820158192138,-1.076498810444967,-0.021584812794820607,-0.08860870450735092,0.06851640343666077,-0.06714525818824768,-0.1471918821334839,0.16143615543842316,-0.6327736377716064,-0.4021367132663727,0.21479418873786926,-0.7510327696800232,0.3414326310157776,0.138111412525177,-0.33678728342056274
1749033601.3108993,0.3282014727592468,-1.775156160394186,1.1445954481707972,1.6230777937122802,-1.0762060324298304,-0.022853676472799123,-0.08856754750013351,0.06608128547668457,-0.0682300552725792,-0.14571523666381836,0.15788625180721283,-0.6318097710609436,-0.431153804063797,0.26178863644599915,-0.7410975098609924,0.32571929693222046,0.11531871557235718,-0.3024383783340454
1749033601.310936,0.3280718922615051,-1.7749964199461878,1.144498650227682,1.622781439418457,-1.0758946577655237,-0.02409536043276006,-0.08615348488092422,0.06666591018438339,-0.06858484447002411,-0.1470458209514618,0.15454141795635223,-0.6318503022193909,-0.3889971673488617,0.2311709225177765,-0.7388045787811279,0.3358127474784851,0.13209190964698792,-0.3241898715496063
1749033601.3109727,0.32784736156463623,-1.7748404941954554,1.1443164984332483,1.6224869924732666,-1.0755332151996058,-0.025383774434224904,-0.08730742335319519,0.06623717397451401,-0.06870536506175995,-0.14456801116466522,0.15839189291000366,-0.6316387057304382,-0.42346590757369995,0.22686690092086792,-0.7127315402030945,0.340853214263916,0.11421020328998566,-0.28886598348617554
1749033601.3110092,0.3276398479938507,-1.7747255764403285,1.1442039648639124,1.622206373805664,-1.0752838293658655,-0.0265887419330042,-0.08730534464120865,0.06570640206336975,-0.0686011090874672,-0.14855757355690002,0.15344084799289703,-0.6300018429756165,-0.4088893532752991,0.21262603998184204,-0.7230805158615112,0.33721399307250977,0.11678992956876755,-0.3117891550064087
1749033601.311046,0.32749873399734497,-1.7746039829649867,1.1440961996661585,1.6219054895588378,-1.0749686400042933,-0.027892891560689748,-0.08674649149179459,0.06572123616933823,-0.06849558651447296,-0.14363029599189758,0.15329135954380035,-0.6308553814888,-0.40932697057724,0.22562269866466522,-0.7346660494804382,0.29932430386543274,0.13556048274040222,-0.3333091735839844
1749033601.3110821,0.32733073830604553,-1.7744370899596156,1.143940273915426,1.6216301160999755,-1.0746849218951624,-0.029158894215719044,-0.08722454309463501,0.06621818989515305,-0.06817380338907242,-0.14270442724227905,0.15331578254699707,-0.6322625875473022,-0.3964170217514038,0.23410138487815857,-0.70557701587677,0.2841746509075165,0.13766774535179138,-0.2741372883319855
1749033601.3111184,0.3271403908729553,-1.7743202648558558,1.1438124815570276,1.621354027385376,-1.0743702093707483,-0.030444924031392873,-0.08639495819807053,0.06651236116886139,-0.06802009046077728,-0.1468058079481125,0.1530013382434845,-0.6288019418716431,-0.4190467596054077,0.2134714275598526,-0.729123592376709,0.323404461145401,0.15449249744415283,-0.29481983184814453
1749033601.3111541,0.32699528336524963,-1.7742229900755824,1.1436532179461878,1.6210505205341796,-1.0740793387042444,-0.031698052083150685,-0.0891813412308693,0.06623139977455139,-0.06699269264936447,-0.14386513829231262,0.15261617302894592,-0.6238874793052673,-0.3404099941253662,0.21705839037895203,-0.7319915294647217,0.3011181354522705,0.15514260530471802,-0.32458171248435974
1749033601.3116615,0.3267929255962372,-1.7740441761412562,1.1435092131244105,1.6207668024250488,-1.0737593809710901,-0.032902065907613576,-0.08813599497079849,0.06689487397670746,-0.0679037794470787,-0.14363132417201996,0.15221169590950012,-0.6230846643447876,-0.42275646328926086,0.2374105453491211,-0.7242440581321716,0.30292150378227234,0.1726878136396408,-0.3355993926525116
1749033601.3136525,0.32658618688583374,-1.7739273510374964,1.143374268208639,1.620478792781494,-1.0734847227679651,-0.03420001665224248,-0.08900579065084457,0.06586258113384247,-0.06684782356023788,-0.14402061700820923,0.15107262134552002,-0.6220511198043823,-0.39709562063217163,0.24391953647136688,-0.715273916721344,0.3171985447406769,0.1942726969718933,-0.375984787940979
1749033601.3543112,0.3264874219894409,-1.7737800083556117,1.1432531515704554,1.620170994395874,-1.0731962362872522,-0.0354536215411585,-0.08590209484100342,0.06699442118406296,-0.06601671129465103,-0.14505499601364136,0.15208959579467773,-0.6266822218894958,-0.409912109375,0.2231520116329193,-0.7380703687667847,0.29672932624816895,0.19380028545856476,-0.30974000692367554
1749033601.354358,0.3262922167778015,-1.773675104180807,1.1430829207049769,1.6198715406605224,-1.072855297719137,-0.03670198122133428,-0.08775384724140167,0.06608923524618149,-0.06601598858833313,-0.1465028077363968,0.15354280173778534,-0.6241342425346375,-0.4017457664012909,0.1961916983127594,-0.7424013614654541,0.32703548669815063,0.17926713824272156,-0.2972598373889923
1749033601.3544052,0.326077938079834,-1.7735349140562953,1.1429670492755335,1.619602842921875,-1.0725443998919886,-0.03796846071352178,-0.0886274129152298,0.06592892855405807,-0.06943456828594208,-0.14589035511016846,0.15500782430171967,-0.6219414472579956,-0.3738609254360199,0.2479727566242218,-0.6976330876350403,0.3015603721141815,0.1591678112745285,-0.33870139718055725
1749033601.3544466,0.3259103298187256,-1.7734180889525355,1.142862621937887,1.6192900377460937,-1.0722869078265589,-0.039194885884420216,-0.08931877464056015,0.06724219769239426,-0.06606317311525345,-0.145603209733963,0.1543886661529541,-0.6206226944923401,-0.36499452590942383,0.2064855694770813,-0.7224491238594055,0.30714187026023865,0.191082164645195,-0.31718817353248596
1749033601.3544855,0.3256983160972595,-1.7732674084105433,1.1427066961871546,1.6189943987080078,-1.0719831625567835,-0.040456597005025685,-0.08933879435062408,0.06959150731563568,-0.06613963097333908,-0.14634117484092712,0.1559472680091858,-0.6160418391227722,-0.36532312631607056,0.15440861880779266,-0.7247868180274963,0.2978561818599701,0.1562606543302536,-0.3643946051597595
1749033601.354525,0.3255617022514343,-1.7731620273985804,1.1425946394549769,1.618694706554077,-1.0716574827777308,-0.04169780412782842,-0.08916744589805603,0.06498412042856216,-0.06647523492574692,-0.14456875622272491,0.1529684215784073,-0.620380163192749,-0.39793649315834045,0.24406614899635315,-0.7382623553276062,0.30946803092956543,0.1800900101661682,-0.4003973603248596
1749033601.3545628,0.32536646723747253,-1.7730337582030238,1.1424592177020472,1.6183747488209228,-1.0713031927691858,-0.04294187227358037,-0.08883828669786453,0.06754542142152786,-0.06697526574134827,-0.14377447962760925,0.1554730087518692,-0.6260705590248108,-0.3676672875881195,0.20681194961071014,-0.7272487878799438,0.2902388274669647,0.19548998773097992,-0.34708625078201294
1749033601.3546004,0.32536646723747253,-1.7730337582030238,1.1424592177020472,1.6183747488209228,-1.0713031927691858,-0.04294187227358037,-0.08883828669786453,0.06754542142152786,-0.06697526574134827,-0.14377447962760925,0.1554730087518692,-0.6260705590248108,-0.3676672875881195,0.20681194961071014,-0.7272487878799438,0.2902388274669647,0.19548998773097992,-0.34708625078201294
1749033601.3546379,0.3251676559448242,-1.7728635273375453,1.1422994772540491,1.6181225019642334,-1.0710004011737269,-0.044216457997457326,-0.08947913348674774,0.06763465702533722,-0.06739126145839691,-0.14370445907115936,0.15477411448955536,-0.6251270771026611,-0.34613725543022156,0.18799619376659393,-0.7169985771179199,0.32492557168006897,0.17528697848320007,-0.3663479685783386
1749033601.3546753,0.324823796749115,-1.7726026974120082,1.1420357863055628,1.6174928384968261,-1.0703581015216272,-0.04667359987367803,-0.08644083887338638,0.06702151149511337,-0.0676950216293335,-0.1442352533340454,0.15656596422195435,-0.6251172423362732,-0.42524001002311707,0.2344738394021988,-0.7133969068527222,0.32692623138427734,0.17094670236110687,-0.34435293078422546
1749033601.354712,0.32465463876724243,-1.7725054226317347,1.1419041792498987,1.61723177015271,-1.0700791517840784,-0.04794961610902959,-0.08721344918012619,0.06668038666248322,-0.0677199438214302,-0.14288468658924103,0.15672214329242706,-0.6240007877349854,-0.37211838364601135,0.20160667598247528,-0.7001579403877258,0.28572940826416016,0.17984725534915924,-0.3836350739002228
1749033601.354749,0.32443714141845703,-1.772311349908346,1.141763989125387,1.6169797617145996,-1.069794003163473,-0.04922610918153936,-0.08653227239847183,0.06578316539525986,-0.06688548624515533,-0.14827510714530945,0.15668614208698273,-0.6307432055473328,-0.3722495436668396,0.22556105256080627,-0.7211740016937256,0.317760705947876,0.15296600759029388,-0.3474693298339844
1749033601.354785,0.3242863118648529,-1.7722441158690394,1.1416171232806605,1.6166443067738037,-1.0694440046893519,-0.05045205751527959,-0.0899680033326149,0.06807990372180939,-0.06877520680427551,-0.14309605956077576,0.1619889885187149,-0.6329191327095032,-0.3769380748271942,0.24243927001953125,-0.7016474604606628,0.31813716888427734,0.1696266531944275,-0.3671913743019104
1749033601.3548217,0.3241174519062042,-1.772055288354391,1.1415045897113245,1.6163605886646728,-1.069125000630514,-0.051723782216207326,-0.08706417679786682,0.06591227650642395,-0.06614522635936737,-0.1443813294172287,0.15793180465698242,-0.6315160393714905,-0.38699018955230713,0.1748868077993393,-0.708037257194519,0.30489984154701233,0.13836905360221863,-0.3032442331314087
1749033601.3548584,0.32400330901145935,-1.771961351434225,1.1413496176349085,1.6160725790211181,-1.0688450972186487,-0.05297738710512334,-0.08788295835256577,0.06384769827127457,-0.06596899777650833,-0.14323431253433228,0.15513820946216583,-0.6277629137039185,-0.3419388234615326,0.17894355952739716,-0.7404595613479614,0.3079681396484375,0.11637457460165024,-0.24228504300117493
1749033601.3548963,0.32379743456840515,-1.7717825374998988,1.141228977833883,1.6158155637928466,-1.0685308615313929,-0.05418235460390264,-0.08335328847169876,0.06484611332416534,-0.0682462528347969,-0.143230140209198,0.15510573983192444,-0.6195723414421082,-0.36063745617866516,0.21653077006340027,-0.6987678408622742,0.30776697397232056,0.12648721039295197,-0.300545871257782
1749033601.354938,0.3236143887042999,-1.7716971836485804,1.1410897413836878,1.6154963213154296,-1.0681851545916956,-0.055401150380269826,-0.08365016430616379,0.06251171976327896,-0.06657960265874863,-0.14418260753154755,0.14980340003967285,-0.6152214407920837,-0.39258870482444763,0.20236584544181824,-0.681441068649292,0.3065986633300781,0.1320948302745819,-0.31044137477874756
1749033601.3549771,0.32341399788856506,-1.7715302906432093,1.1409547964679163,1.6152049738117675,-1.0679310003863733,-0.05665332475771123,-0.08611216396093369,0.061803750693798065,-0.0661814883351326,-0.14505960047245026,0.1484498530626297,-0.6143866181373596,-0.34432753920555115,0.24840615689754486,-0.6921521425247192,0.333795428276062,0.15121890604496002,-0.27994951605796814
1749033601.3550138,0.3232586979866028,-1.7714134655394496,1.1408260504352015,1.6149632173725585,-1.0676477591144007,-0.05782634416689092,-0.08435965329408646,0.06436456739902496,-0.06539032608270645,-0.1424451619386673,0.1480872631072998,-0.6082720756530762,-0.37378329038619995,0.19857549667358398,-0.6914656162261963,0.29931432008743286,0.15844221413135529,-0.33409568667411804
1749033601.3550508,0.32307663559913635,-1.7712694607176722,1.1407063643084925,1.6146606641956787,-1.0673030058490198,-0.05906135240663701,-0.08506841212511063,0.06478425860404968,-0.06472808867692947,-0.14662466943264008,0.14892318844795227,-0.6095705628395081,-0.40385010838508606,0.279665470123291,-0.6944162845611572,0.2925870418548584,0.19560018181800842,-0.41609281301498413
1749033601.3556473,0.3228887915611267,-1.7711802921690882,1.1405866781817835,1.6143955427357177,-1.0670459906207483,-0.06024200121034795,-0.08917708694934845,0.06836667656898499,-0.06363074481487274,-0.14861896634101868,0.1528177559375763,-0.6131891012191772,-0.39146316051483154,0.2663906216621399,-0.7128468751907349,0.3265780508518219,0.19140757620334625,-0.4114585220813751
1749033601.357675,0.3227781057357788,-1.7710563145079554,1.1404545942889612,1.6140920358845214,-1.06675893465151,-0.06152803102602178,-0.08738506585359573,0.07099638134241104,-0.06349464505910873,-0.1466667652130127,0.1554768979549408,-0.619972825050354,-0.37053102254867554,0.21522411704063416,-0.7265593409538269,0.30698758363723755,0.158207967877388,-0.45597320795059204
1749033601.3985066,0.3225601017475128,-1.7709070644774378,1.1403229872332972,1.6137696939655761,-1.0664094130145472,-0.06278354326357061,-0.08729010075330734,0.0705832913517952,-0.06357675045728683,-0.1470041126012802,0.15533597767353058,-0.6298869252204895,-0.3847509026527405,0.16455572843551636,-0.7325460910797119,0.3292996287345886,0.15148065984249115,-0.36689552664756775
1749033601.398568,0.32235321402549744,-1.7707377872862757,1.1401751677142542,1.6134661871143798,-1.066141430531637,-0.06401425996889287,-0.08852898329496384,0.06872551888227463,-0.06508506834506989,-0.14601582288742065,0.15484663844108582,-0.6328292489051819,-0.33836737275123596,0.20501801371574402,-0.7301440238952637,0.3089157044887543,0.15593691170215607,-0.29044073820114136
1749033601.3986342,0.32221657037734985,-1.770620962182516,1.1400283018695276,1.6131815153309326,-1.0658186117755335,-0.0653007666217249,-0.08462375402450562,0.06735055148601532,-0.0656861960887909,-0.1454167366027832,0.1531810760498047,-0.6319949626922607,-0.4211735427379608,0.2024340033531189,-0.7129318714141846,0.3170337677001953,0.17201809585094452,-0.33586278557777405
1749033601.3987024,0.32205384969711304,-1.7704764805235804,1.1399038473712366,1.612875147456787,-1.065544907246725,-0.06660014787782842,-0.0858825296163559,0.06643638759851456,-0.06685222685337067,-0.14519861340522766,0.15306605398654938,-0.6311260461807251,-0.37746426463127136,0.1960611343383789,-0.7137817740440369,0.31075915694236755,0.18310171365737915,-0.2901443541049957
1749033601.3987775,0.32190361618995667,-1.7703563175597132,1.1397879759417933,1.6125940519520263,-1.065164868031637,-0.0677879492389124,-0.08664090931415558,0.06565330177545547,-0.06724274158477783,-0.1438627392053604,0.1557464599609375,-0.6272812485694885,-0.39626505970954895,0.20399709045886993,-0.7112765908241272,0.2956623435020447,0.13598692417144775,-0.34375500679016113
1749033601.3988426,0.3216739892959595,-1.770224233666891,1.1396520773517054,1.61230914175,-1.0648539702044886,-0.06907684007753545,-0.08708936721086502,0.06565907597541809,-0.06667677313089371,-0.1452433317899704,0.15438878536224365,-0.6269248127937317,-0.39295873045921326,0.22776953876018524,-0.7008693814277649,0.298275351524353,0.15220849215984344,-0.3825037181377411
1749033601.398905,0.3215098977088928,-1.7701112232603968,1.1395514647113245,1.612037106151245,-1.0645116011248987,-0.07039529481996709,-0.08856894075870514,0.0665421336889267,-0.06606440991163254,-0.14646261930465698,0.15748655796051025,-0.6300962567329407,-0.3974887430667877,0.23573346436023712,-0.7018288969993591,0.3017094135284424,0.14249949157238007,-0.3311665654182434
1749033601.3989694,0.32133856415748596,-1.7699328861632289,1.1393888632403772,1.6117493349262695,-1.0642040411578577,-0.07165462175478154,-0.08733314275741577,0.06667075306177139,-0.06459246575832367,-0.14567555487155914,0.15668116509914398,-0.6299892663955688,-0.3964967727661133,0.21095219254493713,-0.7348304390907288,0.2911016643047333,0.12562352418899536,-0.32752376794815063
1749033601.3990173,0.32116594910621643,-1.7698127231993617,1.1392691771136683,1.6114646631428222,-1.0638812224017542,-0.07285625139345342,-0.0877109095454216,0.06790227442979813,-0.06714790314435959,-0.1461387425661087,0.15591008961200714,-0.6274288892745972,-0.38625723123550415,0.19924207031726837,-0.7289319038391113,0.2948915362358093,0.1295347362756729,-0.3640931248664856
1749033601.3990562,0.32099810242652893,-1.7696835003294886,1.1391528288470667,1.6111821371265869,-1.0636079947101038,-0.07411843935121709,-0.08810435980558395,0.06955582648515701,-0.06425628811120987,-0.1452241837978363,0.15536528825759888,-0.6286064982414246,-0.38354235887527466,0.17797502875328064,-0.743963360786438,0.27985936403274536,0.12646621465682983,-0.3379219174385071
1749033601.3990943,0.32080450654029846,-1.7695428333678187,1.1390093008624476,1.6108934122272949,-1.0632970968829554,-0.07534724870790654,-0.08854269236326218,0.0655827447772026,-0.06445400416851044,-0.15020869672298431,0.15545320510864258,-0.6295971274375916,-0.40573325753211975,0.21449223160743713,-0.7503194212913513,0.30048274993896484,0.10421402752399445,-0.3773009777069092
1749033601.3991315,0.32061275839805603,-1.7694107494749964,1.1388495604144495,1.610600157375,-1.0629585425006312,-0.07670861879457647,-0.08862006664276123,0.06563129276037216,-0.06824596226215363,-0.1463795155286789,0.1539791226387024,-0.6314431428909302,-0.39423641562461853,0.21311476826667786,-0.7193810939788818,0.2594173550605774,0.1241007000207901,-0.3455691337585449
1749033601.399169,0.32050374150276184,-1.76930632213735,1.1387370268451136,1.6103009420582275,-1.0625928084002894,-0.07790166536440069,-0.08808863162994385,0.06816122680902481,-0.06705132126808167,-0.14611752331256866,0.15263725817203522,-0.6320799589157104,-0.39784306287765503,0.19336360692977905,-0.7032807469367981,0.2791580259799957,0.1203317940235138,-0.3273736536502838
1749033601.3992066,0.3202965557575226,-1.7691384754576625,1.138550106679098,1.61003224431958,-1.0622933546649378,-0.07920247713197881,-0.08756177127361298,0.06574386358261108,-0.06621621549129486,-0.15072749555110931,0.15380533039569855,-0.6315125823020935,-0.38058197498321533,0.18721362948417664,-0.7328792810440063,0.29342716932296753,0.08765773475170135,-0.34759393334388733
1749033601.3992438,0.32005470991134644,-1.7690111599364222,1.1384733358966272,1.6097003656574707,-1.0620134512530726,-0.08046609560121709,-0.09124809503555298,0.06480059027671814,-0.06647993624210358,-0.14690770208835602,0.15083448588848114,-0.6316045522689819,-0.3520979583263397,0.23644813895225525,-0.7382423877716064,0.2597458064556122,0.11912935227155685,-0.3335002362728119
1749033601.3992805,0.3198906481266022,-1.7688671551146449,1.1383455435382288,1.6094047266193847,-1.061706844960348,-0.08170968690981084,-0.08688261359930038,0.06652543693780899,-0.06668433547019958,-0.14729753136634827,0.15239758789539337,-0.6310939788818359,-0.41492730379104614,0.20968130230903625,-0.7361207008361816,0.2550794780254364,0.13071666657924652,-0.36836671829223633
1749033601.3993182,0.31976938247680664,-1.768719335595602,1.1381867567645472,1.6090575891682128,-1.0613482634173792,-0.08294994035829717,-0.08906923234462738,0.06656266003847122,-0.06648684293031693,-0.15039943158626556,0.15429674088954926,-0.6338830590248108,-0.39863067865371704,0.24307189881801605,-0.736372709274292,0.28091832995414734,0.1006375253200531,-0.3879183530807495
1749033601.3993554,0.3196088671684265,-1.768590589562887,1.1380508581744593,1.608757420177124,-1.0610993544207972,-0.08431750932802373,-0.08962853997945786,0.06664837896823883,-0.06592527031898499,-0.14970600605010986,0.15333467721939087,-0.6349952816963196,-0.3274940252304077,0.1963503360748291,-0.7290835976600647,0.27800923585891724,0.10823345184326172,-0.33876925706863403
1749033601.3993926,0.3194153606891632,-1.7684275112547816,1.1379192511187952,1.6084810930439453,-1.0607617537127894,-0.08549958864320928,-0.08851444721221924,0.06637540459632874,-0.06562729924917221,-0.1510324627161026,0.15121318399906158,-0.6344666481018066,-0.3919644355773926,0.21583527326583862,-0.7507590055465698,0.27500784397125244,0.10690417885780334,-0.31671085953712463
1749033601.3994288,0.31922346353530884,-1.7682959041991175,1.1377905050860804,1.6081651884266357,-1.060540024434225,-0.08679372469057256,-0.08985044807195663,0.06601512432098389,-0.0657784566283226,-0.15205416083335876,0.15064486861228943,-0.6323991417884827,-0.36849361658096313,0.202225923538208,-0.7630802392959595,0.3213544189929962,0.1288943886756897,-0.3498389720916748
1749033601.39966,0.31905117630958557,-1.7681824169554652,1.1376398245440882,1.6078805166431884,-1.0601757208453577,-0.08804303804506475,-0.09031088650226593,0.06662464141845703,-0.06555403023958206,-0.14872561395168304,0.14974454045295715,-0.6341061592102051,-0.3636605143547058,0.19775500893592834,-0.7594863772392273,0.2881927192211151,0.13082432746887207,-0.2887246012687683
1749033601.4016283,0.3188284933567047,-1.7680779896178187,1.1374767462359827,1.6075777250477294,-1.0599382559405726,-0.08929711977113897,-0.09030130505561829,0.0658656656742096,-0.06855159252882004,-0.15128526091575623,0.1486244648694992,-0.6329289674758911,-0.38930341601371765,0.1913817822933197,-0.7290284037590027,0.2879972457885742,0.15194179117679596,-0.3517773747444153
1749033601.4463227,0.31870749592781067,-1.7678872547545375,1.137364689503805,1.6073006826588134,-1.059549633656637,-0.09059268632997686,-0.08863025158643723,0.0685533955693245,-0.06624620407819748,-0.1489274501800537,0.14889290928840637,-0.6342437267303467,-0.36025458574295044,0.1739400327205658,-0.7426002621650696,0.31091928482055664,0.135101318359375,-0.3130323588848114
1749033601.4463732,0.31856897473335266,-1.7677890262999476,1.1372364203082483,1.6070048052021484,-1.0592344442950647,-0.09181720415224248,-0.08694587647914886,0.06460575759410858,-0.065738745033741,-0.14527681469917297,0.14844615757465363,-0.633934497833252,-0.40284469723701477,0.23266209661960602,-0.7477912306785583,0.2929045557975769,0.15948127210140228,-0.3074531853199005
1749033601.4464152,0.3183167576789856,-1.7676850757994593,1.1370728651629847,1.6066860395618896,-1.0589965025531214,-0.09309608141054326,-0.09140767902135849,0.0656118094921112,-0.06836676597595215,-0.14574801921844482,0.15116509795188904,-0.6302557587623596,-0.3619769811630249,0.22367458045482635,-0.726448118686676,0.2801009714603424,0.13356544077396393,-0.33575639128685
1749033601.4464548,0.3181493878364563,-1.7675091228880824,1.1369488875018519,1.606398029918335,-1.0586121718036097,-0.09437972704042608,-0.08867871016263962,0.06864269822835922,-0.06739980727434158,-0.14542271196842194,0.15234479308128357,-0.6292770504951477,-0.40912488102912903,0.20710811018943787,-0.712024986743927,0.2681633234024048,0.12231753766536713,-0.302257239818573
1749033601.4464936,0.3179851472377777,-1.767374177972311,1.1368134657489222,1.606132908458374,-1.0583275000201624,-0.09560233751405889,-0.09056851267814636,0.06492801010608673,-0.066441610455513,-0.14518579840660095,0.15664593875408173,-0.6272937059402466,-0.38023993372917175,0.20404990017414093,-0.7393293380737305,0.27796849608421326,0.08900303393602371,-0.3645053505897522
1749033601.446532,0.3178245723247528,-1.7672730884947718,1.1367047468768519,1.6058258253284912,-1.0579960981952112,-0.09685355821718389,-0.09069798141717911,0.06629665940999985,-0.06697647273540497,-0.14632336795330048,0.15330038964748383,-0.6312999725341797,-0.33829620480537415,0.21461445093154907,-0.7265201807022095,0.26821279525756836,0.11075690388679504,-0.36797791719436646
1749033601.44657,0.31760334968566895,-1.7671290836729945,1.1365378538714808,1.6055175501057128,-1.0576899687396448,-0.09815675417055303,-0.09019706398248672,0.0673929750919342,-0.0665149986743927,-0.1463378667831421,0.15373270213603973,-0.6351804137229919,-0.3704230785369873,0.19692501425743103,-0.7285680174827576,0.2691498100757599,0.10964469611644745,-0.28998440504074097
1749033601.4466074,0.31741881370544434,-1.7669741115965785,1.13646108308901,1.6052333551594238,-1.0573633352862757,-0.09939176241029912,-0.08948121964931488,0.06672540307044983,-0.06582462042570114,-0.1474006026983261,0.15327666699886322,-0.6346193552017212,-0.36693668365478516,0.1910773068666458,-0.7425541877746582,0.26712650060653687,0.08914691209793091,-0.31705397367477417
1749033601.4466455,0.31729376316070557,-1.7668644390501917,1.1363371054278772,1.6049133974262695,-1.057059113179342,-0.10075170198549444,-0.08920050412416458,0.0664331316947937,-0.0657493844628334,-0.14730381965637207,0.149986132979393,-0.6295022964477539,-0.3683887720108032,0.21873077750205994,-0.7331509590148926,0.2739730477333069,0.11701881885528564,-0.32537809014320374
1749033601.446687,0.3171055018901825,-1.766729017297262,1.1361821333514612,1.6046296793171386,-1.0567200819598597,-0.10195285478700811,-0.08856622874736786,0.06716735661029816,-0.0658988207578659,-0.1466323435306549,0.15014685690402985,-0.6275399327278137,-0.3921598196029663,0.20346321165561676,-0.7415080070495605,0.27098309993743896,0.1316853016614914,-0.32644474506378174
1749033601.4467254,0.3169022798538208,-1.7665845356383265,1.1360657850848597,1.6043297487446289,-1.056429688130514,-0.10324412981142217,-0.08919017016887665,0.06701664626598358,-0.06635326892137527,-0.14408987760543823,0.14948055148124695,-0.6254860162734985,-0.3855302929878235,0.19477102160453796,-0.7403371334075928,0.2515691816806793,0.12143614888191223,-0.37851443886756897
1749033601.4467628,0.3167620003223419,-1.7664715252318324,1.1358769575702112,1.604034348125122,-1.0561149756061,-0.10449201265443975,-0.08968422561883926,0.06726915389299393,-0.06584317982196808,-0.14785361289978027,0.14843149483203888,-0.6294289231300354,-0.3498242199420929,0.18145093321800232,-0.7513431310653687,0.272732675075531,0.11209151893854141,-0.33618810772895813
1749033601.4468005,0.3165479004383087,-1.766320367852682,1.1357906500445765,1.6037308412739257,-1.0558388868915003,-0.10573465028871709,-0.0896012932062149,0.06799245625734329,-0.0661708414554596,-0.14469106495380402,0.14890336990356445,-0.628253161907196,-0.34860721230506897,0.16355562210083008,-0.7525787353515625,0.2792888879776001,0.11211423575878143,-0.2999614179134369
1749033601.446838,0.31639233231544495,-1.7661816082396449,1.1356433073626917,1.6034657198139648,-1.0555289427386683,-0.10697919527162725,-0.08967937529087067,0.06713933497667313,-0.06651949882507324,-0.14502626657485962,0.14735016226768494,-0.6243409514427185,-0.36307573318481445,0.2022038996219635,-0.7451791763305664,0.25104665756225586,0.14424197375774384,-0.3649614155292511
1749033601.4468753,0.3162001967430115,-1.7660838566222132,1.1354997793780726,1.603165550822876,-1.0552366415606897,-0.10831338564027959,-0.09016917645931244,0.06814338266849518,-0.06745388358831406,-0.14907938241958618,0.15102854371070862,-0.6244611740112305,-0.3641411364078522,0.17850613594055176,-0.7454066276550293,0.2767075002193451,0.13041676580905914,-0.3761048913002014
1749033601.446913,0.3160189092159271,-1.7659279308714808,1.1353519598590296,1.6028782564350585,-1.0549843947040003,-0.10950881639589483,-0.08991941809654236,0.06757708638906479,-0.06770776212215424,-0.14518195390701294,0.14746488630771637,-0.6243059635162354,-0.3712911009788513,0.18385855853557587,-0.7224669456481934,0.3015230894088745,0.14678585529327393,-0.3921969532966614
1749033601.4469504,0.3158840239048004,-1.7657577000060023,1.1352394262896937,1.6025745111652832,-1.0547245184527796,-0.11076432863344365,-0.09167905151844025,0.06778829544782639,-0.06778902560472488,-0.14322544634342194,0.1482813060283661,-0.6294047832489014,-0.32576245069503784,0.19494037330150604,-0.7331061363220215,0.22204667329788208,0.16656041145324707,-0.42781418561935425
1749033601.446988,0.3156355023384094,-1.7656713924803675,1.1350491682635706,1.6023024755665283,-1.0543983618365687,-0.11201173463930303,-0.09033209830522537,0.06724992394447327,-0.06795760244131088,-0.14296375215053558,0.15480808913707733,-0.6348823308944702,-0.3491382300853729,0.19782760739326477,-0.7350847125053406,0.21703973412513733,0.12880472838878632,-0.3412439227104187
1749033601.447026,0.31551796197891235,-1.7655397854247035,1.1349642912494105,1.6020216184803466,-1.0541299025165003,-0.11329776445497686,-0.09382742643356323,0.0697844848036766,-0.0692155584692955,-0.14546029269695282,0.15343156456947327,-0.6336460113525391,-0.30045413970947266,0.15832237899303436,-0.6985981464385986,0.23215755820274353,0.13813818991184235,-0.34176626801490784
1749033601.4470644,0.31534892320632935,-1.7653867206969203,1.1347888151751917,1.6016992765614013,-1.0537570158587855,-0.1145408789264124,-0.09031164646148682,0.06563222408294678,-0.06688687950372696,-0.14716365933418274,0.15446504950523376,-0.6334617733955383,-0.33028846979141235,0.20221702754497528,-0.7338370084762573,0.2609792947769165,0.1221039667725563,-0.3441423773765564
1749033601.447102,0.31511572003364563,-1.7652465305724085,1.1346729437457483,1.6013900476643066,-1.0534418264972132,-0.11582500139345342,-0.08990480750799179,0.06522352993488312,-0.06665661931037903,-0.150331512093544,0.15398451685905457,-0.6310142874717712,-0.3446866273880005,0.21427635848522186,-0.7352156043052673,0.2174174189567566,0.14492878317832947,-0.32481223344802856
1749033601.447139,0.31497547030448914,-1.7651192150511683,1.1345256010638636,1.601130171413086,-1.0531466642962855,-0.11704141298402959,-0.09011682868003845,0.06803222000598907,-0.0691775307059288,-0.15069058537483215,0.15404680371284485,-0.6306546926498413,-0.33765754103660583,0.18527695536613464,-0.6998580098152161,0.24296504259109497,0.14458692073822021,-0.3893450200557709
1749033601.4476905,0.31473758816719055,-1.7649957142271937,1.1343777815448206,1.6008421617695312,-1.0528090635882776,-0.11839896837343389,-0.0914745107293129,0.06475045531988144,-0.06695332378149033,-0.14819085597991943,0.1547204703092575,-0.634377658367157,-0.3602767288684845,0.20279628038406372,-0.7156853675842285,0.2453060895204544,0.1483648121356964,-0.338807076215744
1749033601.4496386,0.31456825137138367,-1.764839311639303,1.1342809836017054,1.6005231577106933,-1.0525324980365198,-0.11960441270937139,-0.08834552764892578,0.06597358733415604,-0.0676683783531189,-0.15067793428897858,0.15641982853412628,-0.6369128823280334,-0.3616558313369751,0.215368390083313,-0.7189518213272095,0.2545681893825531,0.15041258931159973,-0.2864861786365509
1749033601.490527,0.3144197463989258,-1.764738222161764,1.134118382130758,1.600219650859497,-1.0521867910968226,-0.12089378038515264,-0.08821290731430054,0.06644345074892044,-0.06769230216741562,-0.14961014688014984,0.15714913606643677,-0.6342245936393738,-0.38368335366249084,0.21562103927135468,-0.7102246284484863,0.2661479413509369,0.13243865966796875,-0.3457357585430145
1749033601.4906087,0.3142089545726776,-1.7645942173399867,1.133986775075094,1.5999316412159423,-1.051871124898092,-0.1221845785724085,-0.09036202728748322,0.06710034608840942,-0.06786684691905975,-0.14747056365013123,0.1564456969499588,-0.6335247159004211,-0.32099372148513794,0.20277704298496246,-0.7022697329521179,0.2372989058494568,0.14091774821281433,-0.3279573619365692
1749033601.4906816,0.31406742334365845,-1.764442583123678,1.1338275114642542,1.599682255382202,-1.05162221590151,-0.12346107164491826,-0.08903519809246063,0.06717762351036072,-0.06780313700437546,-0.1479731649160385,0.16048768162727356,-0.6307222247123718,-0.3435763418674469,0.18982112407684326,-0.7075885534286499,0.23173171281814575,0.12127980589866638,-0.3536473512649536
1749033601.4907537,0.31388068199157715,-1.764291902581686,1.1337111631976526,1.5993632513233642,-1.0512259642230433,-0.12464362779726201,-0.08896534889936447,0.06733742356300354,-0.06714555621147156,-0.1478605717420578,0.15619975328445435,-0.6327432990074158,-0.33620044589042664,0.16302081942558289,-0.6994850635528564,0.2764003574848175,0.11737801879644394,-0.34925419092178345
1749033601.4908245,0.31374379992485046,-1.7641855678954066,1.133594814931051,1.5990790563770751,-1.0509451071368616,-0.12593013445009404,-0.08791835606098175,0.06648504734039307,-0.06702080368995667,-0.14823517203330994,0.1552518755197525,-0.63592529296875,-0.333060085773468,0.20427118241786957,-0.7008008360862732,0.24266760051250458,0.11671113967895508,-0.29679346084594727
1749033601.4908764,0.31354859471321106,-1.7640935383238734,1.1334474722491663,1.5987509924122314,-1.0506418387042444,-0.1272051970111292,-0.08773840218782425,0.06706855446100235,-0.06714219599962234,-0.14851458370685577,0.15757672488689423,-0.6323839426040649,-0.3380362391471863,0.16803094744682312,-0.6995127201080322,0.25270915031433105,0.1006457731127739,-0.3054227828979492
1749033601.4909172,0.3133312165737152,-1.7639523945250453,1.1333158651935022,1.5984477239796142,-1.0503085295306605,-0.1284425894366663,-0.0879126712679863,0.06671708822250366,-0.06681326776742935,-0.15042716264724731,0.15467076003551483,-0.6304303407669067,-0.37190496921539307,0.17055906355381012,-0.67719566822052,0.25212305784225464,0.12918266654014587,-0.31639939546585083
1749033601.4909563,0.3131517171859741,-1.7637893162169398,1.1331875959979456,1.5981635290333251,-1.0500267187701624,-0.12971526781191045,-0.08939725905656815,0.07077281177043915,-0.06392476707696915,-0.15204648673534393,0.15520115196704865,-0.6299180388450623,-0.3350178897380829,0.12595491111278534,-0.7182369232177734,0.28154343366622925,0.12493093311786652,-0.2930522561073303
1749033601.4909947,0.31297191977500916,-1.7636386356749476,1.133052174245016,1.5978473859974365,-1.0496967474566858,-0.13100940385927373,-0.08927972614765167,0.0661541074514389,-0.06508136540651321,-0.15281008183956146,0.15571187436580658,-0.6261740326881409,-0.3573700189590454,0.1621885597705841,-0.7319004535675049,0.2592015266418457,0.11855430901050568,-0.36057913303375244
1749033601.4910324,0.31287768483161926,-1.7635404072203578,1.1329553763019007,1.5975562769123535,-1.0494325796710413,-0.13223630586733037,-0.08908959478139877,0.06665406376123428,-0.0678342878818512,-0.15080006420612335,0.1549416482448578,-0.6263537406921387,-0.36330512166023254,0.18150460720062256,-0.6834421753883362,0.26379019021987915,0.11558596789836884,-0.31658846139907837
1749033601.4910703,0.3126433491706848,-1.7633925877013148,1.1328113714801233,1.5972911554523925,-1.049117390309469,-0.13351995149721319,-0.08959466218948364,0.06923011690378189,-0.06428726762533188,-0.1553262621164322,0.1522645652294159,-0.6262381672859192,-0.360061377286911,0.16873988509178162,-0.7267643809318542,0.2867925763130188,0.13517019152641296,-0.3277965486049652
1749033601.491108,0.31244125962257385,-1.7631989918150843,1.1326606909381312,1.5969716745563964,-1.0487459341632288,-0.13480884233583623,-0.08788788318634033,0.0679408609867096,-0.06510289013385773,-0.1516602635383606,0.15061140060424805,-0.6236059069633484,-0.3491160273551941,0.11482164263725281,-0.7183256149291992,0.29138481616973877,0.15556474030017853,-0.34170326590538025
1749033601.4911454,0.3123339116573334,-1.7630864582457484,1.1325252691852015,1.5966483789631347,-1.0485075155841272,-0.13605243364442998,-0.08826680481433868,0.0664442777633667,-0.06560451537370682,-0.15180829167366028,0.14981995522975922,-0.6222061514854431,-0.35010355710983276,0.20954999327659607,-0.7168002724647522,0.2968062162399292,0.16907308995723724,-0.3486863970756531
1749033601.4911823,0.3120923340320587,-1.7629543743529261,1.1324008146869105,1.5963410574146728,-1.0481975714312952,-0.13724881807436162,-0.08744144439697266,0.06810145825147629,-0.06587673723697662,-0.15589429438114166,0.15370674431324005,-0.6229669451713562,-0.36491894721984863,0.15951436758041382,-0.7105114459991455,0.34308236837387085,0.13873359560966492,-0.3802714943885803
1749033601.491224,0.31192514300346375,-1.7628346882262171,1.132237736378805,1.5960559087940673,-1.047924820576803,-0.13853818575014287,-0.08654467761516571,0.06770150363445282,-0.06578373908996582,-0.15202467143535614,0.1514652967453003,-0.6255688667297363,-0.3917986750602722,0.18484538793563843,-0.7087270021438599,0.3197135925292969,0.15804409980773926,-0.3740368187427521
1749033601.4912622,0.31174179911613464,-1.7627059421935023,1.132118050252096,1.595763846034668,-1.0475872198687952,-0.13982993761171514,-0.08977695554494858,0.06780503690242767,-0.06596822291612625,-0.1505795270204544,0.1535579264163971,-0.6275896430015564,-0.3179483413696289,0.1453544646501541,-0.7008236050605774,0.3208259642124176,0.14491786062717438,-0.3397914171218872
1749033601.4912996,0.311585009098053,-1.7625705204405726,1.1319740454303187,1.5954796510883789,-1.047295395527975,-0.14102489153017217,-0.08652085810899734,0.06587640941143036,-0.06583566963672638,-0.14929737150669098,0.15513165295124054,-0.6261305809020996,-0.36158910393714905,0.16876430809497833,-0.7145179510116577,0.3255074620246887,0.14342492818832397,-0.33037227392196655
1749033601.4913363,0.3114210069179535,-1.7624455891051234,1.1318700949298304,1.5951670843311767,-1.046999756489889,-0.14225322404970342,-0.08933946490287781,0.06546620279550552,-0.06528066098690033,-0.14892975986003876,0.15367130935192108,-0.6258022785186768,-0.37712785601615906,0.17314186692237854,-0.7265205383300781,0.3191413879394531,0.1418863832950592,-0.32928532361984253
1749033601.491374,0.3112221956253052,-1.7623220882811488,1.1317384878741663,1.5948688226887207,-1.0467212835894983,-0.14352447191347295,-0.08667949587106705,0.06589547544717789,-0.06560155749320984,-0.14867907762527466,0.15420813858509064,-0.6267793774604797,-0.35395437479019165,0.17424935102462769,-0.7206319570541382,0.3132835626602173,0.14954255521297455,-0.3371884822845459
1749033601.49149,0.3110545575618744,-1.7622095547118128,1.1315982977496546,1.5945605474659423,-1.0464256445514124,-0.14473373094667608,-0.08748440444469452,0.06549356132745743,-0.06550192832946777,-0.1462833136320114,0.15386183559894562,-0.6250361204147339,-0.36633366346359253,0.1663857251405716,-0.7270380258560181,0.304425448179245,0.15356050431728363,-0.38296937942504883
1749033601.4916408,0.3108665943145752,-1.7620431385436,1.1314590612994593,1.5942918497272949,-1.0461037794696253,-0.14602309862245733,-0.08885123580694199,0.06570811569690704,-0.06516820937395096,-0.14929558336734772,0.15420794486999512,-0.6268168687820435,-0.35139012336730957,0.19593162834644318,-0.7181420922279358,0.32408788800239563,0.1738077700138092,-0.3619948625564575
1749033601.5343115,0.3106952905654907,-1.7619182072081507,1.1313274542437952,1.5939761835285644,-1.04582387605776,-0.14726382890810186,-0.08772926777601242,0.06697079539299011,-0.06498634815216064,-0.14564894139766693,0.15475180745124817,-0.6284003257751465,-0.36883261799812317,0.17832720279693604,-0.7320722341537476,0.30048656463623047,0.16621029376983643,-0.35188156366348267
1749033601.534357,0.31050345301628113,-1.7618018589415492,1.1312115828143519,1.5936845976063232,-1.0455086866961878,-0.14854842821230108,-0.09178726375102997,0.06751898676156998,-0.06550607830286026,-0.14455485343933105,0.15537463128566742,-0.6301361918449402,-0.34395062923431396,0.1556147187948227,-0.723055362701416,0.2854471802711487,0.18539674580097198,-0.3694790303707123
1749033601.5343971,0.31035131216049194,-1.7616287670531214,1.131082836781637,1.5934156614490966,-1.0451930204974573,-0.14984637895692998,-0.08796294033527374,0.0667228102684021,-0.06566530466079712,-0.14847750961780548,0.1561407893896103,-0.6307626962661743,-0.35794275999069214,0.1414991021156311,-0.7213200926780701,0.30814599990844727,0.17430901527404785,-0.31717172265052795
1749033601.5344367,0.3101861774921417,-1.7615071735777796,1.1309478918658655,1.593088074321411,-1.0449050108539026,-0.15102845827211553,-0.08987265080213547,0.0685335025191307,-0.06492437422275543,-0.1452188342809677,0.15892690420150757,-0.631819486618042,-0.3615264594554901,0.1745346486568451,-0.7249641418457031,0.3137115240097046,0.17985564470291138,-0.3291003406047821
1749033601.5344753,0.3099994659423828,-1.7613750896849574,1.1308320204364222,1.592784805888794,-1.0445244948016565,-0.15228826204408819,-0.0882696583867073,0.06699707359075546,-0.06715664267539978,-0.14497768878936768,0.1573168933391571,-0.6338803172111511,-0.30354297161102295,0.1263103187084198,-0.7198044061660767,0.3040366470813751,0.16110047698020935,-0.34000363945961
1749033601.534513,0.30982348322868347,-1.761270662347311,1.1306803862201136,1.592524214381836,-1.0442402998553675,-0.15364200273622686,-0.08854866027832031,0.06617726385593414,-0.06584563851356506,-0.1465720683336258,0.15562772750854492,-0.6340229511260986,-0.35829710960388184,0.15790730714797974,-0.7280494570732117,0.31092655658721924,0.15500490367412567,-0.2639099955558777
1749033601.5345502,0.3096281588077545,-1.7611338100829066,1.1305297056781214,1.5922130781361084,-1.0439336935626429,-0.15481645265688115,-0.08818981796503067,0.06722667068243027,-0.06509838998317719,-0.14587470889091492,0.15991169214248657,-0.6311017274856567,-0.36319926381111145,0.1399582028388977,-0.7224702835083008,0.3384549021720886,0.1455150544643402,-0.3253954350948334
1749033601.5345874,0.30948761105537415,-1.760933061639303,1.1304362455951136,1.5919088560291748,-1.043586556111471,-0.15605670610536748,-0.0868728756904602,0.067899689078331,-0.0672992393374443,-0.14515328407287598,0.15710420906543732,-0.6254843473434448,-0.3643290102481842,0.12693001329898834,-0.7113043069839478,0.31779253482818604,0.14671078324317932,-0.33752718567848206
1749033601.534625,0.30924731492996216,-1.7608510456480921,1.1303170363055628,1.5916363435932617,-1.043271843587057,-0.15734464326967412,-0.0877159982919693,0.06636898964643478,-0.0676393136382103,-0.14400683343410492,0.1582832783460617,-0.6250746250152588,-0.3691604435443878,0.1649753898382187,-0.7041183710098267,0.3051358461380005,0.12447066605091095,-0.32919734716415405
1749033601.5346627,0.30908671021461487,-1.7607504330077113,1.130188290272848,1.5913099485584716,-1.042929474507467,-0.1585324446307581,-0.08771947026252747,0.06736459583044052,-0.06615521013736725,-0.14595486223697662,0.15912564098834991,-0.6235455870628357,-0.38284921646118164,0.1409670114517212,-0.7282220721244812,0.3255124092102051,0.12129977345466614,-0.375011682510376
1749033601.5346997,0.3089523911476135,-1.7605372867979945,1.1300137678729456,1.5910493570515136,-1.0426839033709925,-0.15981895128359014,-0.088192880153656,0.06796000897884369,-0.0663231834769249,-0.14682026207447052,0.15744547545909882,-0.6287468075752258,-0.3390439450740814,0.12904152274131775,-0.7271624803543091,0.3267100155353546,0.10316582024097443,-0.32393020391464233
1749033601.5347366,0.3087274134159088,-1.760409494439596,1.1298554579364222,1.5907649236866455,-1.0423544088946741,-0.16106874147524053,-0.08812084048986435,0.0675407126545906,-0.06693751364946365,-0.1453673243522644,0.1543850153684616,-0.6282161474227905,-0.3519322872161865,0.14602908492088318,-0.7193377017974854,0.30597975850105286,0.13281017541885376,-0.29791513085365295
1749033601.5347736,0.3085753321647644,-1.7602774105467738,1.1297701040851038,1.5904578405567626,-1.042065445576803,-0.16230851808656865,-0.08821221441030502,0.06729910522699356,-0.06653302907943726,-0.15212814509868622,0.15182113647460938,-0.6273408532142639,-0.34247082471847534,0.15780355036258698,-0.7054904699325562,0.3623972535133362,0.15500104427337646,-0.35115376114845276
1749033601.53481,0.3084148168563843,-1.7601329288878382,1.1296070257769983,1.5901455122181396,-1.041750733052389,-0.16361028352846319,-0.08768179267644882,0.06679049879312515,-0.06611862033605576,-0.1478157490491867,0.1501459926366806,-0.6265869736671448,-0.35894280672073364,0.14266055822372437,-0.7195124626159668,0.3534432649612427,0.1525593101978302,-0.30787932872772217
1749033601.5348465,0.3082435429096222,-1.76002897838735,1.1294792334186,1.589857740993164,-1.041436497365133,-0.16486007372011358,-0.08788240700960159,0.06649377942085266,-0.06634961813688278,-0.14561891555786133,0.15300734341144562,-0.6216161251068115,-0.3500196039676666,0.1613297015428543,-0.7319715023040771,0.3347313106060028,0.1393265575170517,-0.3719375729560852
1749033601.5348835,0.30806732177734375,-1.7599007091917933,1.129378620778219,1.589564486140869,-1.0411232153521937,-0.16604358354677373,-0.08805935829877853,0.06581533700227737,-0.06729205697774887,-0.14946141839027405,0.15044409036636353,-0.624538779258728,-0.37419039011001587,0.14571607112884521,-0.7223897576332092,0.3822011947631836,0.16048230230808258,-0.361682265996933
1749033601.5349207,0.3079032003879547,-1.7597652874388636,1.1292350927936,1.589273377055786,-1.0408428351031702,-0.16732722917665654,-0.08783900737762451,0.06511469185352325,-0.0676807388663292,-0.14588713645935059,0.15309663116931915,-0.6278295516967773,-0.3656512498855591,0.18017011880874634,-0.7072078585624695,0.35463473200798035,0.18135273456573486,-0.33417969942092896
1749033601.5349581,0.3077668845653534,-1.7596246204771937,1.129099194203512,1.5889543729969482,-1.040546719227926,-0.1685565153705042,-0.09288047254085541,0.06667016446590424,-0.06592335551977158,-0.144693985581398,0.1548958420753479,-0.6257661581039429,-0.3261503279209137,0.16143320500850677,-0.7352647185325623,0.35357025265693665,0.15976646542549133,-0.33959728479385376
1749033601.5349946,0.3075525164604187,-1.7594925365843714,1.1289714018451136,1.588629885310791,-1.0402095953570765,-0.16980153719057256,-0.08915460854768753,0.06633943319320679,-0.06652452796697617,-0.14436359703540802,0.15422967076301575,-0.6231815814971924,-0.3823949098587036,0.13984781503677368,-0.7256686687469482,0.36681270599365234,0.15262764692306519,-0.3661470115184784
1749033601.5350316,0.3073609173297882,-1.7593909702696742,1.1288359800921839,1.5883580881306152,-1.0399726072894495,-0.17104703584779912,-0.09079945087432861,0.06347300857305527,-0.06886673718690872,-0.14488931000232697,0.15420237183570862,-0.6229756474494934,-0.36039578914642334,0.2169654667377472,-0.688364565372467,0.3572911024093628,0.16701343655586243,-0.3965490162372589
1749033601.5350683,0.3071773946285248,-1.7592293224730433,1.1287081877337855,1.5880543428608398,-1.0396350065814417,-0.17231542268861944,-0.08743505924940109,0.06391766667366028,-0.0658029243350029,-0.1456817090511322,0.15511614084243774,-0.6236511468887329,-0.3484678864479065,0.19637106359004974,-0.726683497428894,0.35780519247055054,0.18137086927890778,-0.39729177951812744
1749033601.5356638,0.30702534317970276,-1.7591163120665492,1.12854510942568,1.5877973276325683,-1.039335076008932,-0.1735900084124964,-0.08774305135011673,0.06783564388751984,-0.06664576381444931,-0.14594298601150513,0.15561074018478394,-0.6319473385810852,-0.3724435269832611,0.12390001863241196,-0.7234402298927307,0.3829078674316406,0.1657640039920807,-0.35732412338256836
1749033601.5377226,0.30685290694236755,-1.7589684925475062,1.1284444967852991,1.5874757009693603,-1.0390155951129358,-0.17486411729921514,-0.08728397637605667,0.06310297548770905,-0.06737866252660751,-0.14044520258903503,0.1563081443309784,-0.6328129768371582,-0.36188361048698425,0.17688363790512085,-0.7106899619102478,0.347389280796051,0.1575576514005661,-0.3041993975639343
1749033601.5782876,0.30685290694236755,-1.7589684925475062,1.1284444967852991,1.5874757009693603,-1.0390155951129358,-0.17486411729921514,-0.08728397637605667,0.06310297548770905,-0.06737866252660751,-0.14044520258903503,0.1563081443309784,-0.6328129768371582,-0.36188361048698425,0.17688363790512085,-0.7106899619102478,0.347389280796051,0.1575576514005661,-0.3041993975639343
1749033601.578338,0.3066348731517792,-1.758799215356344,1.1283124128924769,1.5872093874165039,-1.038677994404928,-0.17612153688539678,-0.0879538431763649,0.06546922028064728,-0.06817768514156342,-0.14386744797229767,0.15727189183235168,-0.6293430328369141,-0.3837701678276062,0.18012112379074097,-0.6957961320877075,0.3217243552207947,0.15835651755332947,-0.3708582818508148
1749033601.5783803,0.3062983751296997,-1.7585650883116664,1.127993408833639,1.5866615015217285,-1.038070027028219,-0.17866260210146123,-0.09078352153301239,0.0669940859079361,-0.06710073351860046,-0.13782283663749695,0.15572687983512878,-0.6307469606399536,-0.3070806860923767,0.12421753257513046,-0.6944133043289185,0.29158815741539,0.1481947898864746,-0.36148154735565186
1749033601.5784197,0.3060993552207947,-1.7584253750243128,1.1278775374041956,1.5863849359699707,-1.03772479692568,-0.179908577595846,-0.08812497556209564,0.06633052974939346,-0.0671030730009079,-0.14344510436058044,0.1606363207101822,-0.6317313313484192,-0.34943312406539917,0.13113714754581451,-0.7138060331344604,0.315410852432251,0.11220889538526535,-0.34649521112442017
1749033601.5784583,0.3059751093387604,-1.7582818470396937,1.1277459303485315,1.5860943037220459,-1.0374754110919397,-0.1812065283404749,-0.09011956304311752,0.06626759469509125,-0.06681326776742935,-0.13937881588935852,0.1574222594499588,-0.6339463591575623,-0.3383815884590149,0.114259734749794,-0.7096927762031555,0.31470727920532227,0.12087948620319366,-0.2775249481201172
1749033601.5784965,0.3057954013347626,-1.7581430874266566,1.1276143232928675,1.5858024793812255,-1.0371959845172327,-0.18239146867860967,-0.08569896966218948,0.06517134606838226,-0.06655660271644592,-0.14050163328647614,0.1551811844110489,-0.627711296081543,-0.38996630907058716,0.16945308446884155,-0.7137531638145447,0.29148441553115845,0.12908989191055298,-0.3351863920688629
1749033601.578535,0.30559656023979187,-1.7580148182311,1.1274474302874964,1.5855490404316406,-1.0368297735797327,-0.18366748491396123,-0.08785556256771088,0.06536176800727844,-0.06684592366218567,-0.14112670719623566,0.15751045942306519,-0.6270002126693726,-0.37170520424842834,0.1356772780418396,-0.7055121064186096,0.3056528568267822,0.12405624985694885,-0.3416689336299896
1749033601.578573,0.30541670322418213,-1.7578865490355433,1.1273663679706019,1.5852581697651367,-1.0365164915667933,-0.18493730226625615,-0.08888810127973557,0.0659484788775444,-0.06622190773487091,-0.14221365749835968,0.15457409620285034,-0.6242359280586243,-0.35051971673965454,0.13562598824501038,-0.7108038067817688,0.2806141674518585,0.1325962245464325,-0.33955568075180054
1749033601.578611,0.3053113520145416,-1.757742544213766,1.1272347609149378,1.5849975782581787,-1.0362003485309046,-0.18615609804262334,-0.08871220052242279,0.0659022405743599,-0.06678428500890732,-0.14303728938102722,0.15495876967906952,-0.6236017942428589,-0.3740438222885132,0.14493224024772644,-0.7180002927780151,0.29192912578582764,0.13901817798614502,-0.4094628095626831
1749033601.5786483,0.30510061979293823,-1.7576071224608363,1.1270869413958948,1.58468143522229,-1.0359204451190394,-0.18741351762880498,-0.089543916285038,0.06543361395597458,-0.06732119619846344,-0.14696015417575836,0.15381605923175812,-0.6289048790931702,-0.38888564705848694,0.15900006890296936,-0.710020899772644,0.27243176102638245,0.15628357231616974,-0.37279388308525085
1749033601.578689,0.30487754940986633,-1.7574817142882289,1.1269553343402308,1.5843590933033447,-1.0356171766864222,-0.18872625032533819,-0.09040956944227219,0.06531578302383423,-0.06682240962982178,-0.1502961814403534,0.1553468257188797,-0.6331191658973694,-0.3709898591041565,0.17956949770450592,-0.7093443274497986,0.3101348280906677,0.1499926894903183,-0.32745349407196045
1749033601.578726,0.3047223389148712,-1.7573191128172816,1.1268318335162562,1.5840787130543212,-1.0352824370013636,-0.18993884721864873,-0.08954177796840668,0.0688614547252655,-0.06697705388069153,-0.14976276457309723,0.15639829635620117,-0.6306161880493164,-0.3608241677284241,0.10015164315700531,-0.7074785232543945,0.32028427720069885,0.13194558024406433,-0.332092821598053
1749033601.5787628,0.3045271337032318,-1.7572185001769007,1.1266759077655237,1.583747072810791,-1.034982983266012,-0.19121963182558233,-0.08856111764907837,0.061689142137765884,-0.06707988679409027,-0.15252500772476196,0.15522238612174988,-0.630534291267395,-0.3540319800376892,0.15634354948997498,-0.7145147323608398,0.300472229719162,0.13477882742881775,-0.3035314679145813
1749033601.578799,0.3043197989463806,-1.7570864162840785,1.1265600363360804,1.5834440427967529,-1.0346306006061,-0.1925118605243128,-0.08768812566995621,0.06383515149354935,-0.0687641128897667,-0.1498527079820633,0.1548253446817398,-0.626455545425415,-0.37752410769462585,0.1800995171070099,-0.698306679725647,0.30987548828125,0.11519260704517365,-0.3271139860153198
1749033601.5788352,0.3042285740375519,-1.7569476566710414,1.126444164906637,1.5831751066395263,-1.0343197027789515,-0.19374019304384404,-0.088006891310215,0.0652175173163414,-0.06594573706388474,-0.14875851571559906,0.15062390267848969,-0.625948429107666,-0.38172274827957153,0.15612944960594177,-0.7178290486335754,0.34344732761383057,0.1641664057970047,-0.3695145845413208
1749033601.5788753,0.30397292971611023,-1.7567998371519984,1.1262686888324183,1.5828592020222167,-1.0340736548053187,-0.19503719011415654,-0.08816852420568466,0.06519987434148788,-0.06554758548736572,-0.15179646015167236,0.15363895893096924,-0.6275919675827026,-0.378790944814682,0.1341833770275116,-0.7367972731590271,0.3455267548561096,0.14485320448875427,-0.31682127714157104
1749033601.578913,0.3038429021835327,-1.75669588665151,1.1261490027057093,1.582559509868286,-1.0337627569781702,-0.19626075426210576,-0.08692006021738052,0.0628780871629715,-0.06857756525278091,-0.14860083162784576,0.1552172154188156,-0.6255537867546082,-0.37626224756240845,0.18715925514698029,-0.6883212327957153,0.33810949325561523,0.12970076501369476,-0.3432224988937378
1749033601.5789497,0.30364084243774414,-1.756570955316061,1.126004997883932,1.5822984415241699,-1.0334294478045862,-0.19751054445375615,-0.09106522053480148,0.06413305550813675,-0.06475605070590973,-0.14894315600395203,0.15604452788829803,-0.6242690086364746,-0.3464902937412262,0.16840125620365143,-0.7022667527198792,0.33957377076148987,0.12233050167560577,-0.35009679198265076
1749033601.5789862,0.3034302294254303,-1.7564507923521937,1.1259048620807093,1.5820063787647705,-1.0331404844867151,-0.1987999121295374,-0.08808785676956177,0.06498979032039642,-0.06510479748249054,-0.14857645332813263,0.15813148021697998,-0.6243066191673279,-0.3908686339855194,0.18200147151947021,-0.7331710457801819,0.3478902578353882,0.1094907820224762,-0.37015777826309204
1749033601.579023,0.3032577633857727,-1.7562796078123988,1.1257765928851526,1.5816981035419921,-1.032877270375387,-0.2000201384173792,-0.09076811373233795,0.06502896547317505,-0.06633183360099792,-0.1462750881910324,0.15784978866577148,-0.6264776587486267,-0.35451018810272217,0.1497718095779419,-0.7333679795265198,0.32373934984207153,0.10770370811223984,-0.3474080264568329
1749033601.5796633,0.303112655878067,-1.7561823330321253,1.1256135145770472,1.5813993650623779,-1.0325387159930628,-0.20125323930849248,-0.08820586651563644,0.06509320437908173,-0.0662330836057663,-0.1457473784685135,0.15663276612758636,-0.6282232999801636,-0.34016984701156616,0.17577433586120605,-0.7233529686927795,0.32663822174072266,0.12534020841121674,-0.34550896286964417
1749033601.581646,0.3029532730579376,-1.7560516796507777,1.1254780928241175,1.5811304289051513,-1.032224480305807,-0.2025383154498499,-0.08910582214593887,0.0651441141963005,-0.06634333729743958,-0.14476191997528076,0.15567347407341003,-0.6270200610160828,-0.34950047731399536,0.17596028745174408,-0.7164917588233948,0.30619752407073975,0.12734349071979523,-0.32614749670028687
1749033601.6222925,0.30279606580734253,-1.7559272251524867,1.1253693739520472,1.58085481702771,-1.031919304524557,-0.20380050340761358,-0.09046441316604614,0.06623242795467377,-0.06592672318220139,-0.14522795379161835,0.15544678270816803,-0.6282691359519958,-0.33023375272750854,0.1432887315750122,-0.7157996296882629,0.30669331550598145,0.1299673169851303,-0.3661120533943176
1749033601.622342,0.30259764194488525,-1.755791803399557,1.1252062956439417,1.5805432039448242,-1.0315354506122034,-0.20501929918398076,-0.08923840522766113,0.06593983620405197,-0.06826044619083405,-0.14400292932987213,0.1566442996263504,-0.6296592950820923,-0.3588312864303589,0.14169852435588837,-0.707690954208374,0.2887526750564575,0.13899201154708862,-0.32527077198028564
1749033601.6223838,0.30241772532463074,-1.755655904809469,1.125082794819967,1.5802787977406005,-1.0312469641314905,-0.2063525358783167,-0.08804833143949509,0.06520617753267288,-0.06595513969659805,-0.1468481421470642,0.15501801669597626,-0.6294583082199097,-0.36090099811553955,0.15586888790130615,-0.7188456058502197,0.2977907061576843,0.1157921776175499,-0.3438170552253723
1749033601.6224415,0.3022260367870331,-1.755505224267477,1.1249397436725062,1.5799752908894042,-1.0309198538409632,-0.2075412909137171,-0.0890473872423172,0.06434500962495804,-0.0655268132686615,-0.14436377584934235,0.15419533848762512,-0.6295149326324463,-0.39251643419265747,0.15482833981513977,-0.7401823997497559,0.2807266414165497,0.12640558183193207,-0.3871540427207947
1749033601.6224847,0.3020308315753937,-1.7553721867003382,1.124814812337057,1.579683704967163,-1.0306127707110804,-0.20881444612611944,-0.0877474918961525,0.0649176836013794,-0.06800820678472519,-0.14853808283805847,0.1571960300207138,-0.6310372352600098,-0.3477911949157715,0.18956920504570007,-0.716077983379364,0.27440494298934937,0.08673480153083801,-0.3285475969314575
1749033601.622523,0.3018600046634674,-1.7552639446654261,1.124695126210348,1.5793990331837158,-1.0303013960467737,-0.2100747267352503,-0.08658406883478165,0.0670090839266777,-0.06660661846399307,-0.14968568086624146,0.1536652147769928,-0.6315686106681824,-0.37666305899620056,0.12793880701065063,-0.7093286514282227,0.3147640824317932,0.09665253013372421,-0.340250700712204
1749033601.6225607,0.30169573426246643,-1.7551151714720667,1.1245434919940394,1.5790719228931884,-1.030013386403219,-0.21134549776186162,-0.08987690508365631,0.06312283128499985,-0.06550883501768112,-0.14897510409355164,0.15398554503917694,-0.6308107376098633,-0.3156471252441406,0.18485353887081146,-0.7382676005363464,0.2993377447128296,0.09657328575849533,-0.32773980498313904
1749033601.622603,0.3015264868736267,-1.7550279102721156,1.124443833027975,1.5787958341785888,-1.0296409765826624,-0.21264344850649053,-0.08621621876955032,0.0635862648487091,-0.06647012382745743,-0.1499725729227066,0.153013676404953,-0.6318156123161316,-0.38406461477279663,0.21340441703796387,-0.7255045771598816,0.34336113929748535,0.09520639479160309,-0.3051864206790924
1749033601.622643,0.3013244867324829,-1.7548963032164515,1.1243117491351526,1.5784718233295898,-1.029349152241842,-0.21382075945009404,-0.08770948648452759,0.06753325462341309,-0.06641651690006256,-0.15036746859550476,0.1501111537218094,-0.6290706992149353,-0.3934938907623291,0.17749840021133423,-0.7279958128929138,0.33059731125831604,0.11458812654018402,-0.34162381291389465
1749033601.6226811,0.3011721074581146,-1.7547952137389125,1.1241801420794886,1.578188105220459,-1.0290759245501917,-0.21509963670839483,-0.08787421137094498,0.06484157592058182,-0.06651358306407928,-0.14976848661899567,0.1497686207294464,-0.6309947371482849,-0.35303714871406555,0.17011243104934692,-0.7250922322273254,0.330026775598526,0.11913318932056427,-0.3163301348686218
1749033601.6227186,0.30096518993377686,-1.7546283207335414,1.1240137259112757,1.577840967769287,-1.0287664572345179,-0.21636468568910772,-0.0883546993136406,0.06573378294706345,-0.06633923202753067,-0.15072107315063477,0.15063896775245667,-0.6297174692153931,-0.34670427441596985,0.1662084013223648,-0.7370439767837524,0.3408973217010498,0.10299666225910187,-0.2956581711769104
1749033601.6227593,0.3007938265800476,-1.7544967136778773,1.1239126364337366,1.5775758463093261,-1.0285242239581507,-0.21766788164247686,-0.08811714500188828,0.06593577563762665,-0.06641369313001633,-0.15033847093582153,0.14962360262870789,-0.626187801361084,-0.3654797077178955,0.17479366064071655,-0.7361747622489929,0.3374279737472534,0.10507883131504059,-0.33300748467445374
1749033601.6227977,0.30059897899627686,-1.7543407879271449,1.1238001028644007,1.577263517970703,-1.0281627813922327,-0.21891481081117803,-0.08742738515138626,0.06653813272714615,-0.06671717762947083,-0.14835712313652039,0.14990423619747162,-0.623900294303894,-0.37480461597442627,0.1650179922580719,-0.7341061234474182,0.3237900137901306,0.13283270597457886,-0.31805291771888733
1749033601.6228352,0.30044159293174744,-1.754221101800436,1.1236684958087366,1.5769831377216796,-1.0278638044940394,-0.22012454668153936,-0.08786560595035553,0.06632727384567261,-0.06670837849378586,-0.14433927834033966,0.1520705670118332,-0.6228118538856506,-0.37127000093460083,0.18358081579208374,-0.7244572043418884,0.311498761177063,0.10518769174814224,-0.36468541622161865
1749033601.6228719,0.30029621720314026,-1.7541285953917445,1.1235054175006312,1.5766798692890625,-1.0275333563434046,-0.22138625780214483,-0.08775997161865234,0.06562400609254837,-0.06747540086507797,-0.14646205306053162,0.14886163175106049,-0.6259496808052063,-0.3703564703464508,0.18061965703964233,-0.7309259176254272,0.3181123733520508,0.1342748999595642,-0.38399744033813477
1749033601.6229124,0.30008938908576965,-1.7539450130858363,1.1233232657061976,1.5763599115559082,-1.0272567907916468,-0.22267562547792608,-0.088243268430233,0.06625472009181976,-0.06764551997184753,-0.14199313521385193,0.15207332372665405,-0.6291306018829346,-0.3831010162830353,0.19857607781887054,-0.7233588695526123,0.30557653307914734,0.12282757461071014,-0.31112366914749146
1749033601.622951,0.29989874362945557,-1.7538253269591273,1.1232460180865687,1.5760881143757324,-1.0268953482257288,-0.22390300432314092,-0.08948443830013275,0.06602092832326889,-0.06833411008119583,-0.14106257259845734,0.15435947477817535,-0.6307258009910583,-0.34035539627075195,0.2102721482515335,-0.6965264678001404,0.27551978826522827,0.0824628621339798,-0.3328849673271179
1749033601.6229885,0.2997053563594818,-1.7536870441832484,1.1230981985675257,1.575796290034912,-1.0266111532794397,-0.2251194159137171,-0.08808998763561249,0.06783003360033035,-0.06776174157857895,-0.1470080316066742,0.15252670645713806,-0.6273091435432434,-0.3445683717727661,0.14803999662399292,-0.705655574798584,0.3151257336139679,0.11253264546394348,-0.3278540074825287
1749033601.6230268,0.29954782128334045,-1.753543039361471,1.122950855885641,1.5755275922962646,-1.0262773672686976,-0.22647506395448858,-0.09083378314971924,0.06733036041259766,-0.06753352284431458,-0.1419581174850464,0.15221905708312988,-0.6261260509490967,-0.35614320635795593,0.16278275847434998,-0.7248223423957825,0.28734123706817627,0.08052153140306473,-0.33821070194244385
1749033601.6230686,0.29938000440597534,-1.7534452877440394,1.1228230635272425,1.5752367216297607,-1.0259621779071253,-0.227668587361471,-0.08616377413272858,0.06697545945644379,-0.06760594993829727,-0.14319191873073578,0.15019641816616058,-0.6256069540977478,-0.3829832673072815,0.17068850994110107,-0.7166070342063904,0.29276150465011597,0.10501657426357269,-0.40585190057754517
1749033601.6236389,0.2992303669452667,-1.753306051293844,1.1227100531207483,1.5749565797993164,-1.0256941954242151,-0.22896129289735967,-0.08662480860948563,0.06657003611326218,-0.06707387417554855,-0.14326608180999756,0.15010033547878265,-0.630873441696167,-0.4094972312450409,0.18695060908794403,-0.733595073223114,0.2709839344024658,0.11292628198862076,-0.3579806089401245
1749033601.6256177,0.2990052402019501,-1.7531849346556605,1.122523609791891,1.574669523830078,-1.025367561970846,-0.23022824922670537,-0.08726175874471664,0.07095076143741608,-0.06638474762439728,-0.144361212849617,0.15084555745124817,-0.630624532699585,-0.339621901512146,0.10360582917928696,-0.7232586741447449,0.27188557386398315,0.08810163289308548,-0.2921641170978546
1749033601.6662953,0.2988795340061188,-1.7529860935606898,1.122399632130758,1.5743653017231445,-1.0250838438617151,-0.23148614565004522,-0.0856342539191246,0.06514456868171692,-0.06927116215229034,-0.14518927037715912,0.14953671395778656,-0.6256070137023926,-0.37477877736091614,0.17789290845394135,-0.7102115750312805,0.2622363865375519,0.12250541895627975,-0.35110709071159363
1749033601.6663423,0.2986842691898346,-1.7528835735716761,1.1222599188434046,1.5740806299396972,-1.0247848669635218,-0.23269492784609014,-0.08657488226890564,0.0648733451962471,-0.0677490308880806,-0.14558762311935425,0.14974145591259003,-0.6247787475585938,-0.3675835132598877,0.17638403177261353,-0.7029535174369812,0.2693038880825043,0.1271550953388214,-0.34872764348983765
1749033601.666383,0.29848578572273254,-1.7527324161925257,1.1221678892718714,1.5737690168568115,-1.0244701544391077,-0.2339571158038538,-0.08873341232538223,0.06858377903699875,-0.0664144828915596,-0.14618422091007233,0.150221049785614,-0.6222466826438904,-0.35337886214256287,0.15537165105342865,-0.7172538638114929,0.272110253572464,0.10796890407800674,-0.36420565843582153
1749033601.6664228,0.2983214259147644,-1.7526575527586878,1.1220362822162073,1.573465271587036,-1.0242098013507288,-0.2351916472064417,-0.08679192513227463,0.0653177872300148,-0.06830479204654694,-0.1488485187292099,0.15031227469444275,-0.6257591843605042,-0.34604978561401367,0.15904200077056885,-0.7247973680496216,0.2953559160232544,0.1304675191640854,-0.41765353083610535
1749033601.666462,0.2981225848197937,-1.75246061901235,1.1219161192523401,1.5731689172932128,-1.0238755385028284,-0.2364752928363245,-0.08639322221279144,0.06606326997280121,-0.06822635233402252,-0.1468675434589386,0.14977307617664337,-0.6304662227630615,-0.3755073547363281,0.17438919842243195,-0.6968532204627991,0.26923704147338867,0.12995420396327972,-0.32203635573387146
1749033601.6665063,0.29797881841659546,-1.7523442707457484,1.1217497030841272,1.5728844839283447,-1.0235760847674769,-0.23767549196352178,-0.08772855997085571,0.06500513106584549,-0.06777212768793106,-0.1469992846250534,0.15490946173667908,-0.6289156079292297,-0.40225642919540405,0.22182795405387878,-0.7159814834594727,0.26891592144966125,0.10171835124492645,-0.35287585854530334
1749033601.666546,0.2977941930294037,-1.7522460422911585,1.1216252485858362,1.572612925166748,-1.0232890287982386,-0.23896819749941045,-0.08683796972036362,0.0678916797041893,-0.06774735450744629,-0.15114888548851013,0.1525391936302185,-0.6297844052314758,-0.36123859882354736,0.18478012084960938,-0.7049859762191772,0.31400203704833984,0.14208047091960907,-0.3606589436531067
1749033601.666584,0.29762691259384155,-1.7521230183043421,1.121512238179342,1.5722850996204834,-1.0229786078082483,-0.24021464983095342,-0.08676733076572418,0.06803297996520996,-0.06834354251623154,-0.1496400386095047,0.1535986363887787,-0.6290990710258484,-0.38728025555610657,0.15237727761268616,-0.7091649770736694,0.29367703199386597,0.11221705377101898,-0.32426917552948
1749033601.6666222,0.29739686846733093,-1.7519790134825648,1.12136155763735,1.571981354350708,-1.0227058569537562,-0.24144441286195928,-0.09037759155035019,0.06725188344717026,-0.06820891797542572,-0.14948616921901703,0.15650668740272522,-0.6294587254524231,-0.3210213780403137,0.1931343674659729,-0.7019729614257812,0.30305472016334534,0.0931633859872818,-0.411291241645813
1749033601.66666,0.297195166349411,-1.7518350086607875,1.1212294737445276,1.571697636241577,-1.0223787466632288,-0.24276572862734014,-0.08768443018198013,0.06736776977777481,-0.06856931746006012,-0.14884449541568756,0.1542026847600937,-0.6343719363212585,-0.3645491302013397,0.1599138230085373,-0.7070171236991882,0.3164263665676117,0.13022056221961975,-0.34773197770118713
1749033601.6666977,0.297067254781723,-1.7516652546324671,1.1210978666888636,1.571390076274536,-1.022041145955221,-0.24402267137636358,-0.08780200779438019,0.06668520718812943,-0.06883980333805084,-0.14577403664588928,0.15446989238262177,-0.6363286972045898,-0.36287370324134827,0.1859215646982193,-0.6870797872543335,0.3046327531337738,0.1393093764781952,-0.3103622794151306
1749033601.666735,0.2968769371509552,-1.7515713177123011,1.1209705511676233,1.5710934835621337,-1.021752659474508,-0.24525434175600225,-0.08765290677547455,0.06666522473096848,-0.0671706274151802,-0.1453312784433365,0.15511609613895416,-0.6344252228736877,-0.3436952531337738,0.16326656937599182,-0.7196249961853027,0.2893208861351013,0.10957634449005127,-0.336010605096817
1749033601.6667724,0.29666662216186523,-1.7514239750304164,1.1208422819720667,1.5708061891743164,-1.0214503447162073,-0.24652320543398076,-0.08576185256242752,0.06535570323467255,-0.0678691565990448,-0.14634761214256287,0.1533920019865036,-0.6335099935531616,-0.3955063819885254,0.1916450411081314,-0.7068770527839661,0.2693203389644623,0.1293240189552307,-0.33729687333106995
1749033601.6668093,0.29654014110565186,-1.7513195476927699,1.1207101980792444,1.57050268232312,-1.0211342016803187,-0.24777299562563115,-0.08595120906829834,0.06705394387245178,-0.0711078867316246,-0.1476336568593979,0.1579853594303131,-0.6308028101921082,-0.38054850697517395,0.20549613237380981,-0.6680282950401306,0.2852000296115875,0.10891704261302948,-0.36007726192474365
1749033601.6668465,0.296360582113266,-1.751172205010885,1.1205785910235804,1.5702175337025146,-1.0207603613482874,-0.24903947511781865,-0.08577490597963333,0.06749468296766281,-0.06714452803134918,-0.14882759749889374,0.1551477611064911,-0.632677435874939,-0.4118747115135193,0.1494208127260208,-0.6959440112113953,0.2972102761268616,0.10051024705171585,-0.3848913311958313
1749033601.6668832,0.2961929738521576,-1.7510558567442835,1.120446507130758,1.5699340540119628,-1.0204804579364222,-0.25028878847231084,-0.08662078529596329,0.06656352430582047,-0.06805550307035446,-0.14534029364585876,0.15266147255897522,-0.6370778679847717,-0.3659432828426361,0.1776341050863266,-0.69498211145401,0.2717040479183197,0.13085533678531647,-0.29529425501823425
1749033601.6669204,0.2960682511329651,-1.7508965931334437,1.1203115622149866,1.569638653392456,-1.0202105681048792,-0.25161964098085576,-0.0858011469244957,0.06721328943967819,-0.06780025362968445,-0.14970487356185913,0.1559876948595047,-0.6336567997932434,-0.4032931625843048,0.17598865926265717,-0.7019883394241333,0.2852258086204529,0.08933840692043304,-0.33016490936279297
1749033601.6669576,0.2958143949508667,-1.7507840595641078,1.1201680342303675,1.5693768697926025,-1.0198496023761194,-0.25283509889711553,-0.08690700680017471,0.06962990760803223,-0.06820660084486008,-0.1454760581254959,0.15263770520687103,-0.6324079632759094,-0.39972037076950073,0.16246236860752106,-0.6817140579223633,0.27902477979660034,0.11701556295156479,-0.31630122661590576
1749033601.6669943,0.2956829369068146,-1.7506329021849574,1.120016876851217,1.569058580989502,-1.0195816198932093,-0.2541306654559534,-0.08773503452539444,0.06756375730037689,-0.06810473650693893,-0.14374244213104248,0.15332281589508057,-0.6317243576049805,-0.40146148204803467,0.17656071484088898,-0.7017837166786194,0.2450021207332611,0.11401616036891937,-0.33601653575897217
1749033601.6670315,0.29547935724258423,-1.7504855595030726,1.1198766867267054,1.5687662798115234,-1.0192740599261683,-0.2553790251361292,-0.08726654201745987,0.06822041422128677,-0.06823628395795822,-0.150370255112648,0.15259301662445068,-0.6289706230163574,-0.3866722583770752,0.13963481783866882,-0.6764690279960632,0.29853352904319763,0.136009082198143,-0.3597206473350525
1749033601.667649,0.2953200340270996,-1.7503506145873011,1.1197603384601038,1.5684818464466552,-1.0189645926104944,-0.25660401979555303,-0.08726757019758224,0.06716490536928177,-0.0682215765118599,-0.14843147993087769,0.15184788405895233,-0.6295922994613647,-0.36182984709739685,0.1612442284822464,-0.6829359531402588,0.275608092546463,0.13245698809623718,-0.3340016305446625
1749033601.669661,0.2950940728187561,-1.7502371273436488,1.1196320692645472,1.5681981283375244,-1.0186684767352503,-0.2579095999347132,-0.08491667360067368,0.06625480204820633,-0.06788652390241623,-0.14784346520900726,0.15232166647911072,-0.6294522285461426,-0.42039379477500916,0.1957491785287857,-0.6809674501419067,0.29507750272750854,0.13398750126361847,-0.31597843766212463
1749033601.710288,0.2949402630329132,-1.750085016290182,1.1194971243487757,1.567882700557373,-1.0183489958392542,-0.2591903845416468,-0.0890197828412056,0.06664164364337921,-0.06745851784944534,-0.14863136410713196,0.15361128747463226,-0.6273661851882935,-0.3749537169933319,0.17122377455234528,-0.6805263161659241,0.27914634346961975,0.1202201098203659,-0.3383198082447052
1749033601.7103457,0.294738233089447,-1.7499648533263148,1.1193655172931116,1.5676099497028808,-1.0180228392230433,-0.2604025045977991,-0.0850776880979538,0.06735110282897949,-0.06642016023397446,-0.1491360068321228,0.1537742167711258,-0.6256097555160522,-0.40347424149513245,0.13498570024967194,-0.6949326992034912,0.2836111783981323,0.10993736982345581,-0.3201570510864258
1749033601.710389,0.2945821285247803,-1.7498141727843226,1.1192339102374476,1.5673219400593261,-1.0177305380450647,-0.26166278520693,-0.08675440400838852,0.06711162626743317,-0.0658198893070221,-0.14872713387012482,0.15463034808635712,-0.6248810887336731,-0.40034419298171997,0.17144501209259033,-0.706737220287323,0.28943806886672974,0.12869545817375183,-0.3492962718009949
1749033601.71043,0.29440590739250183,-1.7496973476805628,1.1190899054156702,1.5670217710682373,-1.0174310843097132,-0.2629202047931116,-0.08732102811336517,0.066729836165905,-0.06631983071565628,-0.14803451299667358,0.1543601155281067,-0.6258087754249573,-0.4116843044757843,0.19739004969596863,-0.6977366805076599,0.24877789616584778,0.11175157129764557,-0.38336890935897827
1749033601.7104683,0.29422295093536377,-1.7495609722533167,1.1189668814288538,1.5667146879383544,-1.0171473662005823,-0.26414186159242803,-0.08717522025108337,0.06765014678239822,-0.06587020307779312,-0.15173590183258057,0.15426161885261536,-0.6277094483375549,-0.4173193871974945,0.1874890923500061,-0.7076699733734131,0.3049857020378113,0.10156923532485962,-0.32732653617858887
1749033601.7105067,0.2940622866153717,-1.749444147149557,1.1188505331622522,1.56643454610791,-1.0168002287494105,-0.26542503038515264,-0.08708226680755615,0.06725390255451202,-0.0657777264714241,-0.14827238023281097,0.15435835719108582,-0.6264250874519348,-0.3943076729774475,0.17235472798347473,-0.7201717495918274,0.277011901140213,0.0787750780582428,-0.32830753922462463
1749033601.7105446,0.2939288914203644,-1.7493049106993617,1.1187098662005823,1.566126986140869,-1.0165131727801722,-0.2666514555560511,-0.08671422302722931,0.06487992405891418,-0.06634803116321564,-0.14941132068634033,0.1545816957950592,-0.6267992258071899,-0.41998305916786194,0.19192351400852203,-0.7090726494789124,0.26608794927597046,0.10103961825370789,-0.3743232190608978
1749033601.7105818,0.29371145367622375,-1.7491895161070765,1.1185625235186976,1.5658268171497802,-1.016209904347555,-0.26793080965151006,-0.08656894415616989,0.06598115712404251,-0.06650759279727936,-0.14936809241771698,0.15038558840751648,-0.629250168800354,-0.41540461778640747,0.19403749704360962,-0.7185749411582947,0.3054542541503906,0.11247193068265915,-0.3165036737918854
1749033601.7106218,0.2935542166233063,-1.7490693531432093,1.118420426045553,1.5655430990406494,-1.0158923308001917,-0.2691734472857874,-0.08625789731740952,0.06826937198638916,-0.06597644835710526,-0.14765098690986633,0.15256424248218536,-0.628129780292511,-0.39941152930259705,0.1773013174533844,-0.7169413566589355,0.28960877656936646,0.11868788301944733,-0.3507236838340759
1749033601.7106655,0.2933439016342163,-1.748913427392477,1.118321720753805,1.5652550893970947,-1.0156081358539026,-0.27044994035829717,-0.08583541959524155,0.06466516852378845,-0.06803066283464432,-0.14925327897071838,0.1530524492263794,-0.6284545063972473,-0.4138994812965393,0.18156687915325165,-0.7257928848266602,0.28751540184020996,0.11935840547084808,-0.3382863402366638
1749033601.710704,0.2932020425796509,-1.7487741909422816,1.1181519667254847,1.564950867290161,-1.0153163115130823,-0.27171165147890264,-0.08969441056251526,0.06490681320428848,-0.06656473875045776,-0.1507280021905899,0.15288712084293365,-0.6267282366752625,-0.36342549324035645,0.2140343338251114,-0.7114693522453308,0.30571696162223816,0.12293456494808197,-0.3126412332057953
1749033601.710745,0.2930085062980652,-1.7486239872374476,1.1180327574359339,1.5646862226673584,-1.0149830023394983,-0.27302247682680303,-0.08638202399015427,0.06774499267339706,-0.06513354927301407,-0.1509961634874344,0.15411877632141113,-0.6264883875846863,-0.41137945652008057,0.22737663984298706,-0.7428048253059387,0.27753281593322754,0.1467755287885666,-0.3735394775867462
1749033601.710783,0.29285967350006104,-1.7485181293883265,1.1179159323321741,1.564382715816162,-1.0146783033954065,-0.27421266237367803,-0.08823185414075851,0.0684012919664383,-0.06598031520843506,-0.15054181218147278,0.1549772322177887,-0.6286910176277161,-0.40459975600242615,0.17540055513381958,-0.7399042248725891,0.3041459918022156,0.14335305988788605,-0.3019386827945709
1749033601.7108204,0.2926543951034546,-1.7483979664244593,1.11778432527651,1.5640508371540527,-1.0143917242633265,-0.27545673051943,-0.08850131928920746,0.06759259849786758,-0.06746987253427505,-0.1497119516134262,0.15439677238464355,-0.6298028230667114,-0.384124219417572,0.1648162603378296,-0.7106493711471558,0.2998727560043335,0.12590385973453522,-0.3466971516609192
1749033601.7108657,0.2924969792366028,-1.748228212396139,1.1176179091082972,1.5637671190449218,-1.01406175294985,-0.2767294088946741,-0.08716866374015808,0.06818751245737076,-0.06448372453451157,-0.14954176545143127,0.15526451170444489,-0.6301217079162598,-0.40476348996162415,0.17576611042022705,-0.7476961612701416,0.2889961004257202,0.11608842760324478,-0.3319670855998993
1749033601.7109046,0.29233747720718384,-1.7480913601317347,1.1174896399127405,1.5634676653095703,-1.0137346426593226,-0.27797156969179326,-0.08752772957086563,0.06820975989103317,-0.06589929014444351,-0.14966371655464172,0.15159323811531067,-0.6310125589370728,-0.4044989347457886,0.16993822157382965,-0.7305313348770142,0.31220266222953796,0.15224727988243103,-0.2844250798225403
1749033601.7109418,0.292168527841568,-1.74798645595693,1.117392365132467,1.5631355482288818,-1.0134666601764124,-0.2792766729937952,-0.08799255639314651,0.06770804524421692,-0.06695683300495148,-0.1481819897890091,0.15482747554779053,-0.6281501054763794,-0.4007830321788788,0.17912283539772034,-0.7332302927970886,0.2995246350765228,0.1294199824333191,-0.31522250175476074
1749033601.7109783,0.29196494817733765,-1.7477742634215296,1.117272679005758,1.5628275114246826,-1.0131657759295862,-0.28050262132753545,-0.08845284581184387,0.06827330589294434,-0.06676782667636871,-0.14913754165172577,0.15377511084079742,-0.6227474212646484,-0.38447824120521545,0.1467534750699997,-0.7307795882225037,0.28890150785446167,0.1346459835767746,-0.32876941561698914
1749033601.7110155,0.29177141189575195,-1.7476607761778773,1.1171096006976526,1.5625263887592773,-1.012773338948385,-0.28179961839784795,-0.08825252205133438,0.06702853739261627,-0.06825718283653259,-0.1500377058982849,0.15209947526454926,-0.6216951012611389,-0.39955171942710876,0.16820546984672546,-0.7210604548454285,0.3366428315639496,0.1302650272846222,-0.3170672655105591
1749033601.7110527,0.2915675640106201,-1.7475482426085414,1.116993252431051,1.5622381406971435,-1.0125559012042444,-0.2830289045916956,-0.08724569529294968,0.06631283462047577,-0.06805109232664108,-0.14798256754875183,0.1515018492937088,-0.6200006604194641,-0.40557989478111267,0.1894719898700714,-0.6977102756500244,0.34217047691345215,0.15172478556632996,-0.3787691593170166
1749033601.7116632,0.291400283575058,-1.7473770580687464,1.1168339888202112,1.5619415479847412,-1.0122407118426722,-0.284250561391012,-0.08621915429830551,0.0683164969086647,-0.06624436378479004,-0.15119265019893646,0.15188176929950714,-0.6253253221511841,-0.40253591537475586,0.14781853556632996,-0.7289310097694397,0.3316744267940521,0.15315769612789154,-0.32380521297454834
1749033601.713644,0.29127761721611023,-1.747291704217428,1.1167176405536097,1.5616249281116943,-1.0119765440570276,-0.2855151335345667,-0.08847448229789734,0.06657145172357559,-0.0675852969288826,-0.14989745616912842,0.15196919441223145,-0.6239829063415527,-0.3967667818069458,0.1646949052810669,-0.7333112955093384,0.3727140426635742,0.14030158519744873,-0.3006258010864258
1749033601.754291,0.2910988926887512,-1.7471748791136683,1.11656362215151,1.5613326269337158,-1.0116246382342737,-0.28675586382021123,-0.08465456962585449,0.0698138102889061,-0.06973841786384583,-0.14785562455654144,0.15364012122154236,-0.6228340268135071,-0.43193915486335754,0.14171743392944336,-0.6931405663490295,0.3632428050041199,0.1380680501461029,-0.3466746211051941
1749033601.754338,0.2908695340156555,-1.7470084629454554,1.1164196173297327,1.5610670286365966,-1.0113375822650355,-0.2880185286151331,-0.08632124215364456,0.06515750288963318,-0.06641843169927597,-0.1464194804430008,0.1545821726322174,-0.6221349239349365,-0.44763708114624023,0.16668002307415009,-0.7253904342651367,0.33790698647499084,0.13852572441101074,-0.3262270390987396
1749033601.7543786,0.2907172739505768,-1.7468906841673792,1.1163223425494593,1.5607630449482421,-1.0110333601581019,-0.2892659346209925,-0.0874365046620369,0.06545369327068329,-0.06800715625286102,-0.14346376061439514,0.15482938289642334,-0.6171456575393677,-0.392836332321167,0.17492179572582245,-0.7142930030822754,0.3443412780761719,0.13601067662239075,-0.3715265095233917
1749033601.7544174,0.2905603051185608,-1.7467524013915003,1.116206471120016,1.5604590612598876,-1.0107124487506312,-0.29051334062685186,-0.08644182980060577,0.06804075837135315,-0.06767159700393677,-0.1423855572938919,0.15469232201576233,-0.6209123730659485,-0.4262900948524475,0.16293945908546448,-0.7328550219535828,0.31290876865386963,0.15122106671333313,-0.3861014246940613
1749033601.7544556,0.29038888216018677,-1.746631761590475,1.1160710493670862,1.560166283244751,-1.0104058424579065,-0.2917431036578577,-0.08838893473148346,0.06511806696653366,-0.0666283443570137,-0.14138460159301758,0.15455731749534607,-0.6248062252998352,-0.4072350561618805,0.1598246991634369,-0.7232370972633362,0.3106673061847687,0.1525351107120514,-0.3270825445652008
1749033601.7544942,0.2902093827724457,-1.7464763126769007,1.115931812916891,1.5599164205738525,-1.0100911299334925,-0.2929723898517054,-0.08764912188053131,0.0657874345779419,-0.06698537617921829,-0.14310194551944733,0.15212737023830414,-0.6232978105545044,-0.4142504930496216,0.2017134428024292,-0.7343326210975647,0.2987317442893982,0.16276778280735016,-0.39700666069984436
1749033601.754533,0.2900177240371704,-1.7463599644102992,1.1158040205584925,1.5596279340931396,-1.0097649733172815,-0.29419023195375615,-0.08830064535140991,0.06641335040330887,-0.0666736364364624,-0.14168089628219604,0.1564420759677887,-0.6219132542610168,-0.40070831775665283,0.15285055339336395,-0.7257106900215149,0.284833163022995,0.13608473539352417,-0.3890419006347656
1749033601.7545707,0.2900177240371704,-1.7463599644102992,1.1158040205584925,1.5596279340931396,-1.0097649733172815,-0.29419023195375615,-0.08830064535140991,0.06641335040330887,-0.0666736364364624,-0.14168089628219604,0.1564420759677887,-0.6219132542610168,-0.40070831775665283,0.15285055339336395,-0.7257106900215149,0.284833163022995,0.13608473539352417,-0.3890419006347656
1749033601.7546084,0.2896549701690674,-1.7460648022093714,1.1155126730548304,1.5590135294147949,-1.0091589132892054,-0.29675513902773076,-0.08834317326545715,0.06543190032243729,-0.06716163456439972,-0.14661428332328796,0.1548091173171997,-0.623893678188324,-0.41665223240852356,0.18702584505081177,-0.7359236478805542,0.3351536989212036,0.1586867868900299,-0.43379923701286316
1749033601.7546458,0.2894679605960846,-1.7459689579405726,1.115396801625387,1.5587560373493652,-1.0089362303363245,-0.2979963461505335,-0.08857028186321259,0.06594687700271606,-0.06726138293743134,-0.1456289440393448,0.15704385936260223,-0.6333039999008179,-0.4091656804084778,0.19459320604801178,-0.7406327724456787,0.318615198135376,0.13499970734119415,-0.37060850858688354
1749033601.7546835,0.2892991602420807,-1.7458044491209925,1.115256134663717,1.5584639745899658,-1.0085528532611292,-0.2992337385760706,-0.08945343643426895,0.06670742481946945,-0.06790748238563538,-0.146293044090271,0.15557806193828583,-0.6347175240516663,-0.38707005977630615,0.18876837193965912,-0.7420125603675842,0.31571364402770996,0.14716114103794098,-0.3275003731250763
1749033601.7547207,0.28916236758232117,-1.7456885776915492,1.115124527608053,1.5581819254108886,-1.0082820097552698,-0.3005183378802698,-0.08720538765192032,0.06656508892774582,-0.06868644058704376,-0.14637157320976257,0.15640099346637726,-0.6331285238265991,-0.4228000342845917,0.1763528287410736,-0.7272740602493286,0.3337278664112091,0.16024601459503174,-0.3570660352706909
1749033601.7547581,0.28894108533859253,-1.7455407581725062,1.1149895826922815,1.5578388410755615,-1.0079625288592737,-0.3017962614642542,-0.0906430035829544,0.06751418113708496,-0.06913448870182037,-0.14634959399700165,0.15590031445026398,-0.6328352689743042,-0.3956010341644287,0.1771450936794281,-0.720693826675415,0.30939531326293945,0.15229114890098572,-0.35239800810813904
1749033601.7547953,0.2887842059135437,-1.7454244099059046,1.1148298422442835,1.5575691896625976,-1.0076711813556116,-0.3030489126788538,-0.08609020709991455,0.06678273528814316,-0.06946508586406708,-0.1470341831445694,0.15555673837661743,-0.6309345364570618,-0.38750889897346497,0.10298648476600647,-0.7122622728347778,0.3730093240737915,0.14459848403930664,-0.3066127896308899
1749033601.7548323,0.2886011004447937,-1.7452804050841273,1.1146982351886194,1.5572337347218017,-1.0073149839984339,-0.3043101469623011,-0.08564380556344986,0.06438516825437546,-0.06956028938293457,-0.14395764470100403,0.15767264366149902,-0.6268098950386047,-0.35926270484924316,0.11904080957174301,-0.7086447477340698,0.36466413736343384,0.11797384917736053,-0.2842446267604828
1749033601.7548692,0.2884143888950348,-1.745162149468893,1.1145857016192835,1.5569681364246826,-1.0069802443133753,-0.3055051008807581,-0.0850713923573494,0.062144212424755096,-0.06842149794101715,-0.1418607532978058,0.15407833456993103,-0.624951183795929,-0.37129390239715576,0.14793680608272552,-0.714866042137146,0.33912163972854614,0.12520605325698853,-0.2323208451271057
1749033601.7549064,0.2883106768131256,-1.7450252972044886,1.1144383589373987,1.5566479402729492,-1.0066750685321253,-0.3067277113543909,-0.08284639567136765,0.06210765242576599,-0.067706398665905,-0.14187544584274292,0.15058083832263947,-0.6158254146575928,-0.42461249232292175,0.16509053111076355,-0.6932333111763,0.36138594150543213,0.1334667205810547,-0.2723296582698822
1749033601.7549431,0.2881251275539398,-1.7449051342406214,1.1143067518817347,1.5563475328632812,-1.0063779989825647,-0.3079445997821253,-0.08657416701316833,0.061975687742233276,-0.06617341190576553,-0.14038260281085968,0.1540437489748001,-0.6110747456550598,-0.3934122920036316,0.1714550107717514,-0.7242720723152161,0.3315455913543701,0.13120871782302856,-0.3206811249256134
1749033601.7549806,0.28796082735061646,-1.7447697124876917,1.114178482686178,1.5560940939136962,-1.0060723463641565,-0.3091672102557581,-0.08765944093465805,0.0671122819185257,-0.06654760241508484,-0.14067359268665314,0.15247184038162231,-0.6072348952293396,-0.42443713545799255,0.21302975714206696,-0.7069306969642639,0.3058294653892517,0.1333952695131302,-0.39278969168663025
1749033601.7550178,0.28778499364852905,-1.7446261845030726,1.1140311400042933,1.5557901102253417,-1.005796257649557,-0.31036216417421514,-0.09028799086809158,0.06613883376121521,-0.06371293216943741,-0.14011286199092865,0.15408527851104736,-0.6119051575660706,-0.4161578118801117,0.24174827337265015,-0.7323992252349854,0.30492493510246277,0.12626111507415771,-0.45956361293792725
1749033601.755696,0.2875598967075348,-1.7445250950255335,1.1138837973224085,1.5555099683948974,-1.0055201689349573,-0.3116372267352503,-0.09101641178131104,0.06782316416501999,-0.06400840729475021,-0.14244014024734497,0.15505103766918182,-0.6228886246681213,-0.39069002866744995,0.19749951362609863,-0.7354544997215271,0.3177277743816376,0.10714183747768402,-0.40446439385414124
1749033601.7576385,0.28743886947631836,-1.7443739376463832,1.11377460161318,1.555252953166626,-1.0052107016192835,-0.31289464632143194,-0.08999940007925034,0.07173467427492142,-0.06690473854541779,-0.13881468772888184,0.15328098833560944,-0.6283309459686279,-0.39540886878967285,0.13211680948734283,-0.7110102772712708,0.30045443773269653,0.13432639837265015,-0.33966097235679626
1749033601.8023515,0.28729376196861267,-1.7442618809142054,1.113642994557516,1.5549728113361816,-1.0048964659320276,-0.3141081968890589,-0.09028172492980957,0.06569206714630127,-0.06597086787223816,-0.13803942501544952,0.1524946391582489,-0.6294575333595276,-0.4138196110725403,0.18497325479984283,-0.719017744064331,0.30828437209129333,0.1444781869649887,-0.34471452236175537
1749033601.8024015,0.28708669543266296,-1.7441140613951625,1.113495175038473,1.5546962457844238,-1.0045784155475062,-0.3154028097735804,-0.0886516124010086,0.06600464135408401,-0.06724663823843002,-0.14357899129390717,0.1535821408033371,-0.6301882266998291,-0.3804076313972473,0.21017302572727203,-0.7195810079574585,0.3194100260734558,0.13245889544487,-0.3275909721851349
1749033601.8024418,0.2868794798851013,-1.7439905605711878,1.1133483091937464,1.5544006067463378,-1.0042408148394983,-0.31659108797182256,-0.08825141936540604,0.06552310287952423,-0.0686006098985672,-0.13938255608081818,0.15306279063224792,-0.6273321509361267,-0.38672855496406555,0.1675625741481781,-0.7057505249977112,0.3079371750354767,0.14827679097652435,-0.3403686583042145
1749033601.8024912,0.286680668592453,-1.743838449517721,1.1131890455829065,1.5541278558918457,-1.0039194265948694,-0.3179062048541468,-0.09110807627439499,0.06393864750862122,-0.06916502863168716,-0.1408546417951584,0.1546844094991684,-0.6260150671005249,-0.3472520411014557,0.19488543272018433,-0.6905004978179932,0.2942054867744446,0.12339253723621368,-0.3800309896469116
1749033601.8025355,0.28653594851493835,-1.743737360040182,1.1130569616900843,1.553842230434082,-1.0035880247699183,-0.3191145102130335,-0.0884428471326828,0.06353698670864105,-0.06938106566667557,-0.14163464307785034,0.15538232028484344,-0.6295498013496399,-0.4118625819683075,0.2402244508266449,-0.6807984113693237,0.27996453642845154,0.11223938316106796,-0.3348504304885864
1749033601.8025794,0.28634199500083923,-1.7435947857298792,1.1129253546344202,1.5535623270222167,-1.0032690207110804,-0.3204296270953577,-0.08936610072851181,0.0644158124923706,-0.06861327588558197,-0.14336322247982025,0.15371643006801605,-0.6298372745513916,-0.38293206691741943,0.24033717811107635,-0.6920196413993835,0.2933771312236786,0.1300053596496582,-0.3410694897174835
1749033601.802619,0.28617313504219055,-1.7434545956053675,1.1128128210650843,1.5532581049152832,-1.0030158201800745,-0.32172948518861944,-0.08942575752735138,0.06589791923761368,-0.07016991078853607,-0.14635024964809418,0.15688295662403107,-0.6277962923049927,-0.3712669610977173,0.1992533802986145,-0.6619265079498291,0.28145384788513184,0.09724791347980499,-0.35121405124664307
1749033601.8026567,0.28598111867904663,-1.7433535061278285,1.112673584614889,1.552973433131836,-1.0027325789081019,-0.3229883352862757,-0.08931046724319458,0.06654080748558044,-0.06593795120716095,-0.1470678746700287,0.15345314145088196,-0.6280438899993896,-0.4011356234550476,0.1945360004901886,-0.7007461190223694,0.3164843022823334,0.11655732989311218,-0.31266069412231445
1749033601.802694,0.28584960103034973,-1.7431909046568812,1.1125338713275355,1.5526889997669677,-1.0023787657367151,-0.3242390791522425,-0.08917246758937836,0.06680949032306671,-0.065818190574646,-0.14570365846157074,0.15243752300739288,-0.6296675801277161,-0.416963130235672,0.1899314820766449,-0.7116298675537109,0.25711923837661743,0.12464163452386856,-0.3349010944366455
1749033601.8027315,0.28562694787979126,-1.7430507145323695,1.112436596547262,1.5523566442677001,-1.0021312872516077,-0.3254931608783167,-0.09066574275493622,0.06943188607692719,-0.06848586350679398,-0.1493850201368332,0.1538134664297104,-0.6300349235534668,-0.3987776041030884,0.14661219716072083,-0.6802307367324829,0.3080028295516968,0.10142417252063751,-0.33595120906829834
1749033601.8027685,0.28548669815063477,-1.7428771458067835,1.1122897307025355,1.5520655351826171,-1.0017979780780237,-0.32679492632021123,-0.09061641246080399,0.06594932824373245,-0.06609108299016953,-0.1495537906885147,0.15191614627838135,-0.6292290091514587,-0.3999897241592407,0.2254914492368698,-0.6910242438316345,0.32473593950271606,0.14559535682201385,-0.33089229464530945
1749033601.8028052,0.2852950096130371,-1.742807527581686,1.1121228376971644,1.5517842012592773,-1.0015233198748987,-0.32803422609438115,-0.09266281872987747,0.06711336970329285,-0.06637686491012573,-0.14839880168437958,0.15198968350887299,-0.6285005211830139,-0.3749111294746399,0.2076488882303238,-0.6957308650016785,0.29484736919403076,0.1435597687959671,-0.3716270923614502
1749033601.8028417,0.28514283895492554,-1.7425977192320765,1.112006966267721,1.5514675813862304,-1.0012319723712366,-0.3292778174029749,-0.08962418138980865,0.07112859934568405,-0.06667602807283401,-0.14985108375549316,0.15317502617835999,-0.6319255828857422,-0.4250465929508209,0.1281205415725708,-0.7146469950675964,0.29342120885849,0.1689949780702591,-0.32654109597206116
1749033601.802878,0.2849428355693817,-1.7425161800780238,1.1118939558612269,1.5511948305317382,-1.0009329954730433,-0.33056766191591436,-0.08963409066200256,0.06706554442644119,-0.06644666939973831,-0.15038110315799713,0.15272323787212372,-0.630940318107605,-0.41289958357810974,0.1509213000535965,-0.7040022015571594,0.32310500741004944,0.15718108415603638,-0.3385588228702545
1749033601.8041897,0.2847870886325836,-1.7423516712584437,1.1117427984820765,1.5508565145679931,-1.0005915800677698,-0.3317983786212366,-0.09061653912067413,0.06721553206443787,-0.066876620054245,-0.14841081202030182,0.15317830443382263,-0.6310137510299683,-0.3724971115589142,0.16344621777534485,-0.6914383172988892,0.3088461756706238,0.15847177803516388,-0.36732232570648193
1749033601.8042421,0.28456583619117737,-1.742228170434469,1.111615006123678,1.5505711275288085,-1.0002535025226038,-0.33302194276918584,-0.08878663182258606,0.06778860837221146,-0.06635786592960358,-0.1486068069934845,0.1576680690050125,-0.6305871605873108,-0.4162633419036865,0.1499130129814148,-0.7135553359985352,0.32609304785728455,0.13994774222373962,-0.3207061290740967
1749033601.8042831,0.2844242453575134,-1.742115160027975,1.1114757696734827,1.5503083902546386,-0.9999221006976526,-0.3343094030963343,-0.09006750583648682,0.06731224060058594,-0.06634821742773056,-0.1477433443069458,0.15544264018535614,-0.6316173672676086,-0.38388529419898987,0.15599019825458527,-0.7008222937583923,0.29192283749580383,0.15304487943649292,-0.3414991497993469
1749033601.804321,0.2842515707015991,-1.7419764004149378,1.1113513151751917,1.549985571498535,-0.9996255079852503,-0.335611645375387,-0.09054805338382721,0.06702759116888046,-0.06589380651712418,-0.14705589413642883,0.155414879322052,-0.6300111413002014,-0.37673261761665344,0.1499766856431961,-0.7209521532058716,0.29931163787841797,0.12178324908018112,-0.3648241460323334
1749033601.8043585,0.2840110957622528,-1.7418281040587367,1.111227814351217,1.5497008997150878,-0.9992769400226038,-0.33686525026430303,-0.0915641337633133,0.06785943359136581,-0.0656995177268982,-0.1462840884923935,0.1587703377008438,-0.632564902305603,-0.37176239490509033,0.16291913390159607,-0.7320530414581299,0.2892409563064575,0.08996821939945221,-0.32978111505508423
1749033601.8043954,0.28387802839279175,-1.7416497669615687,1.1110809485064905,1.549431248302124,-0.9989507834063929,-0.33810407320131475,-0.09136144816875458,0.06775476783514023,-0.06519152224063873,-0.1470632553100586,0.15710663795471191,-0.6341010332107544,-0.40297481417655945,0.19602808356285095,-0.731575608253479,0.273391455411911,0.10183534771203995,-0.3903041481971741
1749033601.8044326,0.28363510966300964,-1.7415639362730921,1.1109679380999964,1.5491196352192382,-0.9986160437213343,-0.33940202394594365,-0.09191097319126129,0.06805447489023209,-0.06413611024618149,-0.14705736935138702,0.15745976567268372,-0.6377439498901367,-0.36717021465301514,0.16180890798568726,-0.7467950582504272,0.26334941387176514,0.0600891038775444,-0.3155146539211273
1749033601.8044698,0.2834933400154114,-1.7414127788939417,1.110840145741598,1.5488347250172119,-0.9983161131488245,-0.3406561056720179,-0.09033305943012238,0.06688443571329117,-0.06692660599946976,-0.14808389544487,0.15666911005973816,-0.6372926831245422,-0.35699203610420227,0.16463030874729156,-0.7468011379241943,0.24832603335380554,0.06848842650651932,-0.2880361080169678
1749033601.8046117,0.28328418731689453,-1.7412811718382777,1.1106770674334925,1.5485188203999023,-0.9980366865741175,-0.3419306913958948,-0.08731955289840698,0.06605436652898788,-0.06488355994224548,-0.15075483918190002,0.15445943176746368,-0.6313789486885071,-0.39963364601135254,0.1720791459083557,-0.7385346293449402,0.2965620756149292,0.06621310859918594,-0.31961899995803833
1749033601.8056784,0.2831270098686218,-1.7411219082274378,1.1105569044696253,1.5482289034077148,-0.9977152983294886,-0.3431437651263636,-0.09040120244026184,0.06570681929588318,-0.06582973897457123,-0.14735785126686096,0.15282990038394928,-0.6308929324150085,-0.3896002769470215,0.17124703526496887,-0.7528778314590454,0.29030314087867737,0.1073550432920456,-0.3126680850982666
1749033601.84652,0.2829679548740387,-1.741014143029684,1.1104028860675257,1.5479788023182373,-0.9974163214312952,-0.3444402853595179,-0.08744624257087708,0.06633973121643066,-0.0666537806391716,-0.1487237513065338,0.15164761245250702,-0.6272522211074829,-0.42009636759757996,0.1631198525428772,-0.7378794550895691,0.24930191040039062,0.10212785005569458,-0.3623209595680237
1749033601.8465693,0.2828107476234436,-1.740866323510641,1.1103056112872522,1.547670527095459,-0.99713641801943,-0.34568864503969365,-0.08900797367095947,0.06600992381572723,-0.06604328751564026,-0.14932771027088165,0.15014784038066864,-0.629928708076477,-0.43249747157096863,0.167457714676857,-0.7392163276672363,0.29976537823677063,0.1109299585223198,-0.37776604294776917
1749033601.8466105,0.2826429009437561,-1.7407380543150843,1.1101496855365198,1.5473856168934326,-0.9967601935016077,-0.3469279448138636,-0.087069571018219,0.06625498086214066,-0.0672222375869751,-0.14653180539608002,0.15098686516284943,-0.633850634098053,-0.3785910904407501,0.17235133051872253,-0.7435300350189209,0.25700220465660095,0.11771994084119797,-0.31077301502227783
1749033601.8466492,0.2826429009437561,-1.7407380543150843,1.1101496855365198,1.5473856168934326,-0.9967601935016077,-0.3469279448138636,-0.087069571018219,0.06625498086214066,-0.0672222375869751,-0.14653180539608002,0.15098686516284943,-0.633850634098053,-0.3785910904407501,0.17235133051872253,-0.7435300350189209,0.25700220465660095,0.11771994084119797,-0.31077301502227783
1749033601.8466876,0.28221291303634644,-1.7405053577818812,1.1098740736590784,1.5467688280292968,-0.9962008635150355,-0.34948474565614873,-0.0887513980269432,0.06747948378324509,-0.06666991859674454,-0.1494438797235489,0.15478207170963287,-0.6298062205314636,-0.43029969930648804,0.1361711323261261,-0.7497982382774353,0.2639596462249756,0.08901726454496384,-0.3430877923965454
1749033601.8467255,0.28208863735198975,-1.7403456173338832,1.1097424666034144,1.5464810568043212,-0.995852295552389,-0.35073548952211553,-0.08886174857616425,0.06633469462394714,-0.06839919090270996,-0.14907369017601013,0.15187403559684753,-0.629280686378479,-0.40917420387268066,0.17466628551483154,-0.732229471206665,0.2847462296485901,0.09915575385093689,-0.33675330877304077
1749033601.8467646,0.28193655610084534,-1.740214010278219,1.1095917860614222,1.5461715894886474,-0.9955709616290491,-0.35201961198915654,-0.08945681154727936,0.06810525804758072,-0.07069668173789978,-0.15200921893119812,0.15083059668540955,-0.6275087594985962,-0.41322994232177734,0.18686668574810028,-0.6941050887107849,0.289253294467926,0.09890793263912201,-0.3826372027397156
1749033601.8468022,0.28175708651542664,-1.7401048145689906,1.1094706694232386,1.5458475786396484,-0.995284382496969,-0.35330087343324834,-0.09086906909942627,0.06879724562168121,-0.06787516921758652,-0.1491275578737259,0.15444952249526978,-0.6330573558807373,-0.4073067307472229,0.14540435373783112,-0.7123032808303833,0.284406840801239,0.09010304510593414,-0.3670782744884491
1749033601.8468404,0.28157374262809753,-1.7399455509581507,1.1093114058123987,1.5455943781086425,-0.9949615637408655,-0.3545745054828089,-0.09132201224565506,0.06696690618991852,-0.06827934831380844,-0.14758384227752686,0.1524946689605713,-0.634259819984436,-0.3714691698551178,0.16192254424095154,-0.7022371292114258,0.2807058095932007,0.08605316281318665,-0.27338364720344543
1749033601.8468778,0.2813938558101654,-1.7398377857603968,1.1091983954059046,1.545278711909912,-0.9946392218219202,-0.3558414618121546,-0.08773636817932129,0.06672576814889908,-0.06858876347541809,-0.15110310912132263,0.15089266002178192,-0.6281591653823853,-0.3366934657096863,0.0897589921951294,-0.7057041525840759,0.31520920991897583,0.0802406519651413,-0.24794378876686096
1749033601.846915,0.28117823600769043,-1.7396708927550257,1.1090477148639124,1.54496614515271,-0.9943330923663538,-0.3570931593524378,-0.0867767333984375,0.06304250657558441,-0.06686941534280777,-0.14554937183856964,0.14706334471702576,-0.6192764639854431,-0.37047815322875977,0.11236998438835144,-0.6983151435852051,0.33339500427246094,0.09132224321365356,-0.24346303939819336
1749033601.8469517,0.2809998095035553,-1.7395621738829554,1.1089471022235315,1.5446771818348388,-0.9940689245807093,-0.35824281374086553,-0.08392605185508728,0.061042435467243195,-0.06567417085170746,-0.14370867609977722,0.14205090701580048,-0.6079288721084595,-0.3872911036014557,0.19698502123355865,-0.7154315114021301,0.28813546895980835,0.11513303220272064,-0.314632773399353
1749033601.8469884,0.2808515131473541,-1.7394691906371058,1.108784023915426,1.5444354253956298,-0.9937594572650355,-0.35951215425600225,-0.08285719156265259,0.06268268823623657,-0.06483533978462219,-0.1431882679462433,0.1421346813440323,-0.6062080264091492,-0.4414113461971283,0.17154821753501892,-0.7302601933479309,0.28933608531951904,0.14304549992084503,-0.38419806957244873
1749033601.847028,0.28067174553871155,-1.7393013439574183,1.1086800734149378,1.5441195207783203,-0.9934070746051233,-0.3607223669635218,-0.08840619772672653,0.06319332122802734,-0.06580229848623276,-0.14346326887607574,0.14278244972229004,-0.6104130744934082,-0.3808310627937317,0.1791267991065979,-0.7164683938026428,0.3031941056251526,0.14893321692943573,-0.3350687325000763
1749033601.8470664,0.28055089712142944,-1.7391206226744593,1.1085293928729456,1.5438238817402343,-0.993115250264303,-0.3619344870196741,-0.08514959365129471,0.06481436640024185,-0.06351173669099808,-0.14101332426071167,0.14831127226352692,-0.6107307076454163,-0.47021669149398804,0.2378280758857727,-0.7121719717979431,0.28509968519210815,0.16046376526355743,-0.41289910674095154
1749033601.847103,0.2802969813346863,-1.7390428982176722,1.1083977858172815,1.5435198980518798,-0.992831055318014,-0.3631961981402796,-0.09025175869464874,0.06853639334440231,-0.06234031915664673,-0.1425866037607193,0.1500319242477417,-0.613397479057312,-0.4552098214626312,0.24592001736164093,-0.7411342859268188,0.23745691776275635,0.11856645345687866,-0.45215553045272827
1749033601.8471403,0.2801564335823059,-1.7389146290221156,1.1083038488971155,1.5432461935230712,-0.9925559202777308,-0.3643716017352503,-0.0920991599559784,0.07265207171440125,-0.06358209997415543,-0.14390593767166138,0.15027356147766113,-0.6214925050735474,-0.4040692150592804,0.13050198554992676,-0.7505604028701782,0.2445271611213684,0.1052524521946907,-0.3798633813858032
1749033601.8471775,0.28001177310943604,-1.7387787304320277,1.1081531683551233,1.5429648595997314,-0.9922693411456507,-0.3656671682940882,-0.09023396670818329,0.06934134662151337,-0.06521740555763245,-0.1454397588968277,0.15436330437660217,-0.6259852647781372,-0.3544468879699707,0.13226641714572906,-0.7285037040710449,0.27191051840782166,0.08233164995908737,-0.397240549325943
1749033601.847214,0.27975791692733765,-1.7386089764037074,1.108032528554098,1.5426849561878662,-0.9919703642474573,-0.36694652238954717,-0.09032236039638519,0.06828785687685013,-0.0643085464835167,-0.145496666431427,0.15171639621257782,-0.6323911547660828,-0.39062729477882385,0.1653253436088562,-0.7451891899108887,0.2551113963127136,0.1135924905538559,-0.36845019459724426
1749033601.8472505,0.27962997555732727,-1.738502641717428,1.1078704039203089,1.5423690515705566,-0.9916804472552698,-0.3681719938861292,-0.08982887864112854,0.06807892769575119,-0.06690159440040588,-0.1461692452430725,0.1516052484512329,-0.6346197128295898,-0.38568320870399475,0.14450713992118835,-0.7259988188743591,0.2546142041683197,0.13905218243598938,-0.2934114933013916
1749033601.8476906,0.27946919202804565,-1.7383367023863734,1.1077106634723108,1.5420805650898437,-0.9913504759417933,-0.3694356123553675,-0.09001991897821426,0.0644654855132103,-0.06827086955308914,-0.14524757862091064,0.1525065302848816,-0.6342691779136658,-0.3840063214302063,0.19202351570129395,-0.7163903713226318,0.2543734610080719,0.1377042829990387,-0.33602291345596313
1749033601.8496406,0.27924644947052,-1.7382170162596644,1.1075828711139124,1.5417675214954834,-0.9910162130938929,-0.37069970766176397,-0.08927709609270096,0.06598295271396637,-0.06891155242919922,-0.1502755731344223,0.1542050540447235,-0.6342595815658569,-0.35434505343437195,0.14674201607704163,-0.6926524639129639,0.2803632616996765,0.1167277917265892,-0.30901336669921875
1749033601.8903074,0.2790824770927429,-1.7381416759886683,1.1074703375445765,1.5414950090595703,-0.9907587210284632,-0.3719676176654261,-0.08660884201526642,0.06451047956943512,-0.06770480424165726,-0.1462014615535736,0.15489894151687622,-0.6315731406211853,-0.444767564535141,0.21469756960868835,-0.7144492864608765,0.2758403718471527,0.12345752120018005,-0.3593018054962158
1749033601.8903532,0.27889585494995117,-1.7379757366576136,1.1073268095599573,1.5411597925373535,-0.9904688040362757,-0.3731907049762171,-0.0903548002243042,0.0663396567106247,-0.06809348613023758,-0.1471744179725647,0.15551763772964478,-0.6316081285476685,-0.3800468444824219,0.2126310169696808,-0.7238710522651672,0.26853111386299133,0.12354669719934464,-0.3848848342895508
1749033601.890394,0.27873149514198303,-1.7378317318358363,1.107175652180807,1.5408868032642822,-0.990126911793844,-0.3744881788836878,-0.0875675305724144,0.0671771839261055,-0.06775590777397156,-0.15127187967300415,0.15652652084827423,-0.6383732557296753,-0.4183475971221924,0.17584407329559326,-0.7107945084571838,0.2795138359069824,0.10942354798316956,-0.3364742398262024
1749033601.8904328,0.2785552740097046,-1.7376882038512171,1.107063118611471,1.5406135755726318,-0.9898284117328089,-0.3757441679583948,-0.09026512503623962,0.06688912212848663,-0.06731980293989182,-0.1484893411397934,0.15596474707126617,-0.6386072039604187,-0.4128224551677704,0.15616442263126373,-0.7142424583435059,0.2974544167518616,0.09263235330581665,-0.2953816056251526
1749033601.890471,0.2783757448196411,-1.7375832996764125,1.106884781514303,1.5402862268635253,-0.9894898573504847,-0.377054516469137,-0.08537843823432922,0.06630046665668488,-0.06790297478437424,-0.14682425558567047,0.15854403376579285,-0.6369292140007019,-0.42710378766059875,0.17435313761234283,-0.7135568261146545,0.2606472074985504,0.12343316525220871,-0.317297101020813
1749033601.8905091,0.2782043516635895,-1.737401624719137,1.1067598501788538,1.540001316661499,-0.9892223517047327,-0.378303352986471,-0.08865639567375183,0.06669647991657257,-0.06807605177164078,-0.14601536095142365,0.15670068562030792,-0.6348523497581482,-0.42317673563957214,0.17925980687141418,-0.6980645656585693,0.2568928301334381,0.10325698554515839,-0.3016740679740906
1749033601.8905473,0.2780490815639496,-1.7372614345946253,1.1066244284259241,1.5397087770649414,-0.9888647238360804,-0.3795555273639124,-0.08972226828336716,0.06659266352653503,-0.06771337985992432,-0.1458170861005783,0.15471290051937103,-0.6331518888473511,-0.3942464590072632,0.18841800093650818,-0.7043801546096802,0.2603134512901306,0.13004668056964874,-0.34174540638923645
1749033601.8905845,0.2778295576572418,-1.737159868279928,1.1064847151385706,1.539463921184204,-0.9885576407061976,-0.3808491865741175,-0.08989624679088593,0.06724470108747482,-0.06795752793550491,-0.14413204789161682,0.15820246934890747,-0.635307252407074,-0.38606342673301697,0.14016756415367126,-0.6966272592544556,0.22441725432872772,0.11162571609020233,-0.3183349370956421
1749033601.8906224,0.2776932120323181,-1.7370230160155238,1.1063373724566858,1.539116306895874,-0.9882867972003382,-0.38209706941713506,-0.08937430381774902,0.06702384352684021,-0.06795229017734528,-0.14971663057804108,0.15395468473434448,-0.6343889832496643,-0.3866611123085022,0.16558697819709778,-0.6935204267501831,0.23817786574363708,0.1316341906785965,-0.2999937832355499
1749033601.8906593,0.27750152349472046,-1.7368537388243617,1.1062210241900843,1.5388316351124267,-0.987929646168844,-0.38342363039125615,-0.08933110535144806,0.06667011231184006,-0.0692320168018341,-0.1480558216571808,0.15514691174030304,-0.6316307187080383,-0.4076985716819763,0.14944472908973694,-0.6663199067115784,0.236580953001976,0.13235661387443542,-0.34700995683670044
1749033601.8906963,0.2773028016090393,-1.7367402515807093,1.106077019368307,1.538534088725708,-0.9876535574542444,-0.3846676985370081,-0.08943865448236465,0.0668468102812767,-0.06574063748121262,-0.14777947962284088,0.1555451899766922,-0.6319532990455627,-0.42824557423591614,0.138403981924057,-0.7135195732116699,0.2721746861934662,0.1271125227212906,-0.31918853521347046
1749033601.8907328,0.2771422266960144,-1.736636301080221,1.1059721151935022,1.538245363826416,-0.9873030821429651,-0.38592607179750615,-0.08998826146125793,0.06680569052696228,-0.06756019592285156,-0.1538672298192978,0.15661591291427612,-0.6286972165107727,-0.4446523189544678,0.16689419746398926,-0.687846302986145,0.2734906077384949,0.134041428565979,-0.33062973618507385
1749033601.8907743,0.2769779860973358,-1.7364770374693812,1.1058133284198206,1.5379106241413574,-0.9869769255267542,-0.3872016111956995,-0.08915884047746658,0.06545495241880417,-0.06472987681627274,-0.1498681604862213,0.15605296194553375,-0.6297535300254822,-0.3587115705013275,0.18630118668079376,-0.7125833034515381,0.28904759883880615,0.12627694010734558,-0.35833173990249634
1749033601.8908122,0.2767482101917267,-1.7363444767394007,1.1056888739215296,1.5376483637043457,-0.986666504536764,-0.38849145570863897,-0.08846565335988998,0.06897813826799393,-0.06446120142936707,-0.14915291965007782,0.15552811324596405,-0.6296647191047668,-0.43340474367141724,0.14956434071063995,-0.7185966372489929,0.24948982894420624,0.12499115616083145,-0.36247241497039795
1749033601.8908489,0.276634156703949,-1.7362219295897425,1.10553485551943,1.5373522478291015,-0.9864133040057581,-0.38966590562929326,-0.09268795698881149,0.06590607017278671,-0.06589891761541367,-0.14927701652050018,0.15441733598709106,-0.6306982636451721,-0.3796718120574951,0.16988906264305115,-0.7064121961593628,0.2572249472141266,0.10785851627588272,-0.3840044438838959
1749033601.8908858,0.27643078565597534,-1.7360578976073207,1.1054461638080042,1.5370516020008544,-0.9860675970660608,-0.3909800688373011,-0.09024103730916977,0.06673324853181839,-0.06514032930135727,-0.14951062202453613,0.1587565839290619,-0.631147027015686,-0.3860984742641449,0.18227384984493256,-0.6856344938278198,0.29110831022262573,0.10611671209335327,-0.3755759596824646
1749033601.890922,0.27619847655296326,-1.7359372578062953,1.1053054968463343,1.5367633539387207,-0.9857648054706019,-0.3922055403338831,-0.0901864692568779,0.06914646923542023,-0.06378652900457382,-0.15010285377502441,0.15370957553386688,-0.6357230544090271,-0.4229435324668884,0.13276304304599762,-0.7440646886825562,0.24699288606643677,0.11763741075992584,-0.326722651720047
1749033601.8909585,0.27602261304855347,-1.735781808892721,1.1051586310016077,1.5364784437366943,-0.9854548613177698,-0.3935135046588343,-0.09081723541021347,0.06542899459600449,-0.06555137783288956,-0.1485022008419037,0.15128107368946075,-0.6351815462112427,-0.3735285699367523,0.16500714421272278,-0.7276411652565002,0.27123746275901794,0.1415599286556244,-0.3566240966320038
1749033601.8909945,0.27595025300979614,-1.7356583080687464,1.105069939290182,1.5362097459980468,-0.9851682821856897,-0.394810978566305,-0.08904068917036057,0.06640336662530899,-0.06642348319292068,-0.1491963267326355,0.1525898277759552,-0.6347537040710449,-0.40710124373435974,0.13334722816944122,-0.7068507671356201,0.25327637791633606,0.14544366300106049,-0.33912405371665955
1749033601.8910306,0.27570998668670654,-1.7355109653868617,1.1048877874957483,1.5358926492878417,-0.9848654905902308,-0.3960016409503382,-0.08841752260923386,0.06608345359563828,-0.0661781057715416,-0.15069028735160828,0.1492954045534134,-0.6332447528839111,-0.4248174726963043,0.1352204829454422,-0.7251526117324829,0.26705387234687805,0.16428321599960327,-0.3040349781513214
1749033601.8916545,0.275545597076416,-1.7353760204710902,1.1047752539264124,1.5355958181568603,-0.9845674673663538,-0.397285286580221,-0.08843240886926651,0.06590878963470459,-0.06639119982719421,-0.15149782598018646,0.15120676159858704,-0.6313115358352661,-0.40604087710380554,0.13225094974040985,-0.7154591679573059,0.2614307403564453,0.16425639390945435,-0.33241763710975647
1749033601.8936615,0.2753228545188904,-1.7352501354613246,1.1046436468707483,1.535304232234619,-0.9842632452594202,-0.39857608476747686,-0.08898363262414932,0.06620872020721436,-0.06500808894634247,-0.15043148398399353,0.1541443169116974,-0.6312658190727234,-0.4007837772369385,0.1592571884393692,-0.7254921197891235,0.2683889865875244,0.16387808322906494,-0.3198017179965973
1749033601.9343054,0.27520909905433655,-1.7351767025389613,1.1045001188861292,1.5349716383167724,-0.9839733282672327,-0.3998468557940882,-0.0897136703133583,0.06818314641714096,-0.06429371982812881,-0.15399332344532013,0.1572616994380951,-0.6333028078079224,-0.42628395557403564,0.10802438855171204,-0.7331458926200867,0.29064908623695374,0.12899649143218994,-0.3363712430000305
1749033601.934352,0.274986207485199,-1.7349902592101039,1.1043489615069788,1.534702940578125,-0.9836576620685022,-0.4010885397540491,-0.09070973098278046,0.06745657324790955,-0.06702561676502228,-0.15004488825798035,0.15787829458713531,-0.6358120441436768,-0.350552499294281,0.1591491401195526,-0.7221673130989075,0.28002047538757324,0.13714781403541565,-0.32555627822875977
1749033601.934397,0.2747997045516968,-1.7348667583861292,1.1042168776141565,1.534414454097412,-0.983340088521139,-0.4023855368243616,-0.09217365831136703,0.06994988024234772,-0.06401383131742477,-0.14921528100967407,0.15628328919410706,-0.636673629283905,-0.3639443516731262,0.13236257433891296,-0.7339403033256531,0.2646493911743164,0.14314314723014832,-0.295345664024353
1749033601.9344368,0.27466148138046265,-1.7347570858397425,1.1040857473956507,1.5340978342243652,-0.98303729692568,-0.4036520163165491,-0.08816711604595184,0.06566949933767319,-0.06404049694538116,-0.15068206191062927,0.15405026078224182,-0.6331742405891418,-0.3716786205768585,0.10636112093925476,-0.7636226415634155,0.28699344396591187,0.14066000282764435,-0.2932562828063965
1749033601.9344912,0.2744559645652771,-1.7346254787840785,1.1039536635028284,1.533825083369873,-0.9827411810504358,-0.40487558046449834,-0.08794251829385757,0.0658770203590393,-0.06699275970458984,-0.14885716140270233,0.15391595661640167,-0.6268903613090515,-0.41891369223594666,0.12892667949199677,-0.7236202955245972,0.27166852355003357,0.17446066439151764,-0.3016290068626404
1749033601.9345438,0.2742415964603424,-1.7344595394530238,1.1038063208209437,1.533524675960205,-0.982431713734762,-0.40611344972719365,-0.08994368463754654,0.06799530982971191,-0.0651155486702919,-0.14915263652801514,0.1551414132118225,-0.6247926950454712,-0.3671085834503174,0.14117063581943512,-0.7427866458892822,0.2779330611228943,0.140485018491745,-0.3254196047782898
1749033601.9345853,0.27411168813705444,-1.7343393764891566,1.103713337575094,1.533205195064209,-0.9820931593524378,-0.4073980490313929,-0.08853630721569061,0.06508691608905792,-0.06430496275424957,-0.15042829513549805,0.1547781229019165,-0.6232829093933105,-0.4041352868080139,0.133169487118721,-0.749582052230835,0.2900134325027466,0.15319794416427612,-0.4070945978164673
1749033601.934623,0.273928701877594,-1.7342177830138148,1.103546444569723,1.5329441267200927,-0.9817832151996058,-0.4086397329913538,-0.08880672603845596,0.06490319222211838,-0.06504416465759277,-0.15031035244464874,0.1581069380044937,-0.6278030872344971,-0.3767223358154297,0.15592969954013824,-0.7445265054702759,0.2809569835662842,0.14663538336753845,-0.3462599515914917
1749033601.9346602,0.27376827597618103,-1.7341014347472132,1.1034300963031214,1.5325845915028076,-0.9815080801593226,-0.40984803835024053,-0.08873593807220459,0.06674506515264511,-0.06499962508678436,-0.15078918635845184,0.15572325885295868,-0.6267463564872742,-0.4042596220970154,0.14021898806095123,-0.7355143427848816,0.3064305782318115,0.13878537714481354,-0.3288319706916809
1749033601.9346976,0.273604154586792,-1.7339188061156214,1.103302303944723,1.5323380666920166,-0.9811928907977503,-0.41114980379213506,-0.08808082342147827,0.06692597270011902,-0.06572436541318893,-0.15028007328510284,0.15531983971595764,-0.6263449788093567,-0.3843488395214081,0.1464838683605194,-0.7433750629425049,0.28798556327819824,0.1479046642780304,-0.3683697581291199
1749033601.9347348,0.27342069149017334,-1.7338024578490199,1.1031783262835901,1.5320185857960205,-0.980835262929098,-0.41238528886903936,-0.0876045972108841,0.06604413688182831,-0.06477213650941849,-0.15183326601982117,0.15523162484169006,-0.6261808276176453,-0.43925511837005615,0.1423133760690689,-0.7657129168510437,0.319426953792572,0.15598516166210175,-0.3313966989517212
1749033601.934772,0.2732031047344208,-1.733655115167135,1.1030657927142542,1.5317212778278808,-0.9805367628680628,-0.4136460463153284,-0.0869562029838562,0.06581143289804459,-0.06481507420539856,-0.14836226403713226,0.15545308589935303,-0.6213756203651428,-0.4001917243003845,0.14707635343074799,-0.7510125637054443,0.2740945518016815,0.1594943404197693,-0.37303391098976135
1749033601.9348085,0.27304255962371826,-1.733546873132223,1.1029227415667933,1.5314053732105712,-0.980236832295553,-0.4148815313922327,-0.08829666674137115,0.06535947322845459,-0.06625278294086456,-0.14792269468307495,0.15487068891525269,-0.6253284215927124,-0.4305959939956665,0.1534893959760666,-0.7465195059776306,0.30695903301239014,0.14774447679519653,-0.38618433475494385
1749033601.9348447,0.27284398674964905,-1.7334310017027796,1.1027830282794397,1.5310696798511962,-0.9799497763263147,-0.4161585013019007,-0.08679945021867752,0.06621970981359482,-0.0663856714963913,-0.1487455517053604,0.1550053358078003,-0.6292708516120911,-0.4008060395717621,0.14449022710323334,-0.7517225742340088,0.3302672803401947,0.14305980503559113,-0.3332298994064331
1749033601.9348807,0.27270227670669556,-1.7332989178099574,1.1026743094073694,1.530803843135498,-0.9796155134784144,-0.4174006620990198,-0.08702828735113144,0.06626265496015549,-0.06644069403409958,-0.1456807255744934,0.15350139141082764,-0.6263973712921143,-0.4288574457168579,0.15478895604610443,-0.7285390496253967,0.3006948232650757,0.16652704775333405,-0.3364238440990448
1749033601.9349172,0.2725156247615814,-1.7331553898253382,1.102504078541891,1.530484362239502,-0.9792979399310511,-0.41865808168520147,-0.09072332084178925,0.06597009301185608,-0.06649328768253326,-0.14558133482933044,0.15815013647079468,-0.6234476566314697,-0.3642577528953552,0.15626652538776398,-0.7364254593849182,0.30520424246788025,0.1268128752708435,-0.3600112497806549
1749033601.934959,0.27237412333488464,-1.7330194912352503,1.1023724714862269,1.5302025514790039,-0.9789741675006312,-0.41992265382875615,-0.08860818296670914,0.0664747953414917,-0.06706149876117706,-0.14701585471630096,0.1549195647239685,-0.6224695444107056,-0.4107774794101715,0.15802374482154846,-0.7504729628562927,0.3043864965438843,0.14091907441616058,-0.3621124029159546
1749033601.934996,0.27237412333488464,-1.7330194912352503,1.1023724714862269,1.5302025514790039,-0.9789741675006312,-0.41992265382875615,-0.08860818296670914,0.0664747953414917,-0.06706149876117706,-0.14701585471630096,0.1549195647239685,-0.6224695444107056,-0.4107774794101715,0.15802374482154846,-0.7504729628562927,0.3043864965438843,0.14091907441616058,-0.3621124029159546
1749033601.935033,0.27216455340385437,-1.7328840694823207,1.1022127310382288,1.5298866468616943,-0.9786723295794886,-0.42114764848818,-0.08955587446689606,0.06744647026062012,-0.06680020689964294,-0.14719906449317932,0.15427371859550476,-0.6215879917144775,-0.4035373330116272,0.14327912032604218,-0.7349507808685303,0.34144413471221924,0.14704011380672455,-0.40779468417167664
1749033601.935069,0.27183300256729126,-1.7326122723021449,1.1019533316241663,1.5293480592915039,-0.9780901114093226,-0.42367583910097295,-0.08966468274593353,0.06792622804641724,-0.06662461906671524,-0.14346851408481598,0.15704049170017242,-0.6333900094032288,-0.4113757610321045,0.1371661126613617,-0.7390726208686829,0.3090141713619232,0.1228385791182518,-0.3259076178073883
1749033601.9356525,0.27167099714279175,-1.7325340710081996,1.1018126646624964,1.5290404993244628,-0.9777868429767054,-0.4249680677997034,-0.08988045901060104,0.0677061527967453,-0.06919857859611511,-0.14483512938022614,0.15624454617500305,-0.6320299506187439,-0.3595249354839325,0.14537234604358673,-0.7179300785064697,0.3182637393474579,0.11370659619569778,-0.334595263004303
1749033601.9376373,0.2714653015136719,-1.732363840142721,1.101642910634176,1.5287322241016845,-0.9774263540851038,-0.4262164274798792,-0.08925461769104004,0.06675353646278381,-0.06756945699453354,-0.14485764503479004,0.15588442981243134,-0.6291043758392334,-0.3866158425807953,0.10271896421909332,-0.7064709067344666,0.3245447278022766,0.11891335248947144,-0.3017311096191406
1749033601.9783921,0.27128541469573975,-1.732220312158102,1.101529900227682,1.5284558969685058,-0.977142635975973,-0.4274838606463831,-0.08858101069927216,0.0675620585680008,-0.0658649280667305,-0.14423440396785736,0.15423282980918884,-0.626287043094635,-0.40748006105422974,0.15645255148410797,-0.7212355136871338,0.27264469861984253,0.15082350373268127,-0.36597901582717896
1749033601.9784634,0.27115246653556824,-1.732065340081686,1.1014178434955042,1.5281829076954345,-0.9768584410296839,-0.4287069479571741,-0.08847925812005997,0.06785662472248077,-0.06835649162530899,-0.15025083720684052,0.15382283926010132,-0.6282265782356262,-0.37646448612213135,0.11644024401903152,-0.7261615991592407,0.3526868224143982,0.12779735028743744,-0.36809536814689636
1749033601.978513,0.2709381878376007,-1.7319337330260218,1.101285759602682,1.5278863149830322,-0.9765599409686487,-0.4300115744220179,-0.0873497873544693,0.06580157577991486,-0.06784661114215851,-0.14672665297985077,0.15288878977298737,-0.6306867599487305,-0.35521531105041504,0.08217702805995941,-0.694878876209259,0.3371571898460388,0.11326818913221359,-0.21132412552833557
1749033601.9785547,0.2707774341106415,-1.7318674526610316,1.1011388937579554,1.5275823312946777,-0.9762504736529749,-0.43123084703554326,-0.08351690322160721,0.06448721140623093,-0.0662749856710434,-0.1446811407804489,0.15025313198566437,-0.6206998229026794,-0.38768529891967773,0.09533976763486862,-0.7256697416305542,0.3539506793022156,0.1229110062122345,-0.24992172420024872
1749033601.9785938,0.27054455876350403,-1.7317077122130335,1.1010258833514612,1.5272809702106933,-0.9759514967547815,-0.43248302141298467,-0.08551522344350815,0.06513728201389313,-0.0663897842168808,-0.14628195762634277,0.14675438404083252,-0.6145513653755188,-0.4157191514968872,0.10712921619415283,-0.6870261430740356,0.36642196774482727,0.15959984064102173,-0.2744050621986389
1749033601.9786325,0.27034878730773926,-1.7315689525999964,1.1008980909930628,1.5270048814960937,-0.9756715933429163,-0.43366986909975225,-0.08423107117414474,0.06297272443771362,-0.06595170497894287,-0.14348790049552917,0.14960022270679474,-0.6066464781761169,-0.489812433719635,0.23111355304718018,-0.6880320906639099,0.33709168434143066,0.1991032510995865,-0.36855360865592957
1749033601.9786708,0.27021244168281555,-1.7314287624754847,1.1007464567767542,1.5267011362263183,-0.9753921667682093,-0.43482906023134404,-0.09005314111709595,0.06726603955030441,-0.06504833698272705,-0.14371030032634735,0.1502891331911087,-0.6098713874816895,-0.41335001587867737,0.14966188371181488,-0.7097756266593933,0.33830660581588745,0.17374880611896515,-0.4350217580795288
1749033601.9787085,0.270064115524292,-1.7312423191466273,1.1006148497210901,1.526404543513916,-0.9750588575946253,-0.4361217657672327,-0.08972715586423874,0.06904521584510803,-0.0647570863366127,-0.1440921425819397,0.15156623721122742,-0.6184019446372986,-0.37018656730651855,0.1232658177614212,-0.6997178196907043,0.3511178195476532,0.16560910642147064,-0.4096296429634094
1749033601.9787455,0.2698650062084198,-1.7311493359007777,1.1004870573626917,1.5261153417774658,-0.9747603575335901,-0.43736154237856084,-0.08890371024608612,0.06870541721582413,-0.06459705531597137,-0.14324213564395905,0.157765194773674,-0.6237256526947021,-0.3989373445510864,0.14368055760860443,-0.7020992636680603,0.32868021726608276,0.13731500506401062,-0.32806333899497986
1749033601.9787824,0.2697044610977173,-1.7310401401915492,1.1003358999835413,1.5258266168781738,-0.974433724080221,-0.43859798112978154,-0.09004013240337372,0.06902196258306503,-0.06435131281614304,-0.14357514679431915,0.15599891543388367,-0.6252334713935852,-0.374426007270813,0.13898640871047974,-0.7102493643760681,0.33836740255355835,0.15004578232765198,-0.37973475456237793
1749033601.9788196,0.26952987909317017,-1.7308699093260707,1.1002357641803187,1.5255109506794433,-0.9741509596454065,-0.43988305727113897,-0.08972655981779099,0.06743323802947998,-0.06385863572359085,-0.14377504587173462,0.1569022685289383,-0.6265456676483154,-0.3803167939186096,0.12922026216983795,-0.7254212498664856,0.34201669692993164,0.15138645470142365,-0.3358559310436249
1749033601.978856,0.26934170722961426,-1.7307449779906214,1.1001313368426722,1.525226278895996,-0.9738438765155237,-0.44110185304750615,-0.08836429566144943,0.06838672608137131,-0.06636600941419601,-0.14117775857448578,0.1555905044078827,-0.6246681809425354,-0.3709627389907837,0.09160133451223373,-0.701786994934082,0.32934555411338806,0.1421956717967987,-0.37166187167167664
1749033601.978893,0.2691621780395508,-1.7306257687010707,1.0999911467181605,1.52490942060437,-0.9735329786883753,-0.4423139731036585,-0.08819315582513809,0.06350431591272354,-0.06463150680065155,-0.1456843465566635,0.15494444966316223,-0.6253345608711243,-0.3875049650669098,0.13292613625526428,-0.7417222261428833,0.3687414526939392,0.14397519826889038,-0.40771734714508057
1749033601.9789298,0.2689441442489624,-1.7304898701109828,1.099868122731344,1.5246633726307373,-0.9732139746295374,-0.4436228911029261,-0.08770441263914108,0.0634583830833435,-0.06634443253278732,-0.14066046476364136,0.1549665331840515,-0.6296237707138062,-0.4353899657726288,0.18163341283798218,-0.7093051075935364,0.34716373682022095,0.13382968306541443,-0.35800763964653015
1749033601.9789662,0.26874426007270813,-1.7303577862181605,1.09973651567568,1.524347944850586,-0.9728720823871058,-0.44485646883119756,-0.08870889991521835,0.06730461120605469,-0.06705041229724884,-0.140074223279953,0.1553504914045334,-0.6304112672805786,-0.3773818612098694,0.14103363454341888,-0.7041876316070557,0.3085572123527527,0.14924457669258118,-0.3399765193462372
1749033601.979003,0.2686525881290436,-1.7302099666991175,1.099600617085592,1.5240751939960937,-0.9725273291217249,-0.44615012804140264,-0.08725235611200333,0.06541802734136581,-0.06534302234649658,-0.14432507753372192,0.1599331796169281,-0.628985583782196,-0.3712483048439026,0.11515079438686371,-0.7120830416679382,0.3445788025856018,0.12598411738872528,-0.3465210497379303
1749033601.9790394,0.26848116517066956,-1.7301060161986292,1.0994880835162562,1.523798628444336,-0.9722626844989222,-0.4473956266986292,-0.09071692079305649,0.06645763665437698,-0.06547626852989197,-0.14088335633277893,0.15653720498085022,-0.6293303966522217,-0.35201600193977356,0.1445598155260086,-0.7235715985298157,0.3211002051830292,0.13227932155132294,-0.3272048830986023
1749033601.9790761,0.26822546124458313,-1.729950567285055,1.0993178526507776,1.5235344606586914,-0.9719284216510218,-0.4486921469317835,-0.08660073578357697,0.06697290390729904,-0.06713873147964478,-0.14308884739875793,0.15702800452709198,-0.6299956440925598,-0.40585193037986755,0.1593923568725586,-0.7111861705780029,0.33728545904159546,0.11630239337682724,-0.3513363301753998
1749033601.979113,0.26805269718170166,-1.7298113308348597,1.099201504384176,1.523233337993286,-0.971621338521139,-0.4499629179583948,-0.08748743683099747,0.06818506866693497,-0.06753785908222198,-0.14246155321598053,0.15833964943885803,-0.6312065720558167,-0.4083750545978546,0.13300438225269318,-0.7054068446159363,0.3178529441356659,0.09321339428424835,-0.34567028284072876
1749033601.9791512,0.26794758439064026,-1.7296863994994105,1.0990775267230433,1.5229603487202148,-0.9713066259967249,-0.45118600526918584,-0.08833156526088715,0.06834860891103745,-0.06726201623678207,-0.14266765117645264,0.15545542538166046,-0.6314449906349182,-0.41117924451828003,0.12020598351955414,-0.7052813172340393,0.3297807574272156,0.11681090295314789,-0.31764617562294006
1749033601.9796917,0.26779019832611084,-1.7295786343016566,1.0989139715777796,1.522704764003418,-0.9710152784930628,-0.4524429480182093,-0.08711761981248856,0.06771309673786163,-0.06746669858694077,-0.14073264598846436,0.15494458377361298,-0.6293594837188721,-0.3997248411178589,0.13829851150512695,-0.7112696170806885,0.2640840411186218,0.10667172074317932,-0.36482465267181396
1749033601.9816349,0.26756057143211365,-1.7293998203673304,1.098755184804098,1.5224000650593261,-0.9707353750811976,-0.4537313620196741,-0.08837184309959412,0.06809374690055847,-0.0678044855594635,-0.1420411616563797,0.1534503698348999,-0.6313403248786926,-0.42333340644836426,0.12834684550762177,-0.7076191306114197,0.2678033113479614,0.11548013985157013,-0.33384349942207336
1749033602.022282,0.2673652768135071,-1.729325910607809,1.0986388365374964,1.522092266673706,-0.9703987280475062,-0.45497161546816045,-0.08973345160484314,0.06779935956001282,-0.0665169358253479,-0.14450566470623016,0.15416264533996582,-0.6314751505851746,-0.3812103569507599,0.10290564596652985,-0.7175872921943665,0.2720072269439697,0.13179811835289001,-0.3400808274745941
1749033602.0223293,0.2672218382358551,-1.7291280231871546,1.0985186735736292,1.5218195158192138,-0.9701145331012171,-0.4562328497516077,-0.08945644646883011,0.06781729310750961,-0.06680834293365479,-0.14602412283420563,0.15407045185565948,-0.6329646706581116,-0.3683127760887146,0.0990980863571167,-0.7125803232192993,0.27954909205436707,0.11513419449329376,-0.35743993520736694
1749033602.022371,0.2670385241508484,-1.728994985620016,1.0984066168414515,1.5215155321308593,-0.9697549978839319,-0.4575555960284632,-0.08916794508695602,0.06633708626031876,-0.06730324774980545,-0.15184995532035828,0.15283557772636414,-0.6317939162254333,-0.37325674295425415,0.10715650022029877,-0.7115405201911926,0.28288689255714417,0.1500055342912674,-0.3094705641269684
1749033602.022411,0.2668503522872925,-1.7288748226561488,1.098255459462301,1.5212218004414062,-0.969494644795553,-0.4587786833392542,-0.08871626108884811,0.06614723056554794,-0.06734763830900192,-0.14928632974624634,0.15270715951919556,-0.6316827535629272,-0.3708484172821045,0.13906316459178925,-0.7065086960792542,0.29441702365875244,0.1574009656906128,-0.31644687056541443
1749033602.02245,0.2666480243206024,-1.7287942371764125,1.0981233755694788,1.5209094721027832,-0.9691956678973597,-0.46004039445985967,-0.0887618362903595,0.06600090861320496,-0.06664713472127914,-0.14871850609779358,0.15278185904026031,-0.6301236152648926,-0.4029273986816406,0.16281819343566895,-0.716643750667572,0.303438276052475,0.13609421253204346,-0.3725701868534088
1749033602.0224895,0.26647526025772095,-1.7286426029601039,1.0979765097247522,1.5205892759510498,-0.968853775654928,-0.46127492586244756,-0.08758794516324997,0.06703762710094452,-0.06626442819833755,-0.1533665806055069,0.15233278274536133,-0.6337252855300903,-0.4006870985031128,0.11317151039838791,-0.7341915965080261,0.32063040137290955,0.144807830452919,-0.32502973079681396
1749033602.022529,0.26633405685424805,-1.7284876308836878,1.0978482405291956,1.5202888685413818,-0.9685033003436487,-0.4626219908343714,-0.09198970347642899,0.06644546240568161,-0.06551346182823181,-0.14966611564159393,0.1579911857843399,-0.6337568759918213,-0.375293493270874,0.15702097117900848,-0.7339193224906921,0.3169812262058258,0.11703988164663315,-0.3665168881416321
1749033602.0225673,0.2661042809486389,-1.7283908329405726,1.0977042357074183,1.519995852107666,-0.9682429472552698,-0.46383744875063115,-0.08933466672897339,0.06633292883634567,-0.06899278610944748,-0.15009479224681854,0.15557236969470978,-0.6362655162811279,-0.38105371594429016,0.15303219854831696,-0.7084361910820007,0.30676785111427307,0.12065453827381134,-0.3259211778640747
1749033602.022605,0.2659663259983063,-1.7282082043089808,1.0975764433490198,1.519667311305664,-0.9678896109210413,-0.46511680284609014,-0.09020981192588806,0.06572141498327255,-0.0654418021440506,-0.14994174242019653,0.15425051748752594,-0.6365194916725159,-0.37425950169563293,0.14939314126968384,-0.7313361763954163,0.33904680609703064,0.12756839394569397,-0.2870055139064789
1749033602.022643,0.26576027274131775,-1.7280956707396449,1.0974410215960901,1.5193824011036376,-0.9675753752337855,-0.46636945406068975,-0.08726914972066879,0.06536118686199188,-0.06492798030376434,-0.14935070276260376,0.15816865861415863,-0.6318522691726685,-0.3541020452976227,0.1414361447095871,-0.7388245463371277,0.3161088228225708,0.09063196182250977,-0.3240412175655365
1749033602.022681,0.26558947563171387,-1.7279674015440882,1.0973055998431605,1.519113226527832,-0.9672492186175745,-0.4676402250873011,-0.08740411698818207,0.06807427108287811,-0.06807727366685867,-0.14979535341262817,0.15498146414756775,-0.6307844519615173,-0.4038585126399994,0.11276200413703918,-0.7252712249755859,0.320404589176178,0.10458756983280182,-0.2891665995121002
1749033602.0227187,0.26536670327186584,-1.7278248272337855,1.0971930662738245,1.518805666560791,-0.9669716993915003,-0.46888429323305303,-0.08659549802541733,0.063814677298069,-0.06636570394039154,-0.14781443774700165,0.15438047051429749,-0.6268678307533264,-0.38302212953567505,0.16965356469154358,-0.7182481288909912,0.30855894088745117,0.08103196322917938,-0.35995620489120483
1749033602.0227563,0.26526424288749695,-1.7277194462218226,1.0970733801471155,1.518523855800293,-0.9666073958026331,-0.47015220323671514,-0.0859498381614685,0.06346762180328369,-0.06587230414152145,-0.14696769416332245,0.15425463020801544,-0.6291735768318176,-0.4194546043872833,0.16832420229911804,-0.7361090183258057,0.3104933500289917,0.08712387084960938,-0.381348192691803
1749033602.0227938,0.2650226056575775,-1.7275406322874964,1.0969293753253382,1.5182396608540039,-0.9662912527667444,-0.47142249742616826,-0.08671756833791733,0.06761185824871063,-0.06574186682701111,-0.14654812216758728,0.1524394154548645,-0.6328220367431641,-0.39344358444213867,0.1383720487356186,-0.748993456363678,0.30324384570121765,0.09430722892284393,-0.29205024242401123
1749033602.0228305,0.26483938097953796,-1.7274242840208949,1.0968130270587366,1.5179170805164794,-0.9659927527057093,-0.47265607515443975,-0.08665642887353897,0.0661470890045166,-0.06494425982236862,-0.1456947922706604,0.14910022914409637,-0.6318690180778503,-0.40126916766166687,0.13281682133674622,-0.7404651641845703,0.3342393934726715,0.09105546027421951,-0.3214816153049469
1749033602.0228677,0.26470643281936646,-1.7272573910155238,1.0966623465167444,1.5176479059406738,-0.9656389395343226,-0.47391969362367803,-0.08911832422018051,0.06654546409845352,-0.06470292806625366,-0.14226241409778595,0.1531211882829666,-0.6278349757194519,-0.3371409475803375,0.14263150095939636,-0.7596695423126221,0.2725379168987274,0.09543813019990921,-0.33717769384384155
1749033602.022905,0.26450788974761963,-1.727121969262594,1.0965302626239222,1.5173906522938232,-0.965367619191305,-0.4751547018634241,-0.0880771279335022,0.06651376187801361,-0.06450502574443817,-0.146138995885849,0.14727438986301422,-0.6268766522407532,-0.39500871300697327,0.1551559865474701,-0.7919219136238098,0.27843379974365234,0.10606814175844193,-0.35876578092575073
1749033602.0229414,0.26435086131095886,-1.7269970379271449,1.0964301268206995,1.5170792776295166,-0.9650381247149866,-0.4764497915851038,-0.08964574337005615,0.06709638237953186,-0.0654137134552002,-0.14522375166416168,0.1462750881910324,-0.626572847366333,-0.37348639965057373,0.12419486045837402,-0.7586814761161804,0.2893221974372864,0.11199978739023209,-0.3857162594795227
1749033602.0229785,0.26414844393730164,-1.7268339596190394,1.0962980429278772,1.516781969661377,-0.9647739569293421,-0.47776824632753545,-0.08558758348226547,0.06716015189886093,-0.06522899121046066,-0.14624373614788055,0.15108299255371094,-0.6316584348678589,-0.4249078631401062,0.14300760626792908,-0.7783111333847046,0.2576085329055786,0.08633256703615189,-0.3589496612548828
1749033602.0230157,0.2640068829059601,-1.7267648182311,1.096147362385885,1.5164972978779296,-0.9644439856158655,-0.47901899019350225,-0.0877859964966774,0.0679893046617508,-0.06595613807439804,-0.1477634757757187,0.14762377738952637,-0.6319902539253235,-0.40408608317375183,0.1605146825313568,-0.7759899497032166,0.2839798033237457,0.10504081100225449,-0.30089661478996277
1749033602.0236895,0.263823539018631,-1.7266012630858363,1.0960033575641077,1.5162240701862792,-0.9641802946673792,-0.4802964369403284,-0.08879616111516953,0.0685979574918747,-0.06767398864030838,-0.1501910537481308,0.14927315711975098,-0.6289262175559998,-0.37932467460632324,0.09611212462186813,-0.7667067050933838,0.29352059960365295,0.08796161413192749,-0.34664052724838257
1749033602.0256584,0.2636714279651642,-1.7264663181700648,1.0958874861346644,1.5159358221241455,-0.9638312498675745,-0.48157245317568,-0.08934567123651505,0.06670251488685608,-0.06875850260257721,-0.1503961831331253,0.1492333859205246,-0.6283248066902161,-0.3832502067089081,0.13897503912448883,-0.7290434837341309,0.31287819147109985,0.10651127994060516,-0.3218381404876709
1749033602.0662947,0.2634403109550476,-1.7263504467406214,1.095743481312887,1.515603705043457,-0.9635255972491663,-0.4827669302569788,-0.08882703632116318,0.06691519170999527,-0.06724949926137924,-0.15172064304351807,0.14949782192707062,-0.6250991821289062,-0.4058108627796173,0.13323038816452026,-0.764876127243042,0.2875989079475403,0.11151337623596191,-0.3629368543624878
1749033602.0663426,0.26329150795936584,-1.7262031040587367,1.0955684820758265,1.5152997213551025,-0.9632371107684534,-0.48400861421693975,-0.08894339948892593,0.06836102157831192,-0.06900756806135178,-0.15095339715480804,0.15014418959617615,-0.6274895668029785,-0.35909774899482727,0.09378130733966827,-0.7524029016494751,0.3038073778152466,0.11262931674718857,-0.38650304079055786
1749033602.0663834,0.2631242871284485,-1.726086278954977,1.0954402128802698,1.5150222021290283,-0.9630125204669397,-0.4853013197528284,-0.08817602694034576,0.06481417268514633,-0.07124409824609756,-0.15070153772830963,0.14866144955158234,-0.6305414438247681,-0.35586991906166077,0.14228031039237976,-0.707037091255188,0.309542179107666,0.13015344738960266,-0.30119574069976807
1749033602.0664227,0.2629203796386719,-1.7259112797179164,1.095292870198385,1.514721079463623,-0.9626706282245081,-0.486546818410055,-0.08845469355583191,0.06587807834148407,-0.06751583516597748,-0.14718188345432281,0.1486824005842209,-0.6275590658187866,-0.35080260038375854,0.11599872261285782,-0.7400226593017578,0.2846449017524719,0.13294219970703125,-0.33145490288734436
1749033602.066462,0.2627493441104889,-1.725807329217428,1.0951769987689417,1.5144051748463134,-0.9623845259295862,-0.4877532164203089,-0.08599089831113815,0.06520485877990723,-0.06827380508184433,-0.150185689330101,0.150104820728302,-0.6263620257377625,-0.38880956172943115,0.12959042191505432,-0.7239532470703125,0.31048381328582764,0.13262006640434265,-0.36556336283683777
1749033602.0665004,0.26260414719581604,-1.72564758876943,1.0950606505023401,1.514101191157959,-0.9620230833636683,-0.4890382925616663,-0.08650335669517517,0.06492271274328232,-0.06771734356880188,-0.14530932903289795,0.15104694664478302,-0.6243280172348022,-0.38236770033836365,0.14126521348953247,-0.7534142136573792,0.25467610359191895,0.1285201609134674,-0.3383052945137024
1749033602.0665374,0.2623865306377411,-1.7255002460875453,1.0949013868915003,1.5138165193745117,-0.961766544972555,-0.4903195540057581,-0.08733025193214417,0.0655088797211647,-0.06704730540513992,-0.1445678472518921,0.15064175426959991,-0.6254261136054993,-0.3836037814617157,0.16291365027427673,-0.7412230372428894,0.2701364755630493,0.13440485298633575,-0.39054661989212036
1749033602.0665753,0.26224130392074585,-1.7253958187498988,1.0947735945331019,1.5135347086140136,-0.9614327589618128,-0.49156076112856084,-0.08682968467473984,0.06628531962633133,-0.06673649698495865,-0.14900313317775726,0.15597690641880035,-0.6315276026725769,-0.3880108594894409,0.11799654364585876,-0.7293316721916199,0.29525622725486755,0.11934961378574371,-0.3500889539718628
1749033602.066612,0.26201489567756653,-1.7252727947630824,1.0946458021747034,1.5132271486469726,-0.9611190001117151,-0.4928491751300257,-0.08927243202924728,0.06605766713619232,-0.06649696826934814,-0.14551523327827454,0.1539945900440216,-0.6350706219673157,-0.34825649857521057,0.13617345690727234,-0.7402034401893616,0.26306888461112976,0.12105884402990341,-0.33997759222984314
1749033602.0666494,0.2618354856967926,-1.7251540623106898,1.094518009816305,1.512939139003418,-0.960846249257223,-0.4940527121173304,-0.08662300556898117,0.06630612909793854,-0.06650404632091522,-0.14806784689426422,0.1517053097486496,-0.6334531903266907,-0.40104690194129944,0.14335504174232483,-0.7429570555686951,0.281574010848999,0.12246858328580856,-0.34174031019210815
1749033602.0666864,0.2616693079471588,-1.7250033817686976,1.094386402760641,1.51263873159375,-0.9605043570147913,-0.49538880983461553,-0.08943412452936172,0.0663464367389679,-0.06675458699464798,-0.14733681082725525,0.1562974900007248,-0.6323438882827759,-0.3728855848312378,0.15848806500434875,-0.7525982856750488,0.28389447927474976,0.09888644516468048,-0.330998957157135
1749033602.0667233,0.2614918053150177,-1.7248684368529261,1.0942586104022425,1.5123254495808105,-0.9602368513690394,-0.4965875784503382,-0.08633676171302795,0.06638897210359573,-0.06646598875522614,-0.14820027351379395,0.15278783440589905,-0.6300880312919617,-0.37685132026672363,0.06862974911928177,-0.75423663854599,0.2922053337097168,0.11150699853897095,-0.31921759247779846
1749033602.0667605,0.26132404804229736,-1.7247315845885218,1.0940950552569788,1.5120491224476318,-0.9599140326129358,-0.49781638780702764,-0.08666791021823883,0.0651409849524498,-0.06792575865983963,-0.14666733145713806,0.1532704085111618,-0.6299195885658264,-0.3652046024799347,0.12500204145908356,-0.743939995765686,0.29109227657318115,0.11777986586093903,-0.36132532358169556
1749033602.0667975,0.26114943623542786,-1.7245737514891566,1.0939791838275355,1.5117453771778564,-0.9596031347857874,-0.49911338487734014,-0.0871158242225647,0.0652550682425499,-0.0690934881567955,-0.14573462307453156,0.15470090508460999,-0.6326228380203247,-0.34837058186531067,0.10944991558790207,-0.7354474067687988,0.28412503004074097,0.11899542808532715,-0.29855507612228394
1749033602.066834,0.26096969842910767,-1.7244798145689906,1.093851391469137,1.5114640432545166,-0.9592779318438929,-0.5003674666034144,-0.08582479506731033,0.06595315039157867,-0.0677381381392479,-0.1477402150630951,0.15470315515995026,-0.6312013864517212,-0.40381863713264465,0.11885421723127365,-0.7413510680198669,0.2771022319793701,0.12788403034210205,-0.3270972967147827
1749033602.0668707,0.2608364224433899,-1.7243477306761683,1.0937226454364222,1.5111476618000488,-0.9589560667621058,-0.5016434828387659,-0.08614084124565125,0.06602641195058823,-0.06782130151987076,-0.14752084016799927,0.15607181191444397,-0.6298924684524536,-0.3669956922531128,0.10335659980773926,-0.7551983594894409,0.2885183095932007,0.09507597237825394,-0.3333228826522827
1749033602.0669076,0.2606758177280426,-1.7241817913451136,1.093555752431051,1.5108517843433837,-0.9586718718158167,-0.5029009024249476,-0.08872523158788681,0.06564445793628693,-0.06764262914657593,-0.14626511931419373,0.15640351176261902,-0.6296342611312866,-0.36011412739753723,0.14236891269683838,-0.7176427841186523,0.27966392040252686,0.07846133410930634,-0.3255094289779663
1749033602.0669518,0.2604699432849884,-1.7240845165648402,1.0934279600726526,1.5105389791676025,-0.9583891073810022,-0.5041378180133265,-0.08549739420413971,0.06538126617670059,-0.0661814957857132,-0.14913217723369598,0.15416935086250305,-0.6275405287742615,-0.42296385765075684,0.1568010151386261,-0.7305343747138977,0.2839168608188629,0.10919681191444397,-0.4050169885158539
1749033602.0669897,0.2602559030056,-1.7239023647704066,1.0933311621295374,1.5102695661732177,-0.9580395857440394,-0.5054338614093226,-0.08707088232040405,0.06526026129722595,-0.06597723811864853,-0.14652028679847717,0.15663273632526398,-0.6312639713287354,-0.44311368465423584,0.13730259239673615,-0.7504332661628723,0.279564768075943,0.11135801672935486,-0.3560798168182373
1749033602.0670261,0.260071337223053,-1.7237893543639125,1.0931718985186976,1.5099655824848632,-0.9577763716327112,-0.506683651600973,-0.08712013065814972,0.0650748759508133,-0.06925684958696365,-0.14568482339382172,0.15360794961452484,-0.6316679120063782,-0.34209778904914856,0.14161744713783264,-0.698686957359314,0.2893787622451782,0.08744027465581894,-0.3202742636203766
1749033602.067665,0.25990042090415955,-1.723692079583639,1.0930050055133265,1.5097121435352783,-0.9574654738055628,-0.5079534689532679,-0.08507400006055832,0.06580943614244461,-0.06647153198719025,-0.14756791293621063,0.15319634974002838,-0.6289554834365845,-0.3988952338695526,0.10942761600017548,-0.73735511302948,0.2787022590637207,0.10058282315731049,-0.32748621702194214
1749033602.069649,0.2597825825214386,-1.7235380611815394,1.0928810278521937,1.509420319194458,-0.9571364561664026,-0.5092137495623987,-0.08536908775568008,0.062164872884750366,-0.06786071509122849,-0.1477474421262741,0.15121299028396606,-0.6276145577430725,-0.40754902362823486,0.18468467891216278,-0.714941143989563,0.2987405061721802,0.12327121943235397,-0.3042881488800049
1749033602.110341,0.2596029043197632,-1.7234369717040003,1.0927489439593714,1.5091160970875244,-0.9568408171283167,-0.5104463736163538,-0.08634744584560394,0.06291244924068451,-0.06855586171150208,-0.14669489860534668,0.15052112936973572,-0.6263364553451538,-0.40160349011421204,0.175374835729599,-0.7195161581039429,0.28567439317703247,0.12035539746284485,-0.34559595584869385
1749033602.1104178,0.25936609506607056,-1.7232824764647425,1.0925982634173792,1.5088187891193847,-0.9565661589251917,-0.5117691198932093,-0.08698729425668716,0.06641332805156708,-0.06843950599431992,-0.1466137021780014,0.15131668746471405,-0.6263109445571899,-0.3998103141784668,0.134609654545784,-0.7121443748474121,0.2761878967285156,0.14552834630012512,-0.3378893733024597
1749033602.110489,0.25920525193214417,-1.7231728039183558,1.0924857298480433,1.5085303026386718,-0.9562533537494105,-0.5130122343646448,-0.0879182368516922,0.06401006877422333,-0.06774207949638367,-0.14496034383773804,0.15240226686000824,-0.6261163353919983,-0.3940379023551941,0.14456959068775177,-0.7072914838790894,0.2813708186149597,0.12939374148845673,-0.32938823103904724
1749033602.1105616,0.2590535581111908,-1.7230531177916468,1.092341725026266,1.508241816157959,-0.9559415022479456,-0.5142114798175257,-0.08647452294826508,0.06524993479251862,-0.06816595047712326,-0.14504878222942352,0.15342949330806732,-0.6236518025398254,-0.38376933336257935,0.1714155673980713,-0.6936880350112915,0.2707671821117401,0.11902444064617157,-0.34529656171798706
1749033602.1106331,0.25889623165130615,-1.722917219201559,1.0921943823443812,1.5079540449329834,-0.9556492010699671,-0.5154550711261194,-0.08739424496889114,0.06598588824272156,-0.0682038962841034,-0.1448253095149994,0.15415599942207336,-0.6222847104072571,-0.40455546975135803,0.1720573455095291,-0.6998705863952637,0.26071295142173767,0.13948002457618713,-0.36831608414649963
1749033602.110741,0.2587250769138336,-1.7227665386595667,1.092109505330221,1.5076212125965576,-0.9553440252887171,-0.5167554060565394,-0.08767896890640259,0.06698143482208252,-0.06706496328115463,-0.14445629715919495,0.15438558161258698,-0.6248131394386292,-0.4052438735961914,0.13514114916324615,-0.6859579682350159,0.24855078756809235,0.11486808955669403,-0.3252401053905487
1749033602.110817,0.2585383355617523,-1.7226535282530726,1.0919273535357874,1.5073327261158447,-0.9549902121173304,-0.5179932753192347,-0.08786667883396149,0.06522523611783981,-0.06672120094299316,-0.14863091707229614,0.15448346734046936,-0.6248946189880371,-0.41671183705329895,0.17531943321228027,-0.6942945122718811,0.27982646226882935,0.13151493668556213,-0.3731330335140228
1749033602.110888,0.2584015130996704,-1.7224942646422328,1.0917952696429651,1.507044954890869,-0.9547107855426233,-0.5192421118365687,-0.08836450427770615,0.06896041333675385,-0.06670552492141724,-0.1465202420949936,0.15421825647354126,-0.6273483633995056,-0.3886679708957672,0.1426735371351242,-0.715869665145874,0.2569260001182556,0.13577957451343536,-0.3543708920478821
1749033602.1109586,0.2581825256347656,-1.7223931751646937,1.0916827360736292,1.5067683893391113,-0.9543650786029261,-0.5204957167254847,-0.08849255740642548,0.06532653421163559,-0.06783942133188248,-0.1460229605436325,0.15732397139072418,-0.6288629174232483,-0.4048613905906677,0.1724829524755478,-0.6704870462417603,0.24756889045238495,0.11293815076351166,-0.319231241941452
1749033602.1110275,0.25803035497665405,-1.722257753411764,1.0914886633502405,1.506467266673706,-0.9541195074664515,-0.5217364470111292,-0.08723972737789154,0.0656418651342392,-0.0643123909831047,-0.14969868957996368,0.15293127298355103,-0.6272979378700256,-0.3639593720436096,0.16578678786754608,-0.7284379005432129,0.2942765951156616,0.11044123768806458,-0.3397662341594696
1749033602.1110966,0.2578437924385071,-1.7221328220763148,1.0913918654071253,1.506166859264038,-0.953778092061178,-0.5230258146869105,-0.09040222316980362,0.06779198348522186,-0.06459514051675797,-0.14809198677539825,0.15209761261940002,-0.627592921257019,-0.3942960798740387,0.14314788579940796,-0.7453697323799133,0.25914624333381653,0.14631131291389465,-0.3156108260154724
1749033602.111167,0.2576361894607544,-1.7219940624632777,1.09129506746401,1.5058783727833251,-0.9534409681903284,-0.5242808500873011,-0.08587812632322311,0.0656999722123146,-0.06791149079799652,-0.14721402525901794,0.1559370458126068,-0.6298021078109741,-0.418107271194458,0.1512683779001236,-0.6959160566329956,0.26160937547683716,0.11816398799419403,-0.3371124863624573
1749033602.1112368,0.25752243399620056,-1.721896310845846,1.0911911169635218,1.5055817800709228,-0.9531686941729944,-0.5255411306964319,-0.08758433163166046,0.06581063568592072,-0.06464916467666626,-0.14850197732448578,0.153580442070961,-0.630383312702179,-0.431209534406662,0.17328190803527832,-0.7238287329673767,0.2674468755722046,0.1431998610496521,-0.3485851287841797
1749033602.1113064,0.2572769522666931,-1.7217422924437464,1.090996567402975,1.5053362089344482,-0.9528887907611292,-0.5268295446978968,-0.08685553818941116,0.06649281084537506,-0.06591997295618057,-0.14883656799793243,0.15614786744117737,-0.631360650062561,-0.3936461806297302,0.14799654483795166,-0.7162061929702759,0.24537956714630127,0.133371502161026,-0.28254032135009766
1749033602.1113775,0.25711333751678467,-1.7215877972044886,1.0908845106707972,1.5050160127827148,-0.9526003042804163,-0.5280469099627894,-0.08656109124422073,0.06619015336036682,-0.06633234769105911,-0.1472005695104599,0.1587178260087967,-0.6273362040519714,-0.4462747573852539,0.16535016894340515,-0.7044146656990051,0.27687811851501465,0.10570631921291351,-0.313615083694458
1749033602.1114483,0.2569955587387085,-1.7214561901488246,1.0907486120807093,1.5047156053730468,-0.9522412459002894,-0.5292723814593714,-0.0884043276309967,0.06735077500343323,-0.0643346980214119,-0.149418443441391,0.15750637650489807,-0.6247432827949524,-0.40985479950904846,0.18435709178447723,-0.7253113985061646,0.27285492420196533,0.12002472579479218,-0.34702908992767334
1749033602.1115208,0.25683605670928955,-1.7213603458800257,1.0906131903277796,1.5044583517261962,-0.9519222418414515,-0.5305774847613733,-0.08952073007822037,0.06814999878406525,-0.06589934229850769,-0.15001310408115387,0.16004909574985504,-0.6244636178016663,-0.3899083137512207,0.13892854750156403,-0.7239323854446411,0.28723758459091187,0.12125404179096222,-0.3174160122871399
1749033602.1115923,0.25660693645477295,-1.7212215862669886,1.090496842061178,1.5041505533405761,-0.9516423384295862,-0.5317748228656214,-0.08923513442277908,0.06742893904447556,-0.06615614891052246,-0.14773871004581451,0.1541731059551239,-0.6230476498603821,-0.41445669531822205,0.14781661331653595,-0.7065377235412598,0.252653032541275,0.13322190940380096,-0.3742049038410187
1749033602.1116624,0.25644946098327637,-1.7210828266539515,1.0903461615191858,1.50384966909375,-0.9513199965106409,-0.5330794493304651,-0.08790338784456253,0.06722061336040497,-0.06621616333723068,-0.15120910108089447,0.15180540084838867,-0.6276899576187134,-0.3998572826385498,0.17287692427635193,-0.7156081795692444,0.2744341492652893,0.15293975174427032,-0.3425735831260681
1749033602.1117315,0.2562749981880188,-1.7209235630431117,1.0902178923236292,1.5035456854053955,-0.9509947935687464,-0.5342991987811487,-0.0868082344532013,0.06695616245269775,-0.0658605769276619,-0.149408221244812,0.15296661853790283,-0.6273165941238403,-0.425355464220047,0.14217320084571838,-0.7069351077079773,0.2767866253852844,0.13047882914543152,-0.2870420515537262
1749033602.1119213,0.2560902535915375,-1.7208038769164027,1.0901172796832483,1.5032576757618408,-0.9506996313678187,-0.5355308691607874,-0.09140186756849289,0.06728784739971161,-0.06596983969211578,-0.1487484872341156,0.1502097100019455,-0.6260698437690735,-0.37220311164855957,0.14450772106647491,-0.7305243611335754,0.26070135831832886,0.15469783544540405,-0.32810133695602417
1749033602.1137314,0.2559191882610321,-1.7206751308836878,1.089966122304098,1.5029727655598144,-0.9504388014422815,-0.5368412176715296,-0.08837760239839554,0.06616411358118057,-0.06564821302890778,-0.14944852888584137,0.15186098217964172,-0.6251249313354492,-0.4328307807445526,0.15382227301597595,-0.7359485030174255,0.2693551480770111,0.16301146149635315,-0.3376519978046417
1749033602.154284,0.2557428181171417,-1.7205311260619105,1.089853588734762,1.5026792722889404,-0.9501398245440882,-0.5380809942828577,-0.09046841412782669,0.0662565678358078,-0.06579239666461945,-0.14941976964473724,0.15434512495994568,-0.6214802265167236,-0.38767215609550476,0.17381128668785095,-0.7223533987998962,0.28589269518852234,0.14562402665615082,-0.36050570011138916
1749033602.1543314,0.25553926825523376,-1.7203923664488734,1.0897029081927698,1.5023678976246337,-0.9498408476458948,-0.5393145720111292,-0.09078460931777954,0.06673844158649445,-0.06525632739067078,-0.1496441662311554,0.15570661425590515,-0.6250879764556885,-0.3894905149936676,0.17006056010723114,-0.7337607741355896,0.28976306319236755,0.1583825647830963,-0.41166019439697266
1749033602.1543725,0.2553527355194092,-1.7202488384642542,1.0895798842059534,1.5020829874226074,-0.9495270887957972,-0.540602986012594,-0.09101903438568115,0.06802351027727127,-0.0673932209610939,-0.15001128613948822,0.15655508637428284,-0.6307257413864136,-0.3449673056602478,0.1576186716556549,-0.7206851243972778,0.2669856548309326,0.14328131079673767,-0.3079107105731964
1749033602.1544108,0.2552002966403961,-1.7201296291747035,1.089435879384176,1.5017825800129394,-0.9492443243609827,-0.5418065229998987,-0.0893125832080841,0.06717854738235474,-0.06570836156606674,-0.14966200292110443,0.15720461308956146,-0.6304022073745728,-0.38685500621795654,0.1540420651435852,-0.7321029901504517,0.28601646423339844,0.1508154720067978,-0.3083970248699188
1749033602.1544502,0.2550276815891266,-1.7199932537474574,1.0893543402301233,1.5014852720447998,-0.9489095846759241,-0.543121639882223,-0.08854150027036667,0.06752507388591766,-0.064962238073349,-0.15052656829357147,0.1573750078678131,-0.6261166930198669,-0.3923755884170532,0.1503811776638031,-0.7446454763412476,0.279213011264801,0.13891415297985077,-0.357204794883728
1749033602.1544888,0.2550276815891266,-1.7199932537474574,1.0893543402301233,1.5014852720447998,-0.9489095846759241,-0.543121639882223,-0.08854150027036667,0.06752507388591766,-0.064962238073349,-0.15052656829357147,0.1573750078678131,-0.6261166930198669,-0.3923755884170532,0.1503811776638031,-0.7446454763412476,0.279213011264801,0.13891415297985077,-0.357204794883728
1749033602.154527,0.2548493444919586,-1.7198597393431605,1.0891879240619105,1.5011932092854003,-0.9485605398761194,-0.5443008581744593,-0.0873122364282608,0.06696168333292007,-0.06779268383979797,-0.1508825719356537,0.15755847096443176,-0.6234648823738098,-0.42430371046066284,0.14421668648719788,-0.7509058117866516,0.30080342292785645,0.14461147785186768,-0.354819655418396
1749033602.154565,0.2545022964477539,-1.7195655308165492,1.0889671484576624,1.5005799966999511,-0.9480198065387171,-0.5467708746539515,-0.08885655552148819,0.06870848685503006,-0.06617607921361923,-0.15142157673835754,0.15448354184627533,-0.6288290023803711,-0.40852072834968567,0.09108664840459824,-0.7420024275779724,0.2848914861679077,0.13849058747291565,-0.3657568395137787
1749033602.154603,0.2543533146381378,-1.7194677791991175,1.0888007322894495,1.5002755361744384,-0.9476507345782679,-0.5481017271624964,-0.08925922214984894,0.06604690104722977,-0.06656789034605026,-0.14921805262565613,0.15931378304958344,-0.6291504502296448,-0.42887601256370544,0.17800581455230713,-0.7515546679496765,0.2982637584209442,0.14658397436141968,-0.3297271430492401
1749033602.1546407,0.25415492057800293,-1.7192827663817347,1.0886719862567347,1.4999465185352783,-0.9473746458636683,-0.5492976347552698,-0.09018420428037643,0.06837428361177444,-0.06777822226285934,-0.14876869320869446,0.15555661916732788,-0.6296166777610779,-0.40018153190612793,0.18400970101356506,-0.7240309715270996,0.29076823592185974,0.1559830605983734,-0.4040927588939667
1749033602.1546779,0.2539905607700348,-1.7191697559752406,1.0885561148272913,1.4996492105671386,-0.9470227400409144,-0.5506017843829554,-0.09155929088592529,0.07068189978599548,-0.06743236631155014,-0.15470753610134125,0.15545758605003357,-0.6325777769088745,-0.36665114760398865,0.10986253619194031,-0.731273889541626,0.3186398446559906,0.1476210057735443,-0.33602145314216614
1749033602.1547148,0.2537422180175781,-1.719041486779684,1.0884044806109827,1.4993366438099365,-0.9467232863055628,-0.55188495317568,-0.09032843261957169,0.06649357825517654,-0.0672844648361206,-0.15166014432907104,0.15846151113510132,-0.6320702433586121,-0.38806474208831787,0.154196634888649,-0.7429819703102112,0.3391159176826477,0.11138488352298737,-0.3463830351829529
1749033602.1547518,0.2536381781101227,-1.7189370594420375,1.0882566610919397,1.4990483957478027,-0.9464166800128382,-0.5531256834613245,-0.09139279276132584,0.06835184246301651,-0.06744366139173508,-0.15124861896038055,0.1554851531982422,-0.6314870715141296,-0.3725633919239044,0.15036430954933167,-0.7590631246566772,0.3352724313735962,0.16692064702510834,-0.4046015441417694
1749033602.1547894,0.2534056305885315,-1.7187615833678187,1.088128391896383,1.498722954387329,-0.9461296240435999,-0.5544064680682581,-0.08970708400011063,0.06652387976646423,-0.06782355904579163,-0.15038295090198517,0.15624995529651642,-0.6356711983680725,-0.4126187562942505,0.16236110031604767,-0.7299821376800537,0.35143572092056274,0.14778393507003784,-0.31614914536476135
1749033602.1548262,0.2532518804073334,-1.7186676464476527,1.0880191961871546,1.4984375673481445,-0.9457762877093714,-0.5556219259845179,-0.09360512346029282,0.06727003306150436,-0.06850839406251907,-0.14938129484653473,0.1566896289587021,-0.6331506371498108,-0.36341163516044617,0.1670735627412796,-0.7258262038230896,0.35200101137161255,0.1528245061635971,-0.33710137009620667
1749033602.1548636,0.2530893385410309,-1.7184983692564906,1.0879033247577112,1.4981168943592529,-0.9455001989947718,-0.5569260756122034,-0.08925540000200272,0.06595689803361893,-0.06895039975643158,-0.14503054320812225,0.15689988434314728,-0.6339158415794373,-0.38289541006088257,0.14107070863246918,-0.7355029582977295,0.32505545020103455,0.13865217566490173,-0.3308117985725403
1749033602.154901,0.2528976500034332,-1.7183977566161097,1.0877555052386683,1.4978436666676025,-0.9451425711261194,-0.5581896940814417,-0.08958112448453903,0.0673007145524025,-0.06802170723676682,-0.1453692764043808,0.15848560631275177,-0.6291477680206299,-0.41094744205474854,0.1786106824874878,-0.7199432253837585,0.34360337257385254,0.14650380611419678,-0.32341310381889343
1749033602.1549377,0.252728134393692,-1.7182380161681117,1.0876043478595179,1.497551603908203,-0.9448393026935022,-0.5594137350665491,-0.09043233096599579,0.06735406070947647,-0.06966211646795273,-0.14042481780052185,0.15823161602020264,-0.6288618445396423,-0.38887906074523926,0.1644870489835739,-0.7292863130569458,0.2962553799152374,0.12094541639089584,-0.3934429883956909
1749033602.1549747,0.25254520773887634,-1.7181488476195277,1.0874326864825647,1.4972891050526123,-0.9445198217975062,-0.5606687704669397,-0.09227760881185532,0.06652271002531052,-0.06724195182323456,-0.13978585600852966,0.15624645352363586,-0.6345463991165161,-0.37978094816207886,0.17610445618629456,-0.7143624424934387,0.2795999348163605,0.12101614475250244,-0.3512760102748871
1749033602.1550114,0.25230875611305237,-1.7179748020567835,1.087343994771139,1.4970018106647949,-0.9441974798785608,-0.5620048681842249,-0.08879395574331284,0.06763236969709396,-0.06687260419130325,-0.144622802734375,0.159915491938591,-0.6375032663345337,-0.3664013147354126,0.14441817998886108,-0.7504147291183472,0.2934030294418335,0.09880875796079636,-0.29997557401657104
1749033602.1556861,0.25216370820999146,-1.7178307972350062,1.0871685186969202,1.496739073390625,-0.9438913504229944,-0.5632441679583948,-0.08798595517873764,0.06767690181732178,-0.06785845011472702,-0.14219969511032104,0.15737269818782806,-0.6343052983283997,-0.42456844449043274,0.1402578502893448,-0.7493332028388977,0.30672839283943176,0.08799456804990768,-0.33207353949546814
1749033602.157699,0.2519685924053192,-1.7177139721312464,1.0870526472674769,1.4964501100727539,-0.9435761610614222,-0.5644834677325647,-0.09114225953817368,0.06445886939764023,-0.06963138282299042,-0.14309905469417572,0.1568688303232193,-0.6344319581985474,-0.36929893493652344,0.20860734581947327,-0.7118484973907471,0.3017134666442871,0.09521608054637909,-0.3150395452976227
1749033602.1982863,0.2518163323402405,-1.7175899944701136,1.0869043509112757,1.496154471034668,-0.9432652632342737,-0.565770451222555,-0.08970490843057632,0.06683337688446045,-0.06851599365472794,-0.14460282027721405,0.15574398636817932,-0.6315001249313354,-0.39709657430648804,0.17170125246047974,-0.7215226888656616,0.28971976041793823,0.08849552273750305,-0.3278212547302246
1749033602.1983366,0.2516590654850006,-1.7174397907652796,1.0867679754840296,1.495861216182373,-0.9429438749896448,-0.5669921080218714,-0.09043686836957932,0.06647985428571701,-0.06892317533493042,-0.14555780589580536,0.15358789265155792,-0.6314590573310852,-0.3520315885543823,0.16922064125537872,-0.7156445384025574,0.3122691512107849,0.09986907988786697,-0.3589843511581421
1749033602.1983774,0.25147268176078796,-1.7173181972899378,1.0866354147540491,1.4955686765858154,-0.9426215330706995,-0.5682747999774378,-0.08967152237892151,0.06628089398145676,-0.06856749951839447,-0.14648833870887756,0.15210506319999695,-0.6326723098754883,-0.3626665771007538,0.15933281183242798,-0.7145777940750122,0.31018248200416565,0.1255999207496643,-0.31214961409568787
1749033602.198417,0.251284122467041,-1.717201372186178,1.0865042845355433,1.495272083873413,-0.9423764387713831,-0.5694921652423304,-0.0885709822177887,0.06597970426082611,-0.0679764449596405,-0.14623937010765076,0.15194007754325867,-0.629356324672699,-0.3849342465400696,0.18103954195976257,-0.6990904211997986,0.3056362569332123,0.11699661612510681,-0.330233097076416
1749033602.198455,0.2510773837566376,-1.717050691644186,1.0863564650165003,1.494990511531494,-0.9420703093158167,-0.5707896391498011,-0.08820249885320663,0.06645061820745468,-0.06742531061172485,-0.14588110148906708,0.1509532332420349,-0.627240002155304,-0.39985179901123047,0.17926356196403503,-0.7195168137550354,0.3109760284423828,0.13924457132816315,-0.32840633392333984
1749033602.1984935,0.25091981887817383,-1.7169348202147425,1.0862205664264124,1.49467317640271,-0.9417746702777308,-0.5721271673785608,-0.08866430073976517,0.06687185168266296,-0.06733693927526474,-0.14749865233898163,0.15228617191314697,-0.6254687309265137,-0.37976133823394775,0.14511597156524658,-0.7315126061439514,0.3013778328895569,0.14115110039710999,-0.3459849953651428
1749033602.1985314,0.25073814392089844,-1.7167941532530726,1.0861042181598108,1.4943253236958007,-0.9414814154254358,-0.5733006636248987,-0.08849101513624191,0.0658818706870079,-0.06711072474718094,-0.14635179936885834,0.15342804789543152,-0.6252181529998779,-0.3772512674331665,0.1600271314382553,-0.7079232931137085,0.3069283664226532,0.14307166635990143,-0.37325847148895264
1749033602.198568,0.25058960914611816,-1.7166744671263636,1.085968319569723,1.4940399366566162,-0.9411395231830042,-0.5746029059039515,-0.08863937854766846,0.06679829210042953,-0.06715743988752365,-0.14677147567272186,0.1523747444152832,-0.6249256730079651,-0.3778095543384552,0.1693289577960968,-0.7191327214241028,0.30639007687568665,0.13538417220115662,-0.3130102753639221
1749033602.1986058,0.25040140748023987,-1.7164956531920375,1.0858209768878382,1.4937192636677246,-0.9408481756793421,-0.5758655706988733,-0.08936624228954315,0.06776610761880875,-0.0671641156077385,-0.14605098962783813,0.1560973823070526,-0.6230050325393677,-0.3709050714969635,0.16407904028892517,-0.7258028388023376,0.348682165145874,0.10305505245923996,-0.2974591553211212
1749033602.1986432,0.2502150237560272,-1.7163759670653285,1.0857394377337855,1.4934107500263671,-0.9405525366412562,-0.5771005789386194,-0.08821818232536316,0.06747408956289291,-0.06601938605308533,-0.14666135609149933,0.15343420207500458,-0.6229652762413025,-0.38252121210098267,0.17701847851276398,-0.7184559106826782,0.3355204463005066,0.1202077716588974,-0.34918212890625
1749033602.1986802,0.2500831186771393,-1.7162257633604945,1.085588280354635,1.4931139188953857,-0.9401753584491175,-0.5783126989947718,-0.08842147141695023,0.06795442849397659,-0.06697890907526016,-0.14358514547348022,0.1523568332195282,-0.6233546733856201,-0.4008599817752838,0.1684240847826004,-0.7320236563682556,0.3528040051460266,0.1462891399860382,-0.34992456436157227
1749033602.198717,0.24990175664424896,-1.7161466083922328,1.0854910055743616,1.4928404527851562,-0.9399035612689417,-0.5796287695514124,-0.0878881886601448,0.06832750886678696,-0.07076133042573929,-0.1402711719274521,0.15520119667053223,-0.6236698627471924,-0.39577725529670715,0.16767451167106628,-0.6907492280006409,0.30490031838417053,0.10611249506473541,-0.37986570596694946
1749033602.198754,0.2497188150882721,-1.7159911594786585,1.0852964560138147,1.49257938444104,-0.9396002928363245,-0.5808528105365198,-0.08712589740753174,0.06927827000617981,-0.06764747202396393,-0.14386972784996033,0.1540868580341339,-0.6261849999427795,-0.4029419422149658,0.15890778601169586,-0.715589165687561,0.30299675464630127,0.12288589775562286,-0.3773390054702759
1749033602.1987906,0.24952340126037598,-1.7158523998656214,1.085168186818258,1.4922711092182617,-0.9392741362201136,-0.5820558706866663,-0.09075531363487244,0.06767194718122482,-0.06719003617763519,-0.14130236208438873,0.1547761857509613,-0.6281099915504456,-0.3457697033882141,0.12422173470258713,-0.7203145027160645,0.3384719491004944,0.11436085402965546,-0.3129897713661194
1749033602.198831,0.24935534596443176,-1.7156840763487757,1.0850675741778772,1.4919943052479248,-0.9389527479754847,-0.5833109060870569,-0.08728715032339096,0.06634373962879181,-0.07001689076423645,-0.1402178853750229,0.15514735877513885,-0.6279902458190918,-0.4001813530921936,0.1566457897424698,-0.6862586736679077,0.29707765579223633,0.11865891516208649,-0.3312033712863922
1749033602.1988688,0.24911841750144958,-1.7155715427794398,1.0848963896380823,1.491736813182495,-0.9386766592608851,-0.5845649878131312,-0.0900522768497467,0.06850316375494003,-0.06706138700246811,-0.1396380066871643,0.15308021008968353,-0.6269643306732178,-0.4029152989387512,0.1368170976638794,-0.7031671404838562,0.2978483736515045,0.10948359221220016,-0.34055769443511963
1749033602.1989093,0.24902690947055817,-1.7154275379576625,1.0847762266742151,1.4914681154438476,-0.9384000937091272,-0.5858333746539515,-0.08686938881874084,0.06527251750230789,-0.06699975579977036,-0.14037539064884186,0.15269465744495392,-0.6278507709503174,-0.393705815076828,0.168966144323349,-0.7128530144691467,0.2666941285133362,0.11674676835536957,-0.30763089656829834
1749033602.1989467,0.24879702925682068,-1.7152883015074671,1.0846522490130823,1.4912034708210449,-0.9380467573748987,-0.5870531241046351,-0.08734645694494247,0.06449303030967712,-0.06740487366914749,-0.13864141702651978,0.1555229276418686,-0.6271229982376099,-0.4163714647293091,0.16851204633712769,-0.7125000953674316,0.2523517608642578,0.09736577421426773,-0.38057830929756165
1749033602.198984,0.24868278205394745,-1.7151562176146449,1.0845392386065882,1.490879698390625,-0.9377015272723597,-0.5883396307574671,-0.08782679587602615,0.06821738928556442,-0.06687627732753754,-0.14524874091148376,0.15178920328617096,-0.6302976608276367,-0.4135900139808655,0.15504339337348938,-0.7121121883392334,0.26119983196258545,0.11891226470470428,-0.3487657308578491
1749033602.1990209,0.24849657714366913,-1.7150212726988734,1.084400478993551,1.490626021022461,-0.937472168599264,-0.5895722548114222,-0.0873701348900795,0.06853950023651123,-0.06645894795656204,-0.14181388914585114,0.1513015329837799,-0.6312421560287476,-0.40861785411834717,0.10872915387153625,-0.7332165837287903,0.26664456725120544,0.12464220076799393,-0.2948896884918213
1749033602.199684,0.24826179444789886,-1.7148996792235316,1.0842683951007288,1.4903527933308105,-0.9370921293841761,-0.5909064451800745,-0.09189143031835556,0.06595320254564285,-0.06581246107816696,-0.1441076397895813,0.1536000669002533,-0.6265997886657715,-0.343722403049469,0.17747533321380615,-0.7254863977432251,0.24083034694194794,0.07632365077733994,-0.31881067156791687
1749033602.2016284,0.248101145029068,-1.7147566280760707,1.0841673056231897,1.4900175768085937,-0.9368088881122034,-0.5920475164996546,-0.08847133815288544,0.06612135469913483,-0.066768117249012,-0.15054923295974731,0.1506078541278839,-0.625194787979126,-0.38490283489227295,0.15271519124507904,-0.738387405872345,0.29430270195007324,0.0923745185136795,-0.3047710061073303
1749033602.2462943,0.24791431427001953,-1.7146350346007289,1.0840042273150843,1.4897357660480957,-0.9365175406085413,-0.5933449904071253,-0.09076622873544693,0.06625857949256897,-0.06690574437379837,-0.14879725873470306,0.15097717940807343,-0.6222841739654541,-0.360582560300827,0.16783957183361053,-0.7334882616996765,0.28505590558052063,0.08228904753923416,-0.35155224800109863
1749033602.2463398,0.2477000504732132,-1.714487691918844,1.0838845411883753,1.489431305522583,-0.9361875692950647,-0.5945785681353968,-0.0885821208357811,0.06681310385465622,-0.0669313594698906,-0.15148469805717468,0.15004391968250275,-0.6252049207687378,-0.3443485498428345,0.1549425721168518,-0.7396326065063477,0.31820449233055115,0.09895515441894531,-0.38131648302078247
1749033602.2463796,0.24754677712917328,-1.71435608486318,1.083740536366598,1.489130659694336,-0.9358461538897913,-0.5958464781390589,-0.08824712783098221,0.06617608666419983,-0.06676789373159409,-0.15129733085632324,0.1510331779718399,-0.6296703219413757,-0.3640199899673462,0.15843352675437927,-0.7167625427246094,0.3289647102355957,0.10405141860246658,-0.31276795268058777
1749033602.246418,0.24738620221614838,-1.7142321072020472,1.0835893789874476,1.488814039821289,-0.9355662504779261,-0.5971286932574671,-0.08770398050546646,0.06559097766876221,-0.06813667714595795,-0.15154612064361572,0.15039409697055817,-0.6292001008987427,-0.3952190577983856,0.1680367887020111,-0.728509783744812,0.33487260341644287,0.11432741582393646,-0.32306966185569763
1749033602.246455,0.24718867242336273,-1.7140456638731898,1.0834725538836878,1.4885162550159912,-0.9352672735797327,-0.5983365217791956,-0.08703821152448654,0.06896866112947464,-0.06712223589420319,-0.15100614726543427,0.15035311877727509,-0.6249173879623413,-0.39506515860557556,0.13024643063545227,-0.7308721542358398,0.3264409601688385,0.11916700005531311,-0.34808409214019775
1749033602.2464921,0.2470542937517166,-1.7139488659300746,1.0833633581744593,1.488215370769165,-0.9349563757525843,-0.5996292273150843,-0.08776820451021194,0.06551269441843033,-0.065054751932621,-0.1472838819026947,0.15005724132061005,-0.6242286562919617,-0.39379552006721497,0.16191312670707703,-0.7333851456642151,0.3011855483055115,0.11838550865650177,-0.3453274369239807
1749033602.246529,0.24683642387390137,-1.7138053379454554,1.0831964651690882,1.487914963359497,-0.9346688429461878,-0.6008895079242151,-0.08823496103286743,0.06600101292133331,-0.06599779427051544,-0.14504370093345642,0.15005040168762207,-0.6230737566947937,-0.3688458204269409,0.1699410378932953,-0.7710889577865601,0.2938198745250702,0.11122068762779236,-0.40268099308013916
1749033602.246566,0.24683642387390137,-1.7138053379454554,1.0831964651690882,1.487914963359497,-0.9346688429461878,-0.6008895079242151,-0.08823496103286743,0.06600101292133331,-0.06599779427051544,-0.14504370093345642,0.15005040168762207,-0.6230737566947937,-0.3688458204269409,0.1699410378932953,-0.7710889577865601,0.2938198745250702,0.11122068762779236,-0.40268099308013916
1749033602.2466033,0.24655281007289886,-1.7135421238341273,1.0829485098468226,1.4873484808155517,-0.9340089003192347,-0.6034229437457483,-0.0885929986834526,0.06667009741067886,-0.06402427703142166,-0.14270105957984924,0.15393130481243134,-0.6281955242156982,-0.37837648391723633,0.1250273883342743,-0.7861109972000122,0.26777786016464233,0.0793866515159607,-0.3205641210079193
1749033602.2466402,0.24631419777870178,-1.71339811901235,1.082820240651266,1.487079067821167,-0.9337065855609339,-0.6046903769122522,-0.08951452374458313,0.06773299723863602,-0.06577261537313461,-0.1428869515657425,0.15102970600128174,-0.6259839534759521,-0.38638103008270264,0.1461620032787323,-0.7832568883895874,0.2615782916545868,0.10132867842912674,-0.35550251603126526
1749033602.2466772,0.24618832767009735,-1.7132851086058558,1.0827034155475062,1.4867867666431884,-0.9334304968463343,-0.6059139410602015,-0.08943622559309006,0.06795767694711685,-0.06515495479106903,-0.14233453571796417,0.15044401586055756,-0.6259517073631287,-0.37913811206817627,0.11946924775838852,-0.7750887274742126,0.2408657968044281,0.10821067541837692,-0.3338908851146698
1749033602.2467139,0.2460208535194397,-1.7131372890868128,1.0825679937945765,1.4865287977406005,-0.9331229368792933,-0.607161823903219,-0.09010439366102219,0.06763722002506256,-0.06780993938446045,-0.14713376760482788,0.15485896170139313,-0.6246275305747986,-0.41479727625846863,0.19081147015094757,-0.7729457020759583,0.23106235265731812,0.08323118090629578,-0.420620858669281
1749033602.2467508,0.24579821527004242,-1.713025232354635,1.0824082533465784,1.4862207609364013,-0.9327505270587366,-0.6084235350238245,-0.09121137857437134,0.06978844106197357,-0.06831076741218567,-0.1464775800704956,0.15306781232357025,-0.6307223439216614,-0.3670862019062042,0.1283242404460907,-0.7600555419921875,0.2578401267528534,0.06563444435596466,-0.39612898230552673
1749033602.246787,0.24563871324062347,-1.712858339349264,1.0822680632220667,1.485926790828369,-0.9324711004840296,-0.6097038427935999,-0.08921108394861221,0.06685379892587662,-0.069022037088871,-0.1455100178718567,0.15368466079235077,-0.6371943950653076,-0.38281697034835815,0.1270439773797989,-0.7447464466094971,0.2418821156024933,0.08546173572540283,-0.3204750716686249
1749033602.2468238,0.245462566614151,-1.7127419910826625,1.0821550528155726,1.4856421190449218,-0.9321602026568812,-0.6109541098224085,-0.09137021750211716,0.06541060656309128,-0.06920615583658218,-0.1479620784521103,0.15341153740882874,-0.6349340081214905,-0.3426198661327362,0.15227246284484863,-0.7473433613777161,0.2486378252506256,0.07455383241176605,-0.3357136845588684
1749033602.2468598,0.24527941644191742,-1.7126366100706996,1.0819762388812464,1.4853333669849853,-0.931861702595846,-0.6122348944293421,-0.08804557472467422,0.06485617160797119,-0.06985289603471756,-0.14503750205039978,0.15007561445236206,-0.6323093175888062,-0.3940120339393616,0.14239239692687988,-0.7417244911193848,0.27918070554733276,0.10117988288402557,-0.314540296792984
1749033602.246896,0.24509602785110474,-1.7124787769713343,1.0818441549884241,1.4850515562244873,-0.9315164724933069,-0.6135318914996546,-0.09046688675880432,0.06468193233013153,-0.0701361820101738,-0.14525043964385986,0.149187833070755,-0.6282262206077576,-0.3606809675693512,0.14174216985702515,-0.7322873473167419,0.24987035989761353,0.1068103015422821,-0.2874128222465515
1749033602.2469323,0.24488790333271027,-1.712330003777975,1.0816810766803187,1.4847587782093505,-0.9312432448016565,-0.6147387663470667,-0.08663394302129745,0.06413204222917557,-0.06962036341428757,-0.14636509120464325,0.1465851217508316,-0.6267085075378418,-0.360867977142334,0.15597593784332275,-0.7308732271194458,0.2207549661397934,0.11656035482883453,-0.3963177502155304
1749033602.2469685,0.2447439581155777,-1.7122217617430628,1.0815804640399378,1.4844459730335693,-0.9309375921832483,-0.6159594694720667,-0.08759148418903351,0.06464050710201263,-0.06916110962629318,-0.1487693041563034,0.14859066903591156,-0.6301315426826477,-0.3800906240940094,0.1637633889913559,-0.7254587411880493,0.23751752078533173,0.1368720531463623,-0.36983007192611694
1749033602.2470047,0.2445111721754074,-1.7121101818480433,1.0814207235919397,1.4841608244129638,-0.9306495825396937,-0.6172378698932093,-0.08817894011735916,0.06621954590082169,-0.06685192883014679,-0.15011966228485107,0.1479761153459549,-0.632798433303833,-0.39990776777267456,0.15945656597614288,-0.7409501075744629,0.25876182317733765,0.11957218497991562,-0.3247814476490021
1749033602.2470412,0.24435007572174072,-1.7119971714415492,1.0813081900226038,1.4838406282612304,-0.9303820768939417,-0.6185315291034144,-0.08877390623092651,0.06677312403917313,-0.06884031742811203,-0.15362687408924103,0.14697830379009247,-0.6313827037811279,-0.3906713128089905,0.16642244160175323,-0.7407846450805664,0.2799195647239685,0.13926056027412415,-0.36503246426582336
1749033602.2470777,0.2441980093717575,-1.711841722527975,1.0811603705035608,1.4835113722034912,-0.9300568739520472,-0.6197240988360804,-0.08824674785137177,0.06737785786390305,-0.06626905500888824,-0.1499742716550827,0.1511453092098236,-0.6323890089988708,-0.4081922173500061,0.17786440253257751,-0.7580509185791016,0.2774133086204529,0.12403980642557144,-0.3297603130340576
1749033602.2476904,0.24405287206172943,-1.7116991482176722,1.0809972921954554,1.4832300382801513,-0.9297893683062952,-0.6210740248309534,-0.08979573845863342,0.06757917255163193,-0.06678152829408646,-0.14987428486347198,0.15071570873260498,-0.6314646601676941,-0.3663102984428406,0.15262317657470703,-0.7515428066253662,0.24340271949768066,0.1214323565363884,-0.3618752658367157
1749033602.2496586,0.24388502538204193,-1.711527486840719,1.0808880964862269,1.482945128078125,-0.929486099873678,-0.622326676045553,-0.08773788809776306,0.06633906811475754,-0.06942596286535263,-0.15140041708946228,0.15099546313285828,-0.6321329474449158,-0.3740541338920593,0.14928144216537476,-0.7345329523086548,0.29076915979385376,0.11112810671329498,-0.3613111078739166
1749033602.290286,0.24370549619197845,-1.711442609826559,1.0807321707354944,1.4826249319263916,-0.929169003163473,-0.6235082785235804,-0.09141738712787628,0.068161740899086,-0.06937234103679657,-0.14708152413368225,0.15059523284435272,-0.6357512474060059,-0.376825749874115,0.1331266164779663,-0.7059316039085388,0.2705390155315399,0.15376265347003937,-0.2933117747306824
1749033602.2903326,0.24349145591259003,-1.7112709484496058,1.0806191603290003,1.4823712545582275,-0.9288309256183069,-0.6248033682452601,-0.08694593608379364,0.06486045569181442,-0.06838557869195938,-0.14817185699939728,0.15225595235824585,-0.6342641711235046,-0.4308520555496216,0.20752039551734924,-0.7153288722038269,0.272580623626709,0.14193034172058105,-0.3189659118652344
1749033602.2903736,0.2433154433965683,-1.7111669979491175,1.08046800294985,1.4820541578480224,-0.928535286580221,-0.6260531584369105,-0.08878128975629807,0.06568876653909683,-0.0683462917804718,-0.14769791066646576,0.15423588454723358,-0.6324386596679688,-0.4187329113483429,0.18515431880950928,-0.7248913049697876,0.25513115525245667,0.14448262751102448,-0.3243759274482727
1749033602.290413,0.24322016537189484,-1.7109915218748988,1.080348316823141,1.481750174159668,-0.9282525221454065,-0.6273301283465784,-0.0886099711060524,0.06986236572265625,-0.06755787134170532,-0.14837320148944855,0.15438619256019592,-0.6318243741989136,-0.38282090425491333,0.09974641352891922,-0.7234837412834167,0.28343430161476135,0.1318116933107376,-0.30977606773376465
1749033602.2904513,0.24302269518375397,-1.7108751736082972,1.0802233854876917,1.4814924436756591,-0.9279492537127894,-0.6285694281207483,-0.08833188563585281,0.06466037780046463,-0.06706270575523376,-0.1473722904920578,0.1549244374036789,-0.6285367012023926,-0.4267084002494812,0.16284269094467163,-0.7233158349990845,0.26292553544044495,0.13347017765045166,-0.3662724196910858
1749033602.2904892,0.24280880391597748,-1.7107473812498988,1.0801032225238245,1.4811560350605468,-0.9276154677020472,-0.6298225561725062,-0.08903103321790695,0.0664898157119751,-0.0671791061758995,-0.14616118371486664,0.15540629625320435,-0.630832314491272,-0.42358529567718506,0.18303589522838593,-0.7262042760848999,0.2378905564546585,0.13656175136566162,-0.35615935921669006
1749033602.290529,0.24263598024845123,-1.7106272182860316,1.079944912587301,1.4808634954639892,-0.9273360411273401,-0.6311643759356897,-0.08961383253335953,0.06805848330259323,-0.0666818842291832,-0.14722223579883575,0.15677931904792786,-0.6320192217826843,-0.3962939381599426,0.1295568346977234,-0.734322190284729,0.24751845002174377,0.13277342915534973,-0.3352545499801636
1749033602.290567,0.24246357381343842,-1.710487504998678,1.0797932783709925,1.480585976237915,-0.9269908110248011,-0.632395092641012,-0.08914311230182648,0.06738622486591339,-0.06589657813310623,-0.14637380838394165,0.1574849784374237,-0.6303874254226685,-0.3816828429698944,0.12052848935127258,-0.7402372360229492,0.24466529488563538,0.09066706150770187,-0.3352821469306946
1749033602.2906039,0.2422838658094406,-1.7103668651976527,1.079712216054098,1.480269117946289,-0.9266641775714319,-0.6336286703692835,-0.08804664760828018,0.06709311902523041,-0.0654078871011734,-0.14734485745429993,0.1556725949048996,-0.629722535610199,-0.38620346784591675,0.1448584496974945,-0.754846453666687,0.24891294538974762,0.1254587322473526,-0.30850285291671753
1749033602.2906415,0.2421281337738037,-1.7101966343321742,1.0795801321612757,1.4799956518360595,-0.9263885656939905,-0.6349576155291956,-0.08796044439077377,0.06749751418828964,-0.0654010996222496,-0.14572232961654663,0.16018922626972198,-0.6286724805831909,-0.4191173315048218,0.14347293972969055,-0.7806235551834106,0.25286489725112915,0.09993243217468262,-0.33384186029434204
1749033602.2906792,0.24190564453601837,-1.7100411854186,1.0794170538531702,1.4796790319630126,-0.9260395208941858,-0.6361969153033655,-0.08810848742723465,0.06656782329082489,-0.0668470561504364,-0.14856557548046112,0.15578614175319672,-0.6282150149345398,-0.39483726024627686,0.13198953866958618,-0.74662846326828,0.25949129462242126,0.09780609607696533,-0.3439882695674896
1749033602.2907166,0.2417534589767456,-1.7099629841246546,1.0793164412127894,1.47939841329541,-0.9257620016681116,-0.637463394795553,-0.08826539665460587,0.068169966340065,-0.06463943421840668,-0.14676088094711304,0.15541373193264008,-0.6270776987075806,-0.4109722077846527,0.11278132349252701,-0.7584558129310608,0.2709791660308838,0.09951204061508179,-0.31428757309913635
1749033602.2907538,0.24155478179454803,-1.7098156414427699,1.0791528860675257,1.479092999095581,-0.9254239241229456,-0.6387093702899378,-0.08672542124986649,0.06649085134267807,-0.06570029258728027,-0.14554478228092194,0.15529665350914001,-0.6242624521255493,-0.4085725247859955,0.12192624807357788,-0.7774769067764282,0.27492791414260864,0.10923813283443451,-0.3388676047325134
1749033602.2907908,0.2413649559020996,-1.7096764049925746,1.0790241400348108,1.4787883001514892,-0.9251096884356897,-0.6399696508990687,-0.09081431478261948,0.06579332053661346,-0.06777480244636536,-0.14782914519309998,0.15462327003479004,-0.6227280497550964,-0.39633747935295105,0.15957282483577728,-0.7323148250579834,0.2791970372200012,0.09880530834197998,-0.34467676281929016
1749033602.2908278,0.24122264981269836,-1.7095447979369105,1.078911606465475,1.4785029131123046,-0.9248002211200159,-0.6411760489093226,-0.08827422559261322,0.06712266057729721,-0.06555112451314926,-0.1457722932100296,0.15206243097782135,-0.6242939233779907,-0.4229225218296051,0.16518869996070862,-0.7515628933906555,0.2646061182022095,0.1327577829360962,-0.3381982445716858
1749033602.2908647,0.24098490178585052,-1.7094203434386195,1.0787642637835901,1.4782273012348632,-0.9244659582721155,-0.6424468199359339,-0.09122204780578613,0.06917174160480499,-0.06765884906053543,-0.14497311413288116,0.15145549178123474,-0.6241018176078796,-0.4032387137413025,0.08478090167045593,-0.7516565918922424,0.24842023849487305,0.12006974220275879,-0.3702901601791382
1749033602.2909014,0.24084818363189697,-1.709268709222311,1.0786283651935022,1.4779535967060546,-0.9242170492755335,-0.6436994711505335,-0.08763709664344788,0.06589466333389282,-0.06771042197942734,-0.14657337963581085,0.1503620594739914,-0.6255524754524231,-0.40043777227401733,0.16865994036197662,-0.7474325299263,0.25061437487602234,0.13477927446365356,-0.348587304353714
1749033602.290938,0.24064937233924866,-1.7091528377928675,1.0785039106952112,1.4776653486439209,-0.9239338080035608,-0.6449754873858851,-0.0890570729970932,0.06841640919446945,-0.06781316548585892,-0.1489124596118927,0.15399684011936188,-0.6265132427215576,-0.4118284583091736,0.10644963383674622,-0.7553275227546692,0.2696985602378845,0.12579995393753052,-0.34234926104545593
1749033602.2909744,0.24050070345401764,-1.7090088329710902,1.0783560911761683,1.477372093791626,-0.9235885779010218,-0.6462309996234339,-0.090762197971344,0.06785844266414642,-0.06826650351285934,-0.1480312943458557,0.15152981877326965,-0.6267322301864624,-0.3712618947029114,0.10935181379318237,-0.7382654547691345,0.2678268849849701,0.13866157829761505,-0.36229968070983887
1749033602.2910109,0.24034364521503448,-1.7088734112181605,1.0782154242144983,1.4770673948475341,-0.9233325163470667,-0.6474517027484339,-0.08943311870098114,0.06711729615926743,-0.06759248673915863,-0.14688941836357117,0.14916637539863586,-0.6280856132507324,-0.35342738032341003,0.11321160942316055,-0.7465683817863464,0.24494591355323792,0.14654450118541718,-0.3170489966869354
1749033602.2916455,0.24012954533100128,-1.7087050877013148,1.0780604521380823,1.476766510600708,-0.9230640570269983,-0.6487105528460901,-0.08787650614976883,0.06619420647621155,-0.06736470013856888,-0.14847835898399353,0.15306028723716736,-0.628536581993103,-0.38863685727119446,0.12980321049690247,-0.7367498278617859,0.2783799469470978,0.1371411383152008,-0.3284141421318054
1749033602.2936592,0.23996512591838837,-1.7086254558958949,1.077951733266012,1.4764816003986816,-0.9227197805987757,-0.6499984900103968,-0.08972703665494919,0.06583437323570251,-0.06696537882089615,-0.14471808075904846,0.15008606016635895,-0.6288520693778992,-0.3742999732494354,0.12524721026420593,-0.7437716126441956,0.23684635758399963,0.1325102597475052,-0.33187833428382874
1749033602.3342867,0.23976324498653412,-1.7084814510741175,1.077796761189596,1.476161165828369,-0.9224484602557581,-0.6512387434588831,-0.08699902147054672,0.06642483919858932,-0.0660269483923912,-0.1462833434343338,0.15051516890525818,-0.6299048066139221,-0.41722455620765686,0.15104834735393524,-0.750363290309906,0.24488550424575806,0.16703510284423828,-0.32425063848495483
1749033602.3343337,0.23960629105567932,-1.708311220208639,1.0777080694781702,1.475879355067871,-0.9221256414996546,-0.65253192583193,-0.08650186657905579,0.06654608249664307,-0.06581762433052063,-0.15187743306159973,0.15129336714744568,-0.6285753846168518,-0.4166463315486908,0.14093990623950958,-0.7511444687843323,0.30130088329315186,0.16705451905727386,-0.30434542894363403
1749033602.334375,0.23942284286022186,-1.708233495751852,1.077575985585348,1.47555057584729,-0.9217889944659632,-0.6537578741656702,-0.0896158516407013,0.06662870198488235,-0.06591571867465973,-0.14863930642604828,0.1538512408733368,-0.6250097155570984,-0.35782569646835327,0.14755335450172424,-0.7490573525428772,0.2880322337150574,0.18207338452339172,-0.34542331099510193
1749033602.3344142,0.23925189673900604,-1.70806946376943,1.077428166066305,1.4752706724354248,-0.921509091054098,-0.6550248304950159,-0.08678252249956131,0.06688987463712692,-0.06523145735263824,-0.14866216480731964,0.15517450869083405,-0.6245393753051758,-0.4559268355369568,0.11931747198104858,-0.7645782828330994,0.2864725589752197,0.1645749807357788,-0.33208900690078735
1749033602.3344526,0.23911330103874207,-1.707925935784811,1.0773122946368616,1.4749888616749267,-0.9211981932269495,-0.6562231222735804,-0.08827753365039825,0.06694183498620987,-0.06430264562368393,-0.1473727822303772,0.15656299889087677,-0.6243952512741089,-0.42267653346061707,0.14030088484287262,-0.7730781435966492,0.2795359194278717,0.17229339480400085,-0.3883250653743744
1749033602.3344915,0.23894262313842773,-1.707830091516012,1.0771763960467737,1.4747115808674316,-0.9209154287921351,-0.6574667135821741,-0.08899671584367752,0.06700170785188675,-0.06637143343687057,-0.14585207402706146,0.1572188138961792,-0.6290323734283447,-0.392101913690567,0.12053389847278595,-0.7798027396202087,0.2788427472114563,0.1639496386051178,-0.3391246199607849
1749033602.334529,0.2387114018201828,-1.7076860866942347,1.0770395437823694,1.4744230943867187,-0.9205806891070765,-0.6587436834918421,-0.0889211893081665,0.06648002564907074,-0.06623233109712601,-0.14552229642868042,0.1564076542854309,-0.6286423206329346,-0.38599893450737,0.14509473741054535,-0.7588406801223755,0.2652894854545593,0.15154123306274414,-0.3140513598918915
1749033602.3345666,0.2385249137878418,-1.70753874401235,1.0769074598895472,1.4741496282764892,-0.9202359358416956,-0.659975830708639,-0.0884813442826271,0.06723758578300476,-0.06468629091978073,-0.14568406343460083,0.1594623178243637,-0.6278651356697083,-0.3906693458557129,0.1187451109290123,-0.7855454683303833,0.2601262331008911,0.12003379315137863,-0.32576245069503784
1749033602.334604,0.23839467763900757,-1.707426210443014,1.0767601172076624,1.47384159147229,-0.919990364705221,-0.6612327734576624,-0.0873735323548317,0.06695199012756348,-0.06643235683441162,-0.14664626121520996,0.15653015673160553,-0.6276262998580933,-0.39131900668144226,0.14131343364715576,-0.7881386280059814,0.2529616057872772,0.12523457407951355,-0.3261464238166809
1749033602.3346412,0.2381654530763626,-1.7072788677611292,1.0765932242022913,1.4735843378254394,-0.9196332136737269,-0.6624329725848597,-0.08780692517757416,0.06542928516864777,-0.06791553646326065,-0.1479264795780182,0.1574815809726715,-0.623191237449646,-0.38212093710899353,0.1105823740363121,-0.7436204552650452,0.24318265914916992,0.13991005718708038,-0.3677678406238556
1749033602.3346784,0.23803192377090454,-1.7071505985655726,1.0765083471881312,1.4732824999042968,-0.9193180243121546,-0.6637614409076136,-0.08737395703792572,0.06499529629945755,-0.06473197042942047,-0.14825057983398438,0.15931864082813263,-0.6267818808555603,-0.3881553113460541,0.14510713517665863,-0.7879371047019958,0.24556964635849,0.11031542718410492,-0.3892461061477661
1749033602.3347156,0.23782970011234283,-1.7069994411864222,1.0763796011554163,1.4729818540760498,-0.9189537207232874,-0.6649587790118616,-0.08743942528963089,0.06766235083341599,-0.0637892484664917,-0.1509665548801422,0.15828272700309753,-0.6309146881103516,-0.37882930040359497,0.13079114258289337,-0.8066979646682739,0.2541729211807251,0.12665045261383057,-0.3358296751976013
1749033602.334752,0.23764155805110931,-1.7068797550597132,1.0762322584735315,1.4726897913166503,-0.9186504522906702,-0.6662586371051233,-0.08808150142431259,0.06794290989637375,-0.0656319111585617,-0.15098170936107635,0.15814070403575897,-0.6296590566635132,-0.3890218436717987,0.0735718309879303,-0.7857601642608643,0.28196144104003906,0.10372501611709595,-0.3223419487476349
1749033602.3347888,0.2374931275844574,-1.706754823724264,1.0761244932757776,1.4723927217670898,-0.9183738867389124,-0.6675661245929163,-0.08648629486560822,0.06471482664346695,-0.06611640751361847,-0.14951331913471222,0.1570531129837036,-0.6257438063621521,-0.3573160767555237,0.15740925073623657,-0.789326012134552,0.2749505937099457,0.10358080267906189,-0.3425370752811432
1749033602.3348255,0.23726855218410492,-1.7065917454161585,1.075980011616842,1.4721032816120605,-0.9180906454669397,-0.668776814137594,-0.09034063667058945,0.06647910922765732,-0.06575756520032883,-0.15276260673999786,0.15348868072032928,-0.6236294507980347,-0.3718707859516144,0.13412562012672424,-0.7884050607681274,0.2758743166923523,0.12764184176921844,-0.31848305463790894
1749033602.334862,0.2370990812778473,-1.7064787350096644,1.0758636633502405,1.4717950063892822,-0.9177611509906214,-0.6700242201434534,-0.08517935872077942,0.06637309491634369,-0.06565368920564651,-0.1494177132844925,0.15162613987922668,-0.6207831501960754,-0.4155743718147278,0.14021943509578705,-0.7943320274353027,0.274941086769104,0.15121641755104065,-0.39398738741874695
1749033602.334899,0.23693500459194183,-1.7063280544676722,1.0757196585284632,1.4714826780506591,-0.917431656514303,-0.6712883154498499,-0.08580797165632248,0.06584660708904266,-0.06541737169027328,-0.14877109229564667,0.1495068371295929,-0.6272822022438049,-0.4356842041015625,0.10651157796382904,-0.8098849058151245,0.28855398297309875,0.15864789485931396,-0.34598565101623535
1749033602.3349357,0.23675525188446045,-1.7062283955016078,1.0755723158465784,1.4711848932453613,-0.9172146956073206,-0.6725528875934046,-0.08526088297367096,0.06532876193523407,-0.06628503650426865,-0.14877274632453918,0.15319740772247314,-0.6266205906867981,-0.39106321334838867,0.1537090241909027,-0.8034154772758484,0.2795916199684143,0.1448514759540558,-0.31751689314842224
1749033602.3349721,0.23660798370838165,-1.706088205377096,1.0754364172564905,1.4709195333668212,-0.9168680349933069,-0.6737583319293421,-0.08452031016349792,0.06598849594593048,-0.0672890767455101,-0.149636909365654,0.15143020451068878,-0.6249158978462219,-0.4412093162536621,0.12895521521568298,-0.817381739616394,0.2854481637477875,0.15254735946655273,-0.35448187589645386
1749033602.3350089,0.23640944063663483,-1.7059442005553187,1.075320068989889,1.470635100001953,-0.9165504614459437,-0.6750114599810999,-0.08609159290790558,0.06632821261882782,-0.06781217455863953,-0.1503206193447113,0.1503591388463974,-0.6252867579460144,-0.43658992648124695,0.16710370779037476,-0.7660229206085205,0.27007296681404114,0.15539610385894775,-0.33744150400161743
1749033602.3357134,0.23630231618881226,-1.7058001957335414,1.075172249470846,1.470346136684082,-0.9162676970111292,-0.6762521902667444,-0.08754786849021912,0.06564497947692871,-0.06643196940422058,-0.14993439614772797,0.155543714761734,-0.6255542039871216,-0.3760314881801605,0.16014325618743896,-0.8066115975379944,0.288452684879303,0.14597871899604797,-0.3884093165397644
1749033602.3376899,0.23630231618881226,-1.7058001957335414,1.075172249470846,1.470346136684082,-0.9162676970111292,-0.6762521902667444,-0.08754786849021912,0.06564497947692871,-0.06643196940422058,-0.14993439614772797,0.155543714761734,-0.6255542039871216,-0.3760314881801605,0.16014325618743896,-0.8066115975379944,0.288452684879303,0.14597871899604797,-0.3884093165397644
1749033602.3782961,0.23609153926372528,-1.7057067356505335,1.0749972502337855,1.4700452524372558,-0.9159839789019983,-0.6775410811053675,-0.08716070652008057,0.06880171597003937,-0.06687094271183014,-0.14994597434997559,0.15455041825771332,-0.6279095411300659,-0.4226173758506775,0.10134615004062653,-0.796183168888092,0.2907293140888214,0.14818131923675537,-0.37857937812805176
1749033602.378342,0.2357257753610611,-1.7054082355894984,1.0747445265399378,1.469458981151245,-0.9153898398028772,-0.6800220648394983,-0.08882719278335571,0.0655914694070816,-0.0661034882068634,-0.14734111726284027,0.15477243065834045,-0.6309279203414917,-0.40125423669815063,0.14142462611198425,-0.7964087724685669,0.282998263835907,0.1518431007862091,-0.30223608016967773
1749033602.3784044,0.23553349077701569,-1.7052761516966761,1.0745962301837366,1.4691425996967773,-0.9150708357440394,-0.6813038031207483,-0.08687645196914673,0.06797023117542267,-0.06747114658355713,-0.15135431289672852,0.1556921899318695,-0.6303152441978455,-0.39418476819992065,0.12410938739776611,-0.7660976052284241,0.29463958740234375,0.1542402058839798,-0.32371315360069275
1749033602.3784468,0.23538978397846222,-1.7051135502257289,1.0744522253619593,1.4688142973133544,-0.914746109639303,-0.6825521628009241,-0.08681240677833557,0.06528747826814651,-0.06745225936174393,-0.14857710897922516,0.156856968998909,-0.6263896226882935,-0.40877285599708557,0.12521494925022125,-0.7757864594459534,0.29175764322280884,0.12770745158195496,-0.3058185279369354
1749033602.3784852,0.23520196974277496,-1.7050043545165003,1.0743163267718714,1.4685210424610595,-0.9144075552569788,-0.6838267485248011,-0.09055883437395096,0.06560538709163666,-0.06675098091363907,-0.14717520773410797,0.15642023086547852,-0.6249643564224243,-0.3567662835121155,0.16187456250190735,-0.7916487455368042,0.27232736349105835,0.15665489435195923,-0.3692709505558014
1749033602.378523,0.23498736321926117,-1.7048808536925257,1.0742161909686487,1.46822897970166,-0.9141042868243616,-0.6850717703448694,-0.08775588124990463,0.06641699373722076,-0.06622225046157837,-0.14809535443782806,0.15613125264644623,-0.6291413903236389,-0.38113436102867126,0.09131722152233124,-0.7813168168067932,0.3056791126728058,0.13929574191570282,-0.3073275089263916
1749033602.3785644,0.23483918607234955,-1.7047645054259242,1.0740721861468714,1.4679347711750488,-0.9138019720660608,-0.6863191763507288,-0.08644634485244751,0.0648142546415329,-0.06595785915851593,-0.1475154310464859,0.15444986522197723,-0.6272269487380981,-0.3406023383140564,0.06771165877580643,-0.7795230150222778,0.33393150568008423,0.1277828961610794,-0.21329569816589355
1749033602.378603,0.2346678525209427,-1.7046085796751917,1.073921028767721,1.467630310649536,-0.9134720007525843,-0.6875131765948694,-0.08477017283439636,0.06259232014417648,-0.06648596376180649,-0.14678139984607697,0.15322136878967285,-0.6200083494186401,-0.374800443649292,0.11351793259382248,-0.7818081974983215,0.3389592468738556,0.1303473711013794,-0.2551160454750061
1749033602.3786397,0.23447997868061066,-1.7045046291747035,1.0738042036639612,1.4673642355152587,-0.9131925741778772,-0.688791577016012,-0.0837007686495781,0.06099884212017059,-0.06607678532600403,-0.14475256204605103,0.1522967368364334,-0.6148389577865601,-0.3682650923728943,0.14067667722702026,-0.776978611946106,0.3355764150619507,0.10158567130565643,-0.23511332273483276
1749033602.378681,0.2343536764383316,-1.7043653927245082,1.0736916700946253,1.467052860850952,-0.9128730932818812,-0.6899064222918909,-0.083151675760746,0.062226224690675735,-0.0654653012752533,-0.1446191370487213,0.15031906962394714,-0.6070199012756348,-0.4038253426551819,0.1609807014465332,-0.7688561081886292,0.32401108741760254,0.11171134561300278,-0.31166958808898926
1749033602.3787193,0.23409800231456757,-1.7042561970152796,1.073540512715475,1.4667796331593017,-0.9125588575946253,-0.6911490599261683,-0.0835714116692543,0.06393493711948395,-0.06556417793035507,-0.14400449395179749,0.1523909568786621,-0.60489422082901,-0.4063567519187927,0.08897412568330765,-0.7699527144432068,0.32644709944725037,0.10027964413166046,-0.3543497920036316
1749033602.378756,0.23394551873207092,-1.7041212520995082,1.0734360853778284,1.4664935308643798,-0.9122675100909632,-0.6923616568194788,-0.0845189020037651,0.06468605995178223,-0.06532283872365952,-0.14100390672683716,0.15132471919059753,-0.6076247096061707,-0.4134170413017273,0.1369169056415558,-0.7720308899879456,0.311113178730011,0.08621236681938171,-0.32035544514656067
1749033602.3787925,0.23379692435264587,-1.7039815388121546,1.0732992331134241,1.46623341619458,-0.9119961897479456,-0.6935918966876429,-0.08503294736146927,0.06573771685361862,-0.06445493549108505,-0.1428816169500351,0.15005533397197723,-0.6087961196899414,-0.3894648849964142,0.13814066350460052,-0.7689288854598999,0.3067133128643036,0.09086206555366516,-0.3068717122077942
1749033602.3788295,0.23365190625190735,-1.7038256130614222,1.0731752554522913,1.4659208494373779,-0.9116423765765589,-0.6948326269732874,-0.08546270430088043,0.06641369313001633,-0.0636637881398201,-0.14152732491493225,0.14883199334144592,-0.60563725233078,-0.4151369333267212,0.1116255447268486,-0.7700960636138916,0.3485853970050812,0.11071634292602539,-0.3509591519832611
1749033602.3788657,0.23343899846076965,-1.703714510003561,1.073059384022848,1.4656635957905273,-0.9113834539996546,-0.6959765593158167,-0.08592832833528519,0.06649748980998993,-0.062399230897426605,-0.13958244025707245,0.1473749577999115,-0.6044262647628784,-0.3904758393764496,0.09618828445672989,-0.7828924059867859,0.3153753876686096,0.1206764280796051,-0.3085775673389435
1749033602.3789027,0.23325955867767334,-1.7036053142943324,1.0728800932513636,1.4653901296802978,-0.9111083189593714,-0.6971991697894495,-0.08439099788665771,0.0661323219537735,-0.06425083428621292,-0.14136964082717896,0.14661185443401337,-0.6064832806587219,-0.4031611979007721,0.0928926020860672,-0.7820510864257812,0.31543147563934326,0.12327523529529572,-0.36850571632385254
1749033602.3789396,0.23310570418834686,-1.7034698925414027,1.0727952162372034,1.4650663572498779,-0.9108026663409632,-0.6984871069537562,-0.08682317286729813,0.06565918773412704,-0.06302891671657562,-0.14233340322971344,0.14727599918842316,-0.6080509424209595,-0.35845205187797546,0.07895597815513611,-0.7814846634864807,0.3343425393104553,0.14127510786056519,-0.3581751585006714
1749033602.378976,0.23294654488563538,-1.7033382854857386,1.0726354757892054,1.4647900301166992,-0.9105189482318323,-0.6997225920306605,-0.08372262120246887,0.06679780781269073,-0.062081195414066315,-0.14232584834098816,0.14788103103637695,-0.6106428503990173,-0.45883414149284363,0.17323210835456848,-0.8014448881149292,0.31851857900619507,0.18370641767978668,-0.3944442868232727
1749033602.3790133,0.23278725147247314,-1.7031833134093226,1.07249623933901,1.4644886690327148,-0.910189453755514,-0.700958553944723,-0.08934145420789719,0.0696900337934494,-0.0632183775305748,-0.14475493133068085,0.15080951154232025,-0.6139370799064636,-0.4356575906276703,0.1179509311914444,-0.8013876080513,0.3216198682785034,0.15214908123016357,-0.42092686891555786
1749033602.3790503,0.23259566724300385,-1.7030664883055628,1.0723522345172327,1.4642030435749511,-0.909952465687887,-0.7021902243243616,-0.08789646625518799,0.06908173114061356,-0.06557298451662064,-0.14710767567157745,0.15194198489189148,-0.6200714707374573,-0.3986654281616211,0.12810306251049042,-0.7582321166992188,0.3353760242462158,0.1663530319929123,-0.3748459815979004
1749033602.3803582,0.23243196308612823,-1.7029386959471644,1.0722516218768519,1.4638985830494384,-0.9096387068377894,-0.703430477772848,-0.08851560205221176,0.06884157657623291,-0.06374461203813553,-0.14666835963726044,0.15684829652309418,-0.6255795955657959,-0.3885856866836548,0.09753205627202988,-0.7820633053779602,0.33317863941192627,0.1555345356464386,-0.33872565627098083
1749033602.3817108,0.2322245091199875,-1.7028066120543421,1.072092358266012,1.4636141496845703,-0.9093168417560022,-0.704686466847555,-0.0879773497581482,0.06936924904584885,-0.0658918097615242,-0.14644533395767212,0.1560620367527008,-0.6260279417037964,-0.41903942823410034,0.11076366901397705,-0.7802715301513672,0.33733388781547546,0.11977177113294601,-0.3855006694793701
1749033602.4222856,0.23204836249351501,-1.7026854954161585,1.0719483534442347,1.4632934766956787,-0.9089825789081019,-0.705909554158346,-0.08790422230958939,0.065342977643013,-0.06695083528757095,-0.1446646898984909,0.15629251301288605,-0.629489541053772,-0.41573861241340637,0.1441825032234192,-0.7705911993980408,0.3281840980052948,0.1468142867088318,-0.3540670573711395
1749033602.4223313,0.23186522722244263,-1.70251526455068,1.0717843214618128,1.46301977216687,-0.9086907545672815,-0.7071531454669397,-0.08736546337604523,0.06692560762166977,-0.06782278418540955,-0.14380593597888947,0.15637809038162231,-0.6306961178779602,-0.3737218976020813,0.1025189757347107,-0.7634521126747131,0.31377407908439636,0.1188795268535614,-0.32995617389678955
1749033602.4223723,0.23167873919010162,-1.7024218044676722,1.0716684500323694,1.4627031522938232,-0.908360783253805,-0.7084630171405237,-0.08628305047750473,0.06546099483966827,-0.06838131695985794,-0.144966259598732,0.1559610664844513,-0.6313713192939758,-0.4027414619922638,0.11364851891994476,-0.7540228366851807,0.32556796073913574,0.13645276427268982,-0.35772815346717834
1749033602.4224117,0.2315177321434021,-1.7022587261595667,1.0715363661395472,1.4624149042316894,-0.908088509236471,-0.7097047011004847,-0.08527404814958572,0.06445584446191788,-0.06852367520332336,-0.14146584272384644,0.1568649560213089,-0.6328344345092773,-0.4287508726119995,0.1313270628452301,-0.7484828233718872,0.31515759229660034,0.14985744655132294,-0.31465914845466614
1749033602.4224505,0.23135371506214142,-1.7021433315672816,1.071369473134176,1.462113304729126,-0.907755200062887,-0.7109454313861292,-0.08732116222381592,0.0653836578130722,-0.06789395958185196,-0.14465473592281342,0.15843364596366882,-0.6343408823013306,-0.38285455107688904,0.14499185979366302,-0.7559704184532166,0.320464551448822,0.11264018714427948,-0.36799144744873047
1749033602.4224894,0.23113961517810822,-1.7019959888853968,1.071291748677389,1.4618279176899414,-0.9074090162860315,-0.712221924458639,-0.08739817887544632,0.06595075130462646,-0.06784392148256302,-0.14455771446228027,0.15882620215415955,-0.6369853019714355,-0.4024464786052704,0.13291433453559875,-0.7646162509918213,0.32887518405914307,0.09942971915006638,-0.37687191367149353
1749033602.422527,0.23096688091754913,-1.701879163781637,1.0711353460894983,1.4615434843250732,-0.9070590178119105,-0.7135251204120081,-0.09123928099870682,0.06677304953336716,-0.06721685081720352,-0.142076775431633,0.15952962636947632,-0.6404459476470947,-0.39767998456954956,0.15032047033309937,-0.7525089979171753,0.30777084827423096,0.09934698045253754,-0.3371604084968567
1749033602.4225643,0.23079076409339905,-1.7017585239806117,1.0709803740130823,1.4612352091022949,-0.9067514578448694,-0.7148273626910608,-0.0882655680179596,0.06745921075344086,-0.06460084021091461,-0.14427265524864197,0.15808860957622528,-0.640386164188385,-0.3872832953929901,0.14212413132190704,-0.7825444936752319,0.2991628646850586,0.09689894318580627,-0.348551481962204
1749033602.4226012,0.23059214651584625,-1.7016235790648402,1.0708330313311976,1.4609615045734863,-0.9064753691302698,-0.7160885969745081,-0.08923589438199997,0.06783349812030792,-0.06626448035240173,-0.14338594675064087,0.15816837549209595,-0.6400672197341919,-0.37175631523132324,0.14056675136089325,-0.7797811031341553,0.31681811809539795,0.08226936310529709,-0.31793203949928284
1749033602.422639,0.2304469347000122,-1.7014881573119105,1.0707204977618616,1.4606763559528808,-0.9061182180987757,-0.717360798512594,-0.08860357850790024,0.07090745121240616,-0.06930367648601532,-0.1433553397655487,0.15793420374393463,-0.6372449398040771,-0.3901214003562927,0.06093200296163559,-0.739247739315033,0.2860628366470337,0.06589701771736145,-0.33524182438850403
1749033602.4226763,0.23027436435222626,-1.7013470135130824,1.0706003347979944,1.4603909689136962,-0.9058077971087855,-0.7186477820025843,-0.08789709955453873,0.0657617449760437,-0.06646034866571426,-0.14252972602844238,0.15428252518177032,-0.6367542743682861,-0.4042585790157318,0.13205274939537048,-0.7721938490867615,0.29760611057281494,0.0923200249671936,-0.37201547622680664
1749033602.422713,0.23010686039924622,-1.7011963329710902,1.0704601446734827,1.4601220327564697,-0.9054935614215296,-0.7198880354510706,-0.08868037909269333,0.06638437509536743,-0.0673082247376442,-0.1440017968416214,0.15709666907787323,-0.6411770582199097,-0.40670904517173767,0.12375746667385101,-0.7563856840133667,0.2768825888633728,0.07932604849338531,-0.2988864481449127
1749033602.4227498,0.22992739081382751,-1.7010523281493128,1.0703437964068812,1.4598612028309326,-0.9051740805255335,-0.721226994191305,-0.08896145969629288,0.07051727920770645,-0.06730487197637558,-0.1444971114397049,0.15391524136066437,-0.6401646137237549,-0.38214102387428284,0.08734715729951859,-0.7517373561859131,0.28091615438461304,0.08204469084739685,-0.32390421628952026
1749033602.4227865,0.22969749569892883,-1.7009521923460902,1.0701926390277308,1.459521933192871,-0.9048946539508265,-0.7224987188922327,-0.08898357301950455,0.06632738560438156,-0.06745429337024689,-0.1464833915233612,0.15352581441402435,-0.6368562579154968,-0.38103967905044556,0.10728603601455688,-0.7680884599685669,0.27638593316078186,0.10226202011108398,-0.3480815589427948
1749033602.4228232,0.22956109046936035,-1.7007962665953578,1.0700843969928187,1.4592363077351074,-0.9045527617083948,-0.7237609068499964,-0.0887569859623909,0.06833711266517639,-0.06652001291513443,-0.15099045634269714,0.15442481637001038,-0.6329212188720703,-0.392068475484848,0.11950241029262543,-0.7589844465255737,0.275649756193161,0.0937570333480835,-0.33854585886001587
1749033602.4228601,0.22938624024391174,-1.7006603680052699,1.069944206868307,1.458986445064209,-0.9042661825763147,-0.7250002066241663,-0.0881551206111908,0.06944327801465988,-0.06646139174699783,-0.15049569308757782,0.15328297019004822,-0.6316560506820679,-0.37912335991859436,0.09819411486387253,-0.7762176990509033,0.28945761919021606,0.09519527852535248,-0.373754620552063
1749033602.4228964,0.2292395979166031,-1.7005325756468714,1.069815460835592,1.4586693483540039,-0.9039619604693812,-0.7263086477862757,-0.08714832365512848,0.06932000070810318,-0.0662616416811943,-0.15129698812961578,0.15119647979736328,-0.6358560919761658,-0.39191609621047974,0.08737123012542725,-0.7773199081420898,0.29493260383605957,0.10393026471138,-0.37432485818862915
1749033602.4229336,0.22905796766281128,-1.7004009685912074,1.0696490446673792,1.4583377081104736,-0.9036482016192835,-0.7275846640216272,-0.08972842246294022,0.06916774809360504,-0.06609973311424255,-0.15393464267253876,0.1533299684524536,-0.6400473713874817,-0.39201852679252625,0.08395148813724518,-0.7838252782821655,0.3123500943183899,0.11917933821678162,-0.30721548199653625
1749033602.42297,0.22887828946113586,-1.7002531490721644,1.069536034260885,1.458023949260376,-0.9032910505877894,-0.7288697401629847,-0.08607030659914017,0.06870897859334946,-0.06622960418462753,-0.15014725923538208,0.15106195211410522,-0.6356897354125977,-0.43488579988479614,0.10018794238567352,-0.7728174924850464,0.2926175594329834,0.10949042439460754,-0.35133758187294006
1749033602.4230068,0.22868657112121582,-1.700054784814352,1.0694039503680628,1.4577268797108154,-0.9030354658709925,-0.7301409880267542,-0.08899017423391342,0.06943053007125854,-0.06674407422542572,-0.15096545219421387,0.14948691427707672,-0.635935366153717,-0.4398210644721985,0.1032266765832901,-0.7739734053611755,0.3165718615055084,0.13832199573516846,-0.34641507267951965
1749033602.4236887,0.22845719754695892,-1.6999651394286097,1.0692670981036585,1.4574386316486816,-0.9027054945575159,-0.731457535420553,-0.08912976086139679,0.06880360096693039,-0.06598242372274399,-0.149823397397995,0.1551738828420639,-0.6361994743347168,-0.3733786642551422,0.10737800598144531,-0.7751730680465698,0.30015647411346436,0.1124485656619072,-0.34953296184539795
1749033602.425693,0.22831203043460846,-1.6998845539488734,1.0691126028644007,1.4571215349384765,-0.9023774305926722,-0.7326701323138636,-0.08915682882070541,0.06753375381231308,-0.06635438650846481,-0.1499985158443451,0.1532852053642273,-0.6360852718353271,-0.4017425775527954,0.10980693250894547,-0.7785531282424927,0.30521976947784424,0.09923025965690613,-0.3854054808616638
1749033602.4662802,0.22811676561832428,-1.699710031548971,1.0689962545977991,1.4568132597156982,-0.9021170775042933,-0.733980957661764,-0.09020715951919556,0.06788467615842819,-0.06662239134311676,-0.14929084479808807,0.15275010466575623,-0.6389611959457397,-0.3838779628276825,0.11541806161403656,-0.7871057987213135,0.2912464141845703,0.11487878859043121,-0.3264031708240509
1749033602.466326,0.22795617580413818,-1.6996051273741664,1.068829361592428,1.4565507608601074,-0.9017871061908167,-0.7352460066424769,-0.08931557834148407,0.06705254316329956,-0.0666804388165474,-0.15050095319747925,0.15325434505939484,-0.638806939125061,-0.3920883536338806,0.11385646462440491,-0.7854114770889282,0.28852224349975586,0.11090424656867981,-0.32745054364204407
1749033602.4663672,0.22775748372077942,-1.6994692287840785,1.0687201658831995,1.4562339025684814,-0.9014490286456507,-0.7365263144122522,-0.0890098437666893,0.06676609814167023,-0.06579158455133438,-0.14925888180732727,0.15374340116977692,-0.6349656581878662,-0.39505529403686523,0.08243497461080551,-0.7846137881278992,0.28962427377700806,0.10328150540590286,-0.3329804837703705
1749033602.4664066,0.22755901515483856,-1.699313303033346,1.0686000029193323,1.4559108453937988,-0.9011386076556605,-0.7377813498126429,-0.08811132609844208,0.06753980368375778,-0.06920640915632248,-0.1516539454460144,0.1553722470998764,-0.632776141166687,-0.41030967235565186,0.12218642234802246,-0.7538390159606934,0.29456040263175964,0.10438638925552368,-0.321017861366272
1749033602.4664452,0.22742941975593567,-1.6991659603514613,1.0684755484210413,1.4556445318409423,-0.9008429686175745,-0.7390273253070276,-0.08846224099397659,0.068216472864151,-0.06780809909105301,-0.14666926860809326,0.15478141605854034,-0.6311249136924744,-0.39325952529907227,0.0555681549012661,-0.7556968927383423,0.29138317704200745,0.09663333743810654,-0.37121397256851196
1749033602.466484,0.22720685601234436,-1.6990343532957972,1.068336311970846,1.4553591448017578,-0.9005253950702112,-0.7403467337237757,-0.08923836797475815,0.06655135750770569,-0.06855352967977524,-0.14522869884967804,0.15383636951446533,-0.6352983713150024,-0.4222113788127899,0.13440945744514465,-0.741830050945282,0.2581983804702759,0.11888228356838226,-0.3410907983779907
1749033602.4665215,0.2270239144563675,-1.698855539361471,1.0681851545916956,1.4550792413898925,-0.9002144972430628,-0.7415888945208948,-0.08831212669610977,0.06854331493377686,-0.07158852368593216,-0.14995349943637848,0.15603530406951904,-0.6375569105148315,-0.3734102249145508,0.09884392470121384,-0.7087650895118713,0.30220848321914673,0.09759869426488876,-0.3206029236316681
1749033602.4665587,0.22689755260944366,-1.698723932305807,1.0680602232562464,1.454777641887329,-0.8998735586749476,-0.7428401152240198,-0.08740704506635666,0.07183439284563065,-0.06832978874444962,-0.14614485204219818,0.15615367889404297,-0.6369792819023132,-0.4108535051345825,0.004784628748893738,-0.7408145666122437,0.2498268336057663,0.07427676767110825,-0.33399683237075806
1749033602.466596,0.22667641937732697,-1.6985951862730921,1.067897144948141,1.45449606954541,-0.8995659987079065,-0.7441385428058069,-0.08976607024669647,0.06764733046293259,-0.06793711334466934,-0.1477024406194687,0.15456180274486542,-0.6366450190544128,-0.3753616213798523,0.07391895353794098,-0.7380914092063904,0.2846163213253021,0.07376331090927124,-0.3321691155433655
1749033602.4666326,0.22647427022457123,-1.6984669170775355,1.0677803198443812,1.4542040067860107,-0.8992512861834925,-0.7453649679767054,-0.08671971410512924,0.06921175122261047,-0.06833729892969131,-0.14807258546352386,0.1580173820257187,-0.633863627910614,-0.4028412401676178,0.05730108916759491,-0.7407154440879822,0.2818312644958496,0.07969287037849426,-0.34213966131210327
1749033602.4666693,0.2263343334197998,-1.6983543835081996,1.0676448980914515,1.453899546260498,-0.8989375273333948,-0.7466624418841761,-0.08775996416807175,0.06972815841436386,-0.0678035244345665,-0.14901307225227356,0.15497788786888123,-0.6346638798713684,-0.4219082295894623,0.05464358627796173,-0.7351186275482178,0.2816251814365387,0.07735814154148102,-0.37001746892929077
1749033602.466706,0.22623388469219208,-1.6982113323607386,1.067488972340719,1.4535786348530273,-0.8986800352679651,-0.747906510029928,-0.08850349485874176,0.06921153515577316,-0.06686122715473175,-0.14753547310829163,0.15129932761192322,-0.6383848190307617,-0.4077144265174866,0.035086482763290405,-0.7444385886192322,0.2502228319644928,0.09034206718206406,-0.2893746495246887
1749033602.4667425,0.22600072622299194,-1.6980754337706507,1.0673602263080042,1.4532777506062011,-0.8983772436725062,-0.7491887251483362,-0.08774341642856598,0.06794551759958267,-0.06732618063688278,-0.14811544120311737,0.15552106499671936,-0.6363895535469055,-0.44178932905197144,0.05629776418209076,-0.7443284392356873,0.2607843279838562,0.08796107769012451,-0.3278580605983734
1749033602.466779,0.22583983838558197,-1.6979433498778285,1.0672443548785608,1.453000469798706,-0.8980467955218714,-0.7504556814776819,-0.09013727307319641,0.06794343888759613,-0.06684742122888565,-0.1478615403175354,0.15156978368759155,-0.6342419981956482,-0.39559027552604675,0.08215416222810745,-0.750264048576355,0.2376798689365387,0.09249724447727203,-0.33926713466644287
1749033602.4668155,0.22565679252147675,-1.6978117428221644,1.0670965353595179,1.452707214946411,-0.8977287451373499,-0.751683537160055,-0.09015156328678131,0.0684632658958435,-0.06948702037334442,-0.14841720461845398,0.15263697504997253,-0.634242594242096,-0.37521255016326904,0.07954232394695282,-0.7058401703834534,0.26145872473716736,0.1006203442811966,-0.33719074726104736
1749033602.4668522,0.22547383606433868,-1.6976834736266078,1.0669835249530237,1.4524099069782714,-0.8974459807025355,-0.7529714743243616,-0.0903281420469284,0.06769171357154846,-0.06592891365289688,-0.14978794753551483,0.1541951447725296,-0.6316673159599304,-0.36888620257377625,0.050595201551914215,-0.7494319081306458,0.2624232769012451,0.07086659967899323,-0.35779473185539246
1749033602.4668884,0.22526799142360687,-1.6975203953185023,1.066848103200094,1.4520935255238037,-0.8971818129168909,-0.7542584578143519,-0.08910390734672546,0.06636691093444824,-0.0660405233502388,-0.1489085555076599,0.15300270915031433,-0.6334682703018188,-0.41637086868286133,0.07378625869750977,-0.7489112615585327,0.28405633568763733,0.09304360300302505,-0.35147568583488464
1749033602.4669244,0.22511103749275208,-1.6974073849120082,1.066723648701803,1.4517838197895507,-0.89685565630068,-0.7554548422442835,-0.08874265104532242,0.06713610142469406,-0.06938160210847855,-0.1456686556339264,0.15307018160820007,-0.6342689394950867,-0.4067416191101074,0.11360311508178711,-0.7091087698936462,0.24155984818935394,0.1316574662923813,-0.3363420069217682
1749033602.466961,0.22492411732673645,-1.6972443066039027,1.0665491263019007,1.4515110689350585,-0.8965228239642542,-0.7567790190326136,-0.09239031374454498,0.06855767965316772,-0.0665523111820221,-0.14964412152767181,0.15292727947235107,-0.6338184475898743,-0.3761640191078186,0.02737335115671158,-0.7249738574028015,0.2852906882762909,0.11305724829435349,-0.36319661140441895
1749033602.4669971,0.2247791588306427,-1.6971398792662562,1.0664246718036097,1.4511875349232177,-0.8962371985064905,-0.758005444203512,-0.08891728520393372,0.06572683900594711,-0.06701977550983429,-0.14516864717006683,0.15149562060832977,-0.6339578032493591,-0.38009217381477356,0.0866238921880722,-0.7360302805900574,0.2886907756328583,0.1181396096944809,-0.3223891854286194
1749033602.4676228,0.22461140155792236,-1.6969686947264613,1.0663235823260706,1.4509021478840332,-0.8959501425372522,-0.759289566670553,-0.0907536968588829,0.06525297462940216,-0.067790187895298,-0.14416100084781647,0.15342099964618683,-0.6325797438621521,-0.4079185426235199,0.12318755686283112,-0.7240521907806396,0.23226282000541687,0.12449879944324493,-0.35329800844192505
1749033602.4696102,0.2244284451007843,-1.6968103847899378,1.0661566893206995,1.4506124693104248,-0.8956430594073694,-0.7605770269977015,-0.08795646578073502,0.06818526983261108,-0.06851470470428467,-0.14628809690475464,0.15358078479766846,-0.6332383155822754,-0.37908679246902466,0.02825985848903656,-0.7133820652961731,0.2639372944831848,0.11186224967241287,-0.35910457372665405
1749033602.5103862,0.22421252727508545,-1.6967135868468226,1.0660126844989222,1.450324221248291,-0.8953130880938929,-0.7618840376483362,-0.09048137068748474,0.06360916048288345,-0.06722497195005417,-0.14691318571567535,0.15483783185482025,-0.6328916549682617,-0.38642364740371704,0.10060609877109528,-0.7091575264930725,0.26201701164245605,0.10057318210601807,-0.28960978984832764
1749033602.5104353,0.22403299808502197,-1.696585317651266,1.0658963362323206,1.4500078397938232,-0.8949821631060999,-0.7631643454181116,-0.08985038101673126,0.06565587222576141,-0.06674002856016159,-0.14823399484157562,0.15449006855487823,-0.6294322609901428,-0.3827693462371826,0.07212791591882706,-0.7244184017181396,0.2600764036178589,0.10089501738548279,-0.30790966749191284
1749033602.5104764,0.22386577725410461,-1.6964723072447718,1.0657523314105433,1.4496988493153076,-0.8947141806231897,-0.7643650213824671,-0.0885174423456192,0.0652606412768364,-0.06644567102193832,-0.14839981496334076,0.15435343980789185,-0.6271066069602966,-0.38354554772377014,0.09317846596240997,-0.7242575287818909,0.26331961154937744,0.10122276842594147,-0.31978023052215576
1749033602.5105157,0.22372029721736908,-1.6963287792601527,1.065608326588766,1.4494170385548095,-0.8943713347064417,-0.7656000296222132,-0.08791085332632065,0.06527286767959595,-0.06615815311670303,-0.1469973623752594,0.1547020971775055,-0.6277399659156799,-0.3904508948326111,0.059643350541591644,-0.7072669863700867,0.2659950256347656,0.09784222394227982,-0.3131116032600403
1749033602.5105543,0.2235148847103119,-1.6961857281126917,1.0654919783221644,1.449160023326538,-0.8940570990191858,-0.7668779532061976,-0.08845822513103485,0.0649711862206459,-0.06606210768222809,-0.1488739401102066,0.15601478517055511,-0.6247618198394775,-0.40851348638534546,0.10417833179235458,-0.7087070941925049,0.25231432914733887,0.10856328904628754,-0.3868989050388336
1749033602.5105925,0.2233196347951889,-1.696061750451559,1.0653603712665003,1.4488236147114257,-0.8937547842608851,-0.7681573073016565,-0.08914628624916077,0.06677277386188507,-0.06636550277471542,-0.14499296247959137,0.1568603664636612,-0.6253433227539062,-0.39792075753211975,0.08823563158512115,-0.7157306671142578,0.2507619857788086,0.08106757700443268,-0.3289675712585449
1749033602.51063,0.22316744923591614,-1.695902010003561,1.065240208302633,1.4485301214405517,-0.8934562841998499,-0.7693570295916956,-0.08853989094495773,0.06634839624166489,-0.06576523184776306,-0.14438359439373016,0.1561533808708191,-0.6249145865440369,-0.413094699382782,0.08815784007310867,-0.7145702838897705,0.24071386456489563,0.09154176712036133,-0.34019917249679565
1749033602.5106673,0.2229876071214676,-1.6958052120604457,1.0651004950152796,1.4482454496571044,-0.893160645161764,-0.7706053892718714,-0.0916854664683342,0.06632091850042343,-0.06549941003322601,-0.14953374862670898,0.15442374348640442,-0.6263948678970337,-0.356955885887146,0.07124269753694534,-0.7327535152435303,0.25778651237487793,0.09306694567203522,-0.36480292677879333
1749033602.5107048,0.22278182208538055,-1.6956144771971644,1.0649917761432093,1.4479493337818603,-0.8928383032428187,-0.7718923727618616,-0.08987314999103546,0.0666586309671402,-0.06607671082019806,-0.14597094058990479,0.15316390991210938,-0.6266441941261292,-0.3893742859363556,0.0717795267701149,-0.7153788208961487,0.2540583908557892,0.1066053956747055,-0.30046120285987854
1749033602.510742,0.22267138957977295,-1.6955534420409144,1.06482440630068,1.447648211116455,-0.8925889174090784,-0.7731331030475062,-0.09181468188762665,0.06621365249156952,-0.06609272956848145,-0.145798921585083,0.15091994404792786,-0.6281145811080933,-0.360577255487442,0.057958073914051056,-0.7302918434143066,0.26548081636428833,0.11043696850538254,-0.3277258574962616
1749033602.5107794,0.22253361344337463,-1.6954213581480921,1.0647204558001917,1.4473423200794677,-0.8922331968890589,-0.7743671576129358,-0.08796192705631256,0.06521594524383545,-0.06621112674474716,-0.1469780057668686,0.15253199636936188,-0.628688633441925,-0.3821101188659668,0.060755036771297455,-0.7136576175689697,0.27669718861579895,0.11994561553001404,-0.3230245113372803
1749033602.5108163,0.2222815454006195,-1.6952201328673304,1.06458026567568,1.4470502573200683,-0.8919175306903284,-0.7756584326373499,-0.08911778777837753,0.0647837221622467,-0.06599444150924683,-0.14627119898796082,0.14821577072143555,-0.6300595998764038,-0.3909459710121155,0.06686775386333466,-0.7336416840553284,0.27588969469070435,0.1279275119304657,-0.2832346260547638
1749033602.510853,0.22207394242286682,-1.6951233349242152,1.064425293599264,1.4467732149311523,-0.8916514555560511,-0.7769425551043909,-0.08998960256576538,0.06817984580993652,-0.06821077316999435,-0.14684602618217468,0.14733237028121948,-0.6268620491027832,-0.39711281657218933,0.07618729770183563,-0.7142621278762817,0.2564370334148407,0.16709628701210022,-0.3140708804130554
1749033602.5108895,0.22189097106456757,-1.6949793301024378,1.0643194357501429,1.446499987239502,-0.8913782278644007,-0.7781613508807581,-0.09026245772838593,0.06296994537115097,-0.06642919033765793,-0.14727254211902618,0.1532440334558487,-0.6229872107505798,-0.36066776514053345,0.08325520157814026,-0.7120062112808228,0.2654728889465332,0.12269739806652069,-0.3203187584877014
1749033602.510926,0.22171802818775177,-1.6948157749571742,1.0641406218158167,1.4461962419697265,-0.8910539785968226,-0.7794407049762171,-0.08947065472602844,0.06497419625520706,-0.0653488039970398,-0.14634966850280762,0.1510041058063507,-0.6221559643745422,-0.35194435715675354,0.08253350853919983,-0.723361611366272,0.2681841552257538,0.1424797624349594,-0.32448023557662964
1749033602.5109627,0.22155062854290009,-1.6946803532042445,1.0640314261065882,1.4459027486988525,-0.8907392660724085,-0.7806666533099573,-0.08907031267881393,0.06652139127254486,-0.0678166002035141,-0.14503176510334015,0.15253330767154694,-0.6215483546257019,-0.36986616253852844,0.07207807898521423,-0.709932804107666,0.24662835896015167,0.1319589614868164,-0.3604435324668884
1749033602.5109994,0.22137078642845154,-1.694552560845846,1.063892666493551,1.445617361659668,-0.8904550711261194,-0.7819369474994105,-0.08914975076913834,0.0648641288280487,-0.06636019796133041,-0.1403018832206726,0.1544128656387329,-0.6240747570991516,-0.3687254786491394,0.04656359925866127,-0.7057547569274902,0.22928594052791595,0.13680684566497803,-0.3191683292388916
1749033602.511036,0.22120703756809235,-1.694446702996725,1.0637605826007288,1.4453374582478027,-0.8901298681842249,-0.7831409613238733,-0.08852768689393997,0.06333298981189728,-0.06421463191509247,-0.14294704794883728,0.1545981764793396,-0.6234862208366394,-0.3854215145111084,0.0891813188791275,-0.7311875224113464,0.21530349552631378,0.145048588514328,-0.32081684470176697
1749033602.5110724,0.2210426777601242,-1.6942764721312464,1.0636442343341272,1.4450556474873046,-0.8898385206805628,-0.7844207922564905,-0.08638003468513489,0.06432069838047028,-0.06483844667673111,-0.14439888298511505,0.15870390832424164,-0.6225592494010925,-0.3957245349884033,0.07198506593704224,-0.735889196395874,0.2370389699935913,0.14017027616500854,-0.3574528694152832
1749033602.511109,0.22086092829704285,-1.6941362820067347,1.063547436391012,1.4447666841694335,-0.8894518057452601,-0.7856486479388636,-0.09009821712970734,0.06522636860609055,-0.0649019181728363,-0.14455123245716095,0.15509635210037231,-0.6228303909301758,-0.36884957551956177,0.07065294682979584,-0.7466314435005188,0.23319855332374573,0.13553549349308014,-0.32665038108825684
1749033602.511657,0.22065269947052002,-1.6940514049925746,1.0634077231036585,1.444455547923706,-0.8892405668841761,-0.7868755499469202,-0.08789797872304916,0.06494186818599701,-0.06435554474592209,-0.15011528134346008,0.15449659526348114,-0.6189774870872498,-0.37664803862571716,0.07918393611907959,-0.7418094873428345,0.26437169313430786,0.14210185408592224,-0.36787742376327515
1749033602.5136282,0.2205362170934677,-1.6939507923521937,1.063256565724508,1.4441420274921875,-0.888864819203512,-0.7881668249713343,-0.09090498834848404,0.0658377930521965,-0.06434701383113861,-0.14857473969459534,0.15864525735378265,-0.6230735182762146,-0.38514599204063416,0.06853377819061279,-0.7417749762535095,0.2636277675628662,0.11673249304294586,-0.3808291554450989
1749033602.558295,0.22029000520706177,-1.6937724552550257,1.0630934874164026,1.4438721376606445,-0.888594929371969,-0.7893899122821253,-0.08750985562801361,0.06561251729726791,-0.06446434557437897,-0.14773575961589813,0.15323276817798615,-0.6274008750915527,-0.3851602375507355,0.04632766172289848,-0.7633141279220581,0.26516473293304443,0.1356601119041443,-0.31790339946746826
1749033602.5583475,0.2201564759016037,-1.6936365566649378,1.0629852453814905,1.4435757833668212,-0.888289753590719,-0.7906435171710413,-0.08925127983093262,0.06583220511674881,-0.06679005920886993,-0.14668229222297668,0.15373709797859192,-0.6262180805206299,-0.3730652928352356,0.0614682100713253,-0.7319210171699524,0.26083797216415405,0.14372172951698303,-0.33618855476379395
1749033602.55839,0.2199615091085434,-1.6935397587218226,1.0628603140460413,1.443291350001953,-0.8879378477679651,-0.791903320943014,-0.08866694569587708,0.06556031852960587,-0.0645172968506813,-0.14730079472064972,0.15477782487869263,-0.6237932443618774,-0.3538215160369873,0.06115966662764549,-0.7515760660171509,0.2454891800880432,0.13522624969482422,-0.34791889786720276
1749033602.5584288,0.21979358792304993,-1.6933847866454066,1.0627320448504847,1.4429778295704345,-0.887634579335348,-0.7931278387652796,-0.08852308243513107,0.06564581394195557,-0.06483719497919083,-0.14776039123535156,0.15467886626720428,-0.6221141219139099,-0.36946478486061096,0.0672774687409401,-0.7606122493743896,0.26367950439453125,0.13180220127105713,-0.32909339666366577
1749033602.5584667,0.21963338553905487,-1.6932302914061488,1.0626004377948206,1.4427046018787841,-0.8873532454120081,-0.7944315115558069,-0.08816377073526382,0.0643516555428505,-0.06806918233633041,-0.14668482542037964,0.154499351978302,-0.6198633313179016,-0.3727460503578186,0.08831091970205307,-0.7239042520523071,0.2448229193687439,0.132977694272995,-0.39128971099853516
1749033602.558504,0.21938829123973846,-1.6931563816466273,1.0624526182757776,1.4424158769794921,-0.8870189825641077,-0.7956979910479944,-0.0878787562251091,0.0664920061826706,-0.06476008892059326,-0.1515483260154724,0.15529979765415192,-0.6269480586051941,-0.36605846881866455,0.07377215474843979,-0.7452782392501831,0.272216260433197,0.11777212470769882,-0.36049342155456543
1749033602.558543,0.21927891671657562,-1.6929809055724085,1.0623396078692835,1.442115231151245,-0.8867223898517054,-0.7969720999347132,-0.08823472261428833,0.06687793880701065,-0.06475349515676498,-0.14656364917755127,0.15460100769996643,-0.6263900399208069,-0.33620136976242065,0.028507359325885773,-0.7740001678466797,0.24799716472625732,0.11482010781764984,-0.2854005694389343
1749033602.5585794,0.21910296380519867,-1.6928731403746546,1.0622041861163538,1.4418417650410156,-0.8864348570453089,-0.7981303373919886,-0.08536012470722198,0.06450295448303223,-0.06534852832555771,-0.1453518569469452,0.15507175028324127,-0.6234282851219177,-0.40292686223983765,0.07999157905578613,-0.7573466300964355,0.23758399486541748,0.1376122236251831,-0.3469715714454651
1749033602.558617,0.21890899538993835,-1.6927415333189906,1.0620563665973108,1.4415370660969238,-0.8861067930804651,-0.7994144598590296,-0.08971540629863739,0.06510621309280396,-0.06498725712299347,-0.14973168075084686,0.15521682798862457,-0.6225250959396362,-0.39361485838890076,0.09512930363416672,-0.7627436518669128,0.2609039545059204,0.13905319571495056,-0.34658774733543396
1749033602.558654,0.2187867909669876,-1.6925980053343714,1.0619242827044886,1.4412757593342285,-0.8858030478106897,-0.8006389776812952,-0.08600299805402756,0.06749393790960312,-0.0647345706820488,-0.14769478142261505,0.15367230772972107,-0.6234697699546814,-0.39709609746932983,0.07665756344795227,-0.765523374080658,0.24027445912361145,0.1461760550737381,-0.37722349166870117
1749033602.5586908,0.2185603231191635,-1.6924659214415492,1.0617964903460901,1.440955324763916,-0.885528866444723,-0.8019006888019007,-0.08597483485937119,0.06397772580385208,-0.0652051493525505,-0.14888107776641846,0.15570929646492004,-0.626456081867218,-0.4282725751399994,0.10087064653635025,-0.763910174369812,0.2625409960746765,0.13064809143543243,-0.38996535539627075
1749033602.5587275,0.21842747926712036,-1.69232239345693,1.0616534391986292,1.44070212423291,-0.885205094014303,-0.803194824849264,-0.08885730803012848,0.06522492319345474,-0.0658554956316948,-0.1499781608581543,0.15227141976356506,-0.631688117980957,-0.3690413236618042,0.08197760581970215,-0.7739408016204834,0.25508183240890503,0.13138481974601746,-0.31236666440963745
1749033602.558764,0.21842747926712036,-1.69232239345693,1.0616534391986292,1.44070212423291,-0.885205094014303,-0.803194824849264,-0.08885730803012848,0.06522492319345474,-0.0658554956316948,-0.1499781608581543,0.15227141976356506,-0.631688117980957,-0.3690413236618042,0.08197760581970215,-0.7739408016204834,0.25508183240890503,0.13138481974601746,-0.31236666440963745
1749033602.5588007,0.21823351085186005,-1.6921984157957972,1.061547581349508,1.4404055315205078,-0.8848674933062952,-0.8044112364398401,-0.08650360256433487,0.0643988698720932,-0.06634169816970825,-0.14996151626110077,0.14924530684947968,-0.6293462514877319,-0.4299048185348511,0.0774887204170227,-0.7684071063995361,0.2753807604312897,0.1677016168832779,-0.3268083333969116
1749033602.5588367,0.21804212033748627,-1.6921173534789027,1.0613892714129847,1.44010774671521,-0.8846138159381312,-0.8056772390948694,-0.0888085588812828,0.06425616890192032,-0.06663168221712112,-0.14999054372310638,0.1529007852077484,-0.629612922668457,-0.42131316661834717,0.11255393922328949,-0.754335880279541,0.23782186210155487,0.1616247594356537,-0.3505677282810211
1749033602.5588732,0.21766701340675354,-1.691826959649557,1.0611441771136683,1.4395147997089843,-0.8840292135821741,-0.8081987539874476,-0.08765853196382523,0.06423889100551605,-0.06779176741838455,-0.15119320154190063,0.15470953285694122,-0.6269436478614807,-0.38989144563674927,0.07768289744853973,-0.7454538941383362,0.2769322395324707,0.15114109218120575,-0.3648400902748108
1749033602.5589137,0.21751032769680023,-1.691690584222311,1.0610006491290491,1.4392213064381103,-0.8837083021747034,-0.8094528357135218,-0.08916360884904861,0.06452975422143936,-0.06785658746957779,-0.15236583352088928,0.1571567803621292,-0.6303606629371643,-0.38275349140167236,0.09095924347639084,-0.7297679781913757,0.2820489704608917,0.1377497762441635,-0.3394823372364044
1749033602.5589519,0.21732346713542938,-1.6915856800475062,1.060852352772848,1.4389123159595947,-0.8834083716021937,-0.8106887976275843,-0.08894117921590805,0.06459181755781174,-0.06776636093854904,-0.15188589692115784,0.15831631422042847,-0.6306222677230835,-0.3647284507751465,0.10930930823087692,-0.7327908873558044,0.30378323793411255,0.13686206936836243,-0.2675372064113617
1749033602.5589888,0.21717838943004608,-1.6914540729918421,1.0607283751117151,1.438584251994751,-0.883066479359762,-0.811899487172262,-0.08883821964263916,0.0661325752735138,-0.06748107820749283,-0.14902737736701965,0.15787841379642487,-0.6279250979423523,-0.37823614478111267,0.09051033109426498,-0.7452011704444885,0.25576648116111755,0.16662350296974182,-0.3534610867500305
1749033602.5590246,0.21695193648338318,-1.6913029156126917,1.060608212147848,1.438288851375244,-0.8827274481402796,-0.8131726423846644,-0.08891632407903671,0.06635848432779312,-0.06749727576971054,-0.15354491770267487,0.16051869094371796,-0.6276548504829407,-0.3758900761604309,0.08634185791015625,-0.7405812740325928,0.27654391527175903,0.11470484733581543,-0.33889123797416687
1749033602.559061,0.21681205928325653,-1.6911636791624964,1.06044847169985,1.4380132394978027,-0.8824656645404261,-0.8144224325763147,-0.08765333890914917,0.0664098858833313,-0.06709294021129608,-0.1505608707666397,0.15571247041225433,-0.6257702708244324,-0.4067392647266388,0.08450204879045486,-0.7403680086135864,0.2720467448234558,0.14576880633831024,-0.3818652629852295
1749033602.5590978,0.21660839021205902,-1.6910273037352503,1.0603392759906214,1.4377009111591796,-0.8821795622455042,-0.8157027403460901,-0.09071096032857895,0.06617868691682816,-0.06576799601316452,-0.1509823352098465,0.15575075149536133,-0.6290992498397827,-0.34187862277030945,0.059580590575933456,-0.7551993727684021,0.2842620611190796,0.15325334668159485,-0.35761702060699463
1749033602.559653,0.21641342341899872,-1.6909390888609828,1.060180966054098,1.43734519063916,-0.8817947546588343,-0.8169429937945765,-0.08729061484336853,0.06977187097072601,-0.06864771246910095,-0.15369316935539246,0.15635228157043457,-0.6326179504394531,-0.3862393796443939,0.06420014798641205,-0.730682909488678,0.30585435032844543,0.14137442409992218,-0.34146514534950256
1749033602.5616615,0.2163076251745224,-1.6907478771605433,1.060052220021383,1.437051697368286,-0.8814638296710413,-0.8182128111468714,-0.09114091843366623,0.06553851813077927,-0.06669995188713074,-0.1504451483488083,0.15564560890197754,-0.6333959102630615,-0.3533084988594055,0.07647229731082916,-0.7355984449386597,0.31873688101768494,0.13387411832809448,-0.31920039653778076
1749033602.602303,0.21608148515224457,-1.6905933819212855,1.0599325338946741,1.4367634493061523,-0.8811896483050745,-0.8194602171527308,-0.08593206107616425,0.06490549445152283,-0.06608706712722778,-0.14982818067073822,0.1561153382062912,-0.6304807066917419,-0.41545453667640686,0.0913630947470665,-0.7582644820213318,0.32639411091804504,0.12357591837644577,-0.3332621455192566
1749033602.6023498,0.21594475209712982,-1.6905156574644984,1.0597885290728968,1.436469240779541,-0.8808539549456995,-0.8207114378558558,-0.08782179653644562,0.06736951321363449,-0.06873342394828796,-0.14921364188194275,0.15489192306995392,-0.6298403739929199,-0.3838120698928833,0.04118768870830536,-0.726869523525238,0.3165111541748047,0.11493533849716187,-0.322016179561615
1749033602.6023908,0.21574988961219788,-1.690380712548727,1.0596721808062952,1.4361609655567626,-0.8805106321917933,-0.8219578901873987,-0.088680699467659,0.06473738700151443,-0.06802956759929657,-0.1491858959197998,0.15527455508708954,-0.6304565072059631,-0.3868228793144226,0.10071497410535812,-0.7191464304924011,0.3218221068382263,0.12050093710422516,-0.40159058570861816
1749033602.6024377,0.21557390689849854,-1.6902486286559046,1.0595434347735804,1.4358674722858886,-0.8802760283099573,-0.8232258001910608,-0.08895190060138702,0.0661795511841774,-0.06805146485567093,-0.14720353484153748,0.1563773900270462,-0.6314770579338074,-0.3645147681236267,0.09469769895076752,-0.7495064735412598,0.32254278659820557,0.11701468378305435,-0.3460131883621216
1749033602.6024776,0.2154025137424469,-1.6900726757445277,1.05939227739443,1.4355665880390625,-0.8798983732806605,-0.8245323340045374,-0.08887366205453873,0.06538659334182739,-0.06794464588165283,-0.14898189902305603,0.15600468218326569,-0.6307193636894226,-0.3634975552558899,0.04326970875263214,-0.7217952013015747,0.3408980071544647,0.09786178171634674,-0.30693748593330383
1749033602.6025212,0.2151917666196823,-1.6899849377074183,1.0592759291278284,1.4352776247211914,-0.8795793692218226,-0.825843636189596,-0.08888116478919983,0.06668810546398163,-0.06789073348045349,-0.14377310872077942,0.1545381397008896,-0.6295068860054016,-0.3811221122741699,0.0917498916387558,-0.7211995720863342,0.2984512150287628,0.106186643242836,-0.3439633846282959
1749033602.602561,0.21503959596157074,-1.6898333034911097,1.0591438452350062,1.4349886614033203,-0.879310433064596,-0.827029053364889,-0.08792823553085327,0.06648469716310501,-0.06677147001028061,-0.14170581102371216,0.15305253863334656,-0.6287075877189636,-0.37304842472076416,0.07428112626075745,-0.7218501567840576,0.26983731985092163,0.12434525787830353,-0.3057713806629181
1749033602.6025994,0.21486707031726837,-1.689685960809225,1.0589965025531214,1.4346894460865478,-0.8790071646319788,-0.8282712141620081,-0.08909160643815994,0.06581943482160568,-0.06780792772769928,-0.14391663670539856,0.1514590084552765,-0.6273061037063599,-0.4216079115867615,0.07414543628692627,-0.7210498452186584,0.3133087158203125,0.13432036340236664,-0.3267766237258911
1749033602.60264,0.21467319130897522,-1.6896044216551722,1.058852497731344,1.4344426828571777,-0.8787334601031702,-0.8295677343951624,-0.08762380480766296,0.06641153991222382,-0.06741127371788025,-0.14187410473823547,0.15526707470417023,-0.6271817088127136,-0.3636065125465393,0.07022714614868164,-0.7072876691818237,0.2924913763999939,0.12008415907621384,-0.36539578437805176
1749033602.6026773,0.2145126760005951,-1.6894260845580042,1.058732811604635,1.4341503816791992,-0.8784049193011683,-0.8308447043048304,-0.08695115894079208,0.0655655637383461,-0.06578045338392258,-0.14305801689624786,0.15321289002895355,-0.6263952851295471,-0.41935449838638306,0.09955105930566788,-0.7532013058662415,0.29024457931518555,0.11538520455360413,-0.3347206711769104
1749033602.6027153,0.21432490646839142,-1.6893216572203578,1.0585816542254847,1.4338578420826416,-0.8781173864947718,-0.832062069569723,-0.09122435003519058,0.066860131919384,-0.06725113838911057,-0.1445237547159195,0.15151149034500122,-0.6283566951751709,-0.3794710040092468,0.1083589643239975,-0.7532289624214172,0.2917924225330353,0.144911527633667,-0.3488181233406067
1749033602.6027517,0.21416209638118744,-1.6891852817931117,1.0584691206561487,1.4335681635090332,-0.8778021971331995,-0.8332942167865198,-0.08908593654632568,0.06733064353466034,-0.06977716088294983,-0.14612451195716858,0.15637095272541046,-0.629228949546814,-0.3778426945209503,0.06375527381896973,-0.7066759467124939,0.2890795171260834,0.0964556485414505,-0.3418908715248108
1749033602.602789,0.2140016108751297,-1.689037939111227,1.058340851460592,1.4332796770283203,-0.8775175253497522,-0.8346183935748499,-0.08866497129201889,0.06709498912096024,-0.06671854853630066,-0.14629220962524414,0.15283024311065674,-0.6309833526611328,-0.40646952390670776,0.09930536895990372,-0.7459500432014465,0.3159853219985962,0.14046986401081085,-0.3189707398414612
1749033602.6028252,0.2137976884841919,-1.6889335117735804,1.058173958455221,1.4329907137104492,-0.8772242704974573,-0.8358333746539515,-0.0897497683763504,0.06785254925489426,-0.06811252236366272,-0.14483021199703217,0.15297779440879822,-0.6303519606590271,-0.3781726062297821,0.05629102140665054,-0.7172930836677551,0.27992233633995056,0.15421395003795624,-0.3739467263221741
1749033602.6028616,0.2136198729276657,-1.6888100109496058,1.058080021535055,1.4326671796986084,-0.8768933455096644,-0.8371031920062464,-0.08904729038476944,0.06586728245019913,-0.06836533546447754,-0.14491617679595947,0.1549420952796936,-0.6338164210319519,-0.40085744857788086,0.11571058630943298,-0.7171508073806763,0.27045825123786926,0.14115652441978455,-0.34283095598220825
1749033602.6028976,0.2134850025177002,-1.6886421642699183,1.0579255262957972,1.4324135023304443,-0.8765886465655726,-0.8383982817279261,-0.08870995044708252,0.06725280731916428,-0.06885172426700592,-0.14690986275672913,0.1558016538619995,-0.6354697942733765,-0.3807506859302521,0.07526161521673203,-0.715949296951294,0.28529679775238037,0.12082739919424057,-0.28643423318862915
1749033602.6029344,0.2132483571767807,-1.6884871921935023,1.0578201452838343,1.4321047502705078,-0.876253906880514,-0.8396666685687464,-0.08855145424604416,0.06868800520896912,-0.06899897009134293,-0.14601461589336395,0.15621507167816162,-0.6303478479385376,-0.4035206139087677,-0.0038988683372735977,-0.7044554352760315,0.2881353497505188,0.11930061876773834,-0.31875938177108765
1749033602.6029706,0.21308773756027222,-1.688378473321432,1.0576570669757288,1.4318076807209472,-0.875948731099264,-0.8409102598773401,-0.08891358971595764,0.0650717094540596,-0.06925438344478607,-0.14645689725875854,0.15816254913806915,-0.6286249160766602,-0.3963255286216736,0.08643890917301178,-0.7038659453392029,0.26931285858154297,0.11645399034023285,-0.32800164818763733
1749033602.6030066,0.21291306614875793,-1.688242574731344,1.057486359273092,1.4315103727528076,-0.8755787054644983,-0.8421838919269007,-0.08961362391710281,0.06763271242380142,-0.06866668164730072,-0.14650192856788635,0.15573233366012573,-0.6249921321868896,-0.38781100511550903,0.06700585037469864,-0.6934768557548523,0.2981087565422058,0.11082145571708679,-0.3420504331588745
1749033602.603043,0.21275220811367035,-1.6881147823729457,1.0573766867267054,1.431178255672119,-0.8752849737750452,-0.8434403578387659,-0.08954909443855286,0.06764891743659973,-0.06799115985631943,-0.14982296526432037,0.15350060164928436,-0.6274216175079346,-0.3437623977661133,0.06453882902860641,-0.7041100859642029,0.3069435656070709,0.10846557468175888,-0.3698995113372803
1749033602.6037238,0.21254532039165497,-1.6879950962462367,1.0572298208819788,1.430877609843872,-0.8749850432025355,-0.8447344938861292,-0.0902571752667427,0.06607966870069504,-0.06743989884853363,-0.14660076797008514,0.15639416873455048,-0.6302863359451294,-0.36459338665008545,0.07435193657875061,-0.6914312243461609,0.3134653568267822,0.0941341444849968,-0.30169522762298584
1749033602.605669,0.21239341795444489,-1.6878825626769007,1.0571249167071741,1.4305764871784667,-0.8746455351458948,-0.845898453389303,-0.08742611855268478,0.06628847867250443,-0.06627699732780457,-0.1453211009502411,0.1526593565940857,-0.6282530426979065,-0.3701152801513672,0.08852800726890564,-0.7290951013565063,0.2919907569885254,0.10961423814296722,-0.3299720585346222
1749033602.6503043,0.2121943235397339,-1.6877347431578578,1.056999985371725,1.4303099352070312,-0.8742921988116663,-0.847140137349264,-0.08755387365818024,0.06685063987970352,-0.06616822630167007,-0.14940260350704193,0.1527579128742218,-0.6239379048347473,-0.409787654876709,0.0725189596414566,-0.7230856418609619,0.32662609219551086,0.10659147053956985,-0.34618669748306274
1749033602.650351,0.21203042566776276,-1.6875959835448207,1.056826416646139,1.4300288397022705,-0.874002758656637,-0.8484261671649378,-0.09081254154443741,0.06705133616924286,-0.06613317877054214,-0.14437410235404968,0.15202662348747253,-0.6237447261810303,-0.3747621774673462,0.06705260276794434,-0.72386234998703,0.3137885332107544,0.11709149181842804,-0.35380852222442627
1749033602.650395,0.21187351644039154,-1.6874438724913539,1.0567291418658655,1.4297363001057128,-0.8737219015704554,-0.8496535460101526,-0.08946824073791504,0.06692037731409073,-0.06627664715051651,-0.14356210827827454,0.15209828317165375,-0.6220018863677979,-0.3817036747932434,0.07204475998878479,-0.7228900194168091,0.31202757358551025,0.09138946235179901,-0.41094714403152466
1749033602.6504345,0.21170930564403534,-1.687324663201803,1.0566089789019983,1.4294354158588867,-0.8733928839312952,-0.8509352842914026,-0.08937684446573257,0.06670456379652023,-0.06601463258266449,-0.14213091135025024,0.15185989439487457,-0.6293453574180603,-0.38202860951423645,0.10249978303909302,-0.7246951460838318,0.2909777760505676,0.09059984982013702,-0.35029205679893494
1749033602.650473,0.21147237718105316,-1.687176366845602,1.056476895009176,1.429123802776001,-0.8730734030352991,-0.8522041479693812,-0.08875925838947296,0.06690562516450882,-0.06571312993764877,-0.14157862961292267,0.15333077311515808,-0.6306265592575073,-0.3719785809516907,0.0771830677986145,-0.7381012439727783,0.2789411246776581,0.0651649683713913,-0.30119630694389343
1749033602.6505163,0.21134652197360992,-1.6870719395079554,1.056357208882467,1.4288503366657714,-0.8728120962726038,-0.8534525076495569,-0.08791507035493851,0.06685109436511993,-0.06513522565364838,-0.14561676979064941,0.15232519805431366,-0.6278140544891357,-0.41056644916534424,0.08549508452415466,-0.7472479939460754,0.3043407201766968,0.07190953195095062,-0.33357271552085876
1749033602.6505563,0.21113906800746918,-1.6869121990599574,1.0562132040606897,1.428570194835327,-0.8725345770465296,-0.8547280470477503,-0.08768527209758759,0.06618014723062515,-0.06480640918016434,-0.14227844774723053,0.15083473920822144,-0.6267200112342834,-0.40518876910209656,0.08974870294332504,-0.7557735443115234,0.27169403433799744,0.08681327104568481,-0.3349674940109253
1749033602.6505935,0.2109837681055069,-1.6867653332152308,1.0560897032367151,1.428281231517456,-0.8722117582904261,-0.8560026327716272,-0.08733943104743958,0.06828682869672775,-0.0679556280374527,-0.14118611812591553,0.14946234226226807,-0.624621570110321,-0.4359661340713501,0.09087129682302475,-0.7318924069404602,0.24739623069763184,0.08338253200054169,-0.3511773347854614
1749033602.6506333,0.21081970632076263,-1.686676641503805,1.055929962788717,1.428023024196289,-0.8718808333026331,-0.857276741658346,-0.08911123126745224,0.06746019423007965,-0.0657719075679779,-0.14655113220214844,0.1524800807237625,-0.6275662779808044,-0.4027656614780426,0.05846887081861496,-0.738262414932251,0.26276105642318726,0.08337568491697311,-0.38862502574920654
1749033602.6506727,0.21081970632076263,-1.686676641503805,1.055929962788717,1.428023024196289,-0.8718808333026331,-0.857276741658346,-0.08911123126745224,0.06746019423007965,-0.0657719075679779,-0.14655113220214844,0.1524800807237625,-0.6275662779808044,-0.4027656614780426,0.05846887081861496,-0.738262414932251,0.26276105642318726,0.08337568491697311,-0.38862502574920654
1749033602.6507094,0.21046753227710724,-1.6863848171629847,1.0557130018817347,1.427424355144165,-0.8712146917926233,-0.859751049672262,-0.08782373368740082,0.06719480454921722,-0.06718412041664124,-0.14473114907741547,0.14797961711883545,-0.6288755536079407,-0.4149104058742523,0.10196591913700104,-0.7462347149848938,0.24494940042495728,0.08748454600572586,-0.3277665972709656
1749033602.6507468,0.21029284596443176,-1.6862293682494105,1.0555647055255335,1.4271513658710937,-0.8709600607501429,-0.8609884420977991,-0.09138825535774231,0.06818071752786636,-0.06761857122182846,-0.1467861831188202,0.15135641396045685,-0.6262031197547913,-0.35875383019447327,0.058490343391895294,-0.7212064266204834,0.24239102005958557,0.0873827263712883,-0.370215505361557
1749033602.6507835,0.2100856751203537,-1.6861092052855433,1.055417839680807,1.4268497663685302,-0.8706834951983851,-0.8622883001910608,-0.08990061283111572,0.06620702892541885,-0.06560049951076508,-0.1498112678527832,0.14873602986335754,-0.6245353817939758,-0.3785332143306732,0.08682684600353241,-0.761369526386261,0.28007081151008606,0.09492158889770508,-0.35976046323776245
1749033602.650821,0.20994894206523895,-1.6859432659544886,1.0553048292743128,1.4265643793293457,-0.8703721205340784,-0.8634994665728968,-0.09056270867586136,0.0679832249879837,-0.06696852296590805,-0.1497284471988678,0.14825519919395447,-0.6275814175605774,-0.4067535400390625,0.11638497561216354,-0.7705546617507935,0.272886723279953,0.14036376774311066,-0.474935382604599
1749033602.6508577,0.20972637832164764,-1.6858774624266566,1.0551450888263147,1.4262446600147705,-0.8700717131244105,-0.8648160139666956,-0.0921393483877182,0.06925685703754425,-0.06792499870061874,-0.15094353258609772,0.15032599866390228,-0.6373105049133301,-0.35218238830566406,0.04482016712427139,-0.7657359838485718,0.26663315296173096,0.10170440375804901,-0.33181232213974
1749033602.650895,0.209569051861763,-1.685725828210348,1.0550130049334925,1.4259633260914306,-0.86975604692568,-0.8660867849933069,-0.08985677361488342,0.06751850992441177,-0.06739944964647293,-0.1506965160369873,0.1499086320400238,-0.6392664909362793,-0.3755494952201843,0.06636804342269897,-0.763515055179596,0.296235591173172,0.10782098770141602,-0.28192204236984253
1749033602.6509314,0.20938247442245483,-1.6855985126891078,1.0549119154559534,1.4256841379353027,-0.8694370428668421,-0.8673175016986292,-0.08927670121192932,0.06696005165576935,-0.06993517279624939,-0.14899829030036926,0.14892037212848663,-0.6352049112319946,-0.37981653213500977,0.08136655390262604,-0.7509198188781738,0.26163479685783386,0.1188095286488533,-0.32217463850975037
1749033602.6509678,0.20919600129127502,-1.685469766656393,1.0547450224505823,1.4253455835529785,-0.8690746466266077,-0.8686407248126429,-0.0892673060297966,0.06695930659770966,-0.06841529905796051,-0.14883820712566376,0.14901103079319,-0.6339799761772156,-0.4089393615722656,0.07360556721687317,-0.7378603219985962,0.28337210416793823,0.13604819774627686,-0.2897613048553467
1749033602.651004,0.20904727280139923,-1.6853028736510218,1.054636303578512,1.4250284868427734,-0.8688200155841272,-0.8698867003070276,-0.08975649625062943,0.0667923167347908,-0.06740862876176834,-0.14784249663352966,0.14883889257907867,-0.6296769976615906,-0.35665789246559143,0.11149078607559204,-0.7545176148414612,0.27460989356040955,0.1431448757648468,-0.3761865794658661
1749033602.6510406,0.20879045128822327,-1.6851865253844203,1.0545161406146448,1.4247464376636962,-0.868504826222555,-0.8711488882647913,-0.08934550732374191,0.0683199092745781,-0.06994737684726715,-0.1462773233652115,0.1513914167881012,-0.6304323077201843,-0.36717963218688965,0.05947764962911606,-0.7446686029434204,0.2455613613128662,0.10375203937292099,-0.37442547082901
1749033602.6510808,0.20861904323101044,-1.6849757633604945,1.0543683210956019,1.4244462686726074,-0.8682082335101526,-0.8724477926837366,-0.08879618346691132,0.06724851578474045,-0.06931640952825546,-0.14791454374790192,0.14930249750614166,-0.6346390843391418,-0.37291204929351807,0.08684651553630829,-0.7364559173583984,0.2737521231174469,0.14242695271968842,-0.29266688227653503
1749033602.651118,0.2085154801607132,-1.6848956547179164,1.0542281309710901,1.4241880613514404,-0.8679392973529261,-0.873636547719137,-0.08739306032657623,0.07079561799764633,-0.06723591685295105,-0.14782044291496277,0.1512058973312378,-0.6337337493896484,-0.40537571907043457,0.050307322293519974,-0.7622524499893188,0.28979310393333435,0.12810178101062775,-0.2984698712825775
1749033602.6516356,0.20833222568035126,-1.6847511730589808,1.0540960470782679,1.4238793092915039,-0.8676078955279749,-0.8749173323260706,-0.0908208042383194,0.06707490980625153,-0.0674130991101265,-0.14532160758972168,0.15365782380104065,-0.6309802532196045,-0.35397404432296753,0.06348121911287308,-0.7576753497123718,0.25232869386672974,0.10456722974777222,-0.3299873173236847
1749033602.6536505,0.20809420943260193,-1.6846147976317347,1.0539639631854456,1.4235703188129882,-0.8672998587237757,-0.8761752287494105,-0.08753017336130142,0.06637237221002579,-0.0667412132024765,-0.1470322608947754,0.15362924337387085,-0.6303566098213196,-0.39292576909065247,0.06570396572351456,-0.7556349039077759,0.2559698522090912,0.10991326719522476,-0.3138314485549927
1749033602.6942894,0.20794591307640076,-1.6844951115050257,1.053828541432516,1.4233004289814453,-0.8669632116900843,-0.8774307409869593,-0.09171419590711594,0.06884491443634033,-0.06649212539196014,-0.14733654260635376,0.15349575877189636,-0.6282046437263489,-0.38396182656288147,0.049484170973300934,-0.7662712931632996,0.2816845774650574,0.11661514639854431,-0.38363924622535706
1749033602.6943357,0.20774701237678528,-1.6842881641783656,1.0537012259112757,1.42302052556958,-0.8666632811175745,-0.878674332295553,-0.08729881048202515,0.0663224309682846,-0.06721611320972443,-0.1455175131559372,0.1538887470960617,-0.6324766278266907,-0.37372204661369324,0.04374820739030838,-0.7864088416099548,0.23838011920452118,0.0860980674624443,-0.32396847009658813
1749033602.6943767,0.2076188027858734,-1.684188028375143,1.0535643736468714,1.422743244762085,-0.8663566748248499,-0.8799493948565882,-0.08805909752845764,0.06574352085590363,-0.06720755249261856,-0.14456500113010406,0.15269973874092102,-0.6319072246551514,-0.39446204900741577,0.07315243780612946,-0.7790995240211487,0.2265416383743286,0.1124984472990036,-0.3174964487552643
1749033602.6944172,0.2073686420917511,-1.6840716801085414,1.0534442106830042,1.4224144655415039,-0.8660405317889612,-0.881207291279928,-0.08985407650470734,0.06591027975082397,-0.0686110407114029,-0.145964115858078,0.15156517922878265,-0.6302447319030762,-0.38646358251571655,0.08727563917636871,-0.759340226650238,0.2218412607908249,0.12998083233833313,-0.3532078266143799
1749033602.694456,0.2071702927350998,-1.6839319668211878,1.0533126036273401,1.4221579271503906,-0.8657048384295862,-0.8824704329120081,-0.08917143195867538,0.06653232127428055,-0.06785926222801208,-0.1459313929080963,0.15282772481441498,-0.6308755874633789,-0.37045806646347046,0.06840731203556061,-0.7532371878623962,0.2148561328649521,0.11198984086513519,-0.3262595534324646
1749033602.6944945,0.20701277256011963,-1.6838041744627894,1.0531843344317835,1.421884461040161,-0.8654478232013147,-0.8837583700763147,-0.08892066776752472,0.06648997962474823,-0.06762699037790298,-0.15015758574008942,0.15243303775787354,-0.6306914687156677,-0.3411014974117279,0.04378572106361389,-0.7588769793510437,0.23135776817798615,0.10332459211349487,-0.333102285861969
1749033602.6945317,0.20684732496738434,-1.683676382104391,1.0530450979815882,1.4215516287037353,-0.865147892628805,-0.8849929014789026,-0.08785978704690933,0.06576815992593765,-0.06904155761003494,-0.14858794212341309,0.15167315304279327,-0.6310104131698608,-0.36169615387916565,0.0893297791481018,-0.7716807723045349,0.23407946527004242,0.125893235206604,-0.3406778573989868
1749033602.6945698,0.20665031671524048,-1.6835481129088343,1.0528972784625452,1.4212228494831542,-0.8648083845721644,-0.8863108793841761,-0.08882242441177368,0.06589487940073013,-0.06923312693834305,-0.14805985987186432,0.15438954532146454,-0.6315498352050781,-0.3657165765762329,0.050114378333091736,-0.7522888779640198,0.2317723035812378,0.09821534156799316,-0.3069017231464386
1749033602.6946073,0.20647037029266357,-1.6834436855711878,1.0527570883380335,1.4209186273762207,-0.8645480314837855,-0.8875420729266565,-0.0869174599647522,0.06437946856021881,-0.0689847394824028,-0.15356029570102692,0.15133598446846008,-0.6288754940032959,-0.3458299934864044,0.10235033929347992,-0.7472504377365112,0.25964078307151794,0.12359572947025299,-0.33497485518455505
1749033602.6946485,0.2063291221857071,-1.6833154163756312,1.052601162587301,1.4206134515949707,-0.8642547766314905,-0.8887813727008265,-0.08646924793720245,0.06628157943487167,-0.06921140849590302,-0.14986057579517365,0.1543375700712204,-0.6265629529953003,-0.36795124411582947,0.07141344994306564,-0.7512529492378235,0.2684100270271301,0.10973545908927917,-0.3183494508266449
1749033602.694687,0.20614929497241974,-1.6831909618773402,1.0524843374835413,1.4203275877186279,-0.8639476935016077,-0.8900688330279749,-0.08859989792108536,0.06563566625118256,-0.06912267208099365,-0.14848341047763824,0.15397116541862488,-0.6262891888618469,-0.3255653381347656,0.061588648706674576,-0.7352817058563232,0.2543008327484131,0.10606366395950317,-0.2970937490463257
1749033602.694724,0.2059473842382431,-1.6829821072020472,1.0523365179644983,1.4200264650532226,-0.863659683858053,-0.8912814299212855,-0.0856318324804306,0.06554083526134491,-0.06931864470243454,-0.14651226997375488,0.1528078317642212,-0.6238136887550354,-0.3979874849319458,0.08492521196603775,-0.7455109357833862,0.2539830803871155,0.1117645651102066,-0.3398154377937317
1749033602.6947615,0.2058243453502655,-1.6829234562315882,1.0522244612323206,1.4197346407124023,-0.8633249441729944,-0.8925564924823206,-0.08578279614448547,0.06615934520959854,-0.06794092059135437,-0.1471257358789444,0.15279898047447205,-0.624153733253479,-0.37170469760894775,0.05628944933414459,-0.7400619983673096,0.26247885823249817,0.12416476011276245,-0.32955482602119446
1749033602.6948028,0.20562933385372162,-1.6827651462950648,1.0520489851581019,1.4194459158131103,-0.863044563923971,-0.8937972227679651,-0.0863572210073471,0.06659964472055435,-0.06882417947053909,-0.14541833102703094,0.1530943065881729,-0.6238208413124084,-0.3801627457141876,0.07583335041999817,-0.7363435626029968,0.25289732217788696,0.1300220936536789,-0.32150664925575256
1749033602.694841,0.20548565685749054,-1.6826216183104457,1.051932160054342,1.41915671407666,-0.8627546469317835,-0.8950508276568812,-0.08451499789953232,0.06631025671958923,-0.06754781305789948,-0.14560486376285553,0.1521373689174652,-0.6226619482040405,-0.4054076671600342,0.08455494046211243,-0.7385928630828857,0.23428387939929962,0.1332523077726364,-0.3704385757446289
1749033602.6948776,0.2052990049123764,-1.682481428185934,1.0518162886248987,1.418874903316162,-0.8624237219439905,-0.896285359059469,-0.08620066940784454,0.07019845396280289,-0.06593441963195801,-0.14600977301597595,0.15206168591976166,-0.6246739625930786,-0.41252949833869934,0.006576359272003174,-0.7558760046958923,0.23604904115200043,0.1570298969745636,-0.328718900680542
1749033602.6949139,0.2051382213830948,-1.6823646030821742,1.0516684691058558,1.4186097818562011,-0.8621080557452601,-0.8975241819964808,-0.08703769743442535,0.06655760109424591,-0.066982701420784,-0.14689762890338898,0.15300875902175903,-0.6280488967895508,-0.36735785007476807,0.06586798280477524,-0.7614095211029053,0.24860958755016327,0.14499032497406006,-0.3487480878829956
1749033602.6949506,0.20496706664562225,-1.6821910343565882,1.0515206495868128,1.4183057981678466,-0.8617923895465296,-0.8987787405597132,-0.08690466731786728,0.0663054883480072,-0.06818684190511703,-0.14751525223255157,0.15486076474189758,-0.6300729513168335,-0.3784133791923523,0.07303408533334732,-0.7516850829124451,0.2351771891117096,0.13144823908805847,-0.3451691269874573
1749033602.694987,0.20478062331676483,-1.6820980511107386,1.0514043013202112,1.41801302015271,-0.8614752928363245,-0.9000690619098108,-0.08709605038166046,0.06871340423822403,-0.06622898578643799,-0.145778626203537,0.15619561076164246,-0.6315367221832275,-0.38400375843048096,0.04573298990726471,-0.7753867506980896,0.2372806817293167,0.10848301649093628,-0.2760472297668457
1749033602.6950235,0.20458534359931946,-1.6819502315916957,1.0512450377093714,1.417684479350708,-0.8611906210528772,-0.9013050238238733,-0.08698618412017822,0.06366725265979767,-0.06775625050067902,-0.14562536776065826,0.1535903960466385,-0.6284496784210205,-0.3848000764846802,0.08111400902271271,-0.7699411511421204,0.21536566317081451,0.11993467807769775,-0.30076056718826294
1749033602.6956995,0.20445217192173004,-1.6818062267699183,1.0511358420001429,1.4173988538929443,-0.8608410994159144,-0.9025629202472132,-0.08667459338903427,0.06519035249948502,-0.06888062506914139,-0.14908351004123688,0.15609987080097198,-0.6248462200164795,-0.3917551040649414,0.09259410202503204,-0.7382616996765137,0.2520117461681366,0.1191309243440628,-0.31916505098342896
1749033602.6976235,0.20425374805927277,-1.681695123712057,1.0509961287127894,1.4171179968067626,-0.8605235258685511,-0.9038251082049769,-0.0853806883096695,0.06560734659433365,-0.06838059425354004,-0.14710745215415955,0.15339957177639008,-0.6228047609329224,-0.4072994589805603,0.07189929485321045,-0.7270097136497498,0.2451881319284439,0.09604889899492264,-0.32040923833847046
1749033602.7382762,0.20407775044441223,-1.681554456750387,1.0508363882647913,1.4167975622364501,-0.8602359930621546,-0.9050315062152308,-0.0907072126865387,0.06519150733947754,-0.06763906031847,-0.14746680855751038,0.1532423347234726,-0.6215195059776306,-0.39060425758361816,0.08723311126232147,-0.741381824016571,0.2500503957271576,0.11257582902908325,-0.4163753092288971
1749033602.738324,0.20389777421951294,-1.68141569713735,1.050704304371969,1.4164809423634033,-0.8599274794207972,-0.9062765280352991,-0.08731308579444885,0.06586772203445435,-0.06921780109405518,-0.14882291853427887,0.15192267298698425,-0.628203272819519,-0.39412185549736023,0.09834755212068558,-0.7246609926223755,0.2709403336048126,0.11471906304359436,-0.334124892950058
1749033602.7383695,0.20371481776237488,-1.6813026867308558,1.0505569616900843,1.4161919790455322,-0.8596189657794397,-0.9075682798968714,-0.08786056935787201,0.06541387736797333,-0.06684042513370514,-0.1461060494184494,0.15205325186252594,-0.6285163760185242,-0.410518079996109,0.08547873795032501,-0.7132630944252014,0.26670458912849426,0.1292523741722107,-0.2745157778263092
1749033602.7384212,0.2035505473613739,-1.6811868153014125,1.0504325071917933,1.4159340101429443,-0.8592889944659632,-0.9087937513934534,-0.08637742698192596,0.06556793302297592,-0.06514277309179306,-0.1448259949684143,0.15097396075725555,-0.6265621185302734,-0.391253799200058,0.07394680380821228,-0.7570931911468506,0.251365602016449,0.13707008957862854,-0.3236232399940491
1749033602.738463,0.20335562527179718,-1.6810547314085902,1.0503085295306605,1.4156414705463867,-0.8590200583087366,-0.9100588003741663,-0.08676709979772568,0.06538690626621246,-0.06755615770816803,-0.14596152305603027,0.14925329387187958,-0.6251142621040344,-0.4243456721305847,0.1129121333360672,-0.7548860907554626,0.2512013614177704,0.1517658680677414,-0.3221946954727173
1749033602.7385013,0.2031605988740921,-1.6809541187682093,1.0501492659198206,1.4153169828602294,-0.8587234655963343,-0.9113014380084437,-0.08698493987321854,0.06572659313678741,-0.06781291216611862,-0.14679890871047974,0.14988194406032562,-0.6203723549842834,-0.4070347547531128,0.0890999287366867,-0.7245736718177795,0.24930532276630402,0.14909076690673828,-0.3523603677749634
1749033602.7385395,0.2030305415391922,-1.6807567081847132,1.0500481764422815,1.4150914388843994,-0.858413044606344,-0.9125250021563929,-0.08649896830320358,0.0685497596859932,-0.06637256592512131,-0.14597661793231964,0.14978714287281036,-0.6233871579170227,-0.427692174911499,0.0404648594558239,-0.7474449276924133,0.2466743290424347,0.16316816210746765,-0.39522409439086914
1749033602.7385778,0.20285244286060333,-1.6806627712645472,1.0499127546893519,1.4147633749195556,-0.8581822554217737,-0.9137862364398401,-0.08661742508411407,0.06434076279401779,-0.06716056168079376,-0.14947576820850372,0.15454348921775818,-0.6275272965431213,-0.4246160387992859,0.08289410173892975,-0.7418413162231445,0.25825634598731995,0.15300202369689941,-0.3073386251926422
1749033602.7386181,0.20263342559337616,-1.6805230579771937,1.0497410933123987,1.4144624906727294,-0.8578246275531214,-0.9150455633746546,-0.08599366992712021,0.0655498281121254,-0.06743739545345306,-0.1433446705341339,0.15343229472637177,-0.6276301741600037,-0.43207764625549316,0.10981503129005432,-0.7285910248756409,0.2531120181083679,0.15074798464775085,-0.33578479290008545
1749033602.738658,0.2024470418691635,-1.68043913463735,1.0496123472796839,1.414205475444458,-0.8575909773456019,-0.9163139502154749,-0.08964595943689346,0.06941108405590057,-0.06730564683675766,-0.14073260128498077,0.1524871438741684,-0.6248572468757629,-0.38054898381233215,0.028826914727687836,-0.7228588461875916,0.20012760162353516,0.1511925905942917,-0.3475917875766754
1749033602.7386954,0.20232412219047546,-1.6802641354002894,1.0494683424579065,1.4139372545429687,-0.857271973286764,-0.9176114241229456,-0.08802923560142517,0.06659741699695587,-0.06693625450134277,-0.1470632404088974,0.15710346400737762,-0.6236911416053772,-0.4279441237449646,0.058807000517845154,-0.7124748229980469,0.2005615383386612,0.14899654686450958,-0.34094762802124023
1749033602.738732,0.2021341621875763,-1.6800695858397425,1.0493057409869593,1.4136361318775634,-0.856978718434469,-0.9188273588763636,-0.08893171697854996,0.06761565059423447,-0.06657549738883972,-0.14503438770771027,0.15484073758125305,-0.622576892375946,-0.4090580940246582,0.06703773885965347,-0.7191687822341919,0.2276851236820221,0.14656834304332733,-0.3809487521648407
1749033602.738769,0.20191986858844757,-1.6799961529173792,1.049220387135641,1.4133073526569824,-0.856605354939596,-0.9200742880450647,-0.08617683500051498,0.06774335354566574,-0.06601431965827942,-0.14704379439353943,0.1568397879600525,-0.6294820308685303,-0.4042028784751892,0.03829806298017502,-0.7289389371871948,0.23760412633419037,0.17642591893672943,-0.3195880651473999
1749033602.7388058,0.20178326964378357,-1.6798135242857875,1.0491235891925257,1.4130026537128906,-0.8563311735736292,-0.921335522328512,-0.0871196910738945,0.06698058545589447,-0.06608563661575317,-0.1482439786195755,0.15789541602134705,-0.627152144908905,-0.4171685576438904,0.040893688797950745,-0.7337338328361511,0.2272508144378662,0.14811468124389648,-0.2941950559616089
1749033602.7388422,0.20158329606056213,-1.6797086201109828,1.0489724318133753,1.4127012926289062,-0.8560035864459437,-0.9225934187518519,-0.08820884674787521,0.06606948375701904,-0.06608998775482178,-0.14867524802684784,0.15772290527820587,-0.62412428855896,-0.38239985704421997,0.08148609101772308,-0.7245487570762634,0.25063300132751465,0.14027826488018036,-0.34940090775489807
1749033602.7388792,0.20141547918319702,-1.6795488796629847,1.0488432089435022,1.4124440389820556,-0.8556793371783655,-0.9238351027118128,-0.08841826021671295,0.06626280397176743,-0.0654066875576973,-0.14903654158115387,0.15711472928524017,-0.6230732202529907,-0.38585156202316284,0.057512491941452026,-0.7236580848693848,0.23730170726776123,0.14055433869361877,-0.3472382128238678
1749033602.7389195,0.20141547918319702,-1.6795488796629847,1.0488432089435022,1.4124440389820556,-0.8556793371783655,-0.9238351027118128,-0.08841826021671295,0.06626280397176743,-0.0654066875576973,-0.14903654158115387,0.15711472928524017,-0.6230732202529907,-0.38585156202316284,0.057512491941452026,-0.7236580848693848,0.23730170726776123,0.14055433869361877,-0.3472382128238678
1749033602.7389576,0.20120160281658173,-1.679448743859762,1.0487006346331995,1.4121271806904296,-0.8553555647479456,-0.925086800252096,-0.08800439536571503,0.06544502824544907,-0.06501338630914688,-0.14728772640228271,0.15568113327026367,-0.6227573156356812,-0.37812578678131104,0.08659815043210983,-0.7609862089157104,0.24001121520996094,0.15381492674350739,-0.36015403270721436
1749033602.738998,0.20086491107940674,-1.679176469842428,1.048436466847555,1.411541386241577,-0.8547394911395472,-0.9275801817523401,-0.08834882080554962,0.06644929945468903,-0.06401817500591278,-0.14948174357414246,0.15603886544704437,-0.6316457390785217,-0.3968309462070465,0.09394706785678864,-0.7592777609825134,0.2277877926826477,0.13610303401947021,-0.3460959196090698
1749033602.739035,0.20069007575511932,-1.6790415249266566,1.0483291784869593,1.4112402635761718,-0.8543890158282679,-0.9288776556598108,-0.08905233442783356,0.06742172688245773,-0.06442946940660477,-0.15015487372875214,0.15402653813362122,-0.6305768489837646,-0.37767452001571655,0.0690755844116211,-0.7530086040496826,0.2621699273586273,0.14603301882743835,-0.32405081391334534
1749033602.7396467,0.20051057636737823,-1.6789027653136195,1.0481885115252894,1.4109477239796142,-0.8541505972491663,-0.9301369825946253,-0.08616619557142258,0.06625476479530334,-0.06443771719932556,-0.14748214185237885,0.15752236545085907,-0.6295782327651978,-0.3797895908355713,0.05342518910765648,-0.7770205736160278,0.25285232067108154,0.1255403757095337,-0.3125796318054199
1749033602.7416167,0.2003307342529297,-1.6787497005858363,1.0480721632586878,1.4106592374989013,-0.8538268248187464,-0.9313715139972132,-0.08574704825878143,0.06624875962734222,-0.0641951635479927,-0.15109241008758545,0.15623140335083008,-0.6239783763885498,-0.4375748038291931,0.09584739804267883,-0.7818960547447205,0.26330411434173584,0.15371793508529663,-0.34960660338401794
1749033602.7862995,0.20013053715229034,-1.678633829156393,1.0479171911822718,1.410386009807251,-0.8534868399249476,-0.9325831572162073,-0.0869981199502945,0.06762819737195969,-0.06659375876188278,-0.14845331013202667,0.15619854629039764,-0.624812662601471,-0.36030280590057373,0.008675448596477509,-0.7737013101577759,0.2707001566886902,0.11490791290998459,-0.3229806423187256
1749033602.7863483,0.20001651346683502,-1.678497930566305,1.0478041807757776,1.4100686746784667,-0.8531711737262171,-0.9338648954974573,-0.08447635173797607,0.06525792926549911,-0.06522271037101746,-0.14748600125312805,0.15312348306179047,-0.625247061252594,-0.3456401228904724,7.495284080505371e-05,-0.7735615372657776,0.3006892800331116,0.09943413734436035,-0.27494320273399353
1749033602.7863886,0.1998106688261032,-1.6783539257445277,1.0476372877704065,1.4097716051289062,-0.8529298941241663,-0.9351261297809046,-0.0871984213590622,0.06454584002494812,-0.06559734791517258,-0.1494223177433014,0.15068219602108002,-0.6207786798477173,-0.3843573033809662,0.09971575438976288,-0.7789387702941895,0.27699434757232666,0.1436859667301178,-0.3177407383918762
1749033602.7864277,0.19963623583316803,-1.6782571278014125,1.0475404898272913,1.4094714361378173,-0.852572266255514,-0.9363387266742151,-0.08601377159357071,0.06667092442512512,-0.06835726648569107,-0.14654935896396637,0.15121756494045258,-0.61980140209198,-0.44113072752952576,0.07980844378471375,-0.7409909963607788,0.24839064478874207,0.15927505493164062,-0.38649165630340576
1749033602.786466,0.1994444727897644,-1.678141256371969,1.0473931471454065,1.409209890956543,-0.852295223866598,-0.9375498930560511,-0.08946885913610458,0.06854567676782608,-0.06752748787403107,-0.1475912630558014,0.15341058373451233,-0.6246296167373657,-0.39782842993736267,0.08728144317865372,-0.7334505319595337,0.2553448975086212,0.14333724975585938,-0.3526982367038727
1749033602.7865047,0.1992635279893875,-1.677974363366598,1.0472644011126917,1.4089106756397705,-0.8519952932940882,-0.9388392607318323,-0.08885848522186279,0.07028647512197495,-0.06689083576202393,-0.14819638431072235,0.15660947561264038,-0.6269872784614563,-0.327711284160614,0.02037353441119194,-0.754449725151062,0.2714759111404419,0.14226624369621277,-0.35459116101264954
1749033602.786543,0.1991196572780609,-1.677807947198385,1.0471285025226038,1.4086007314869384,-0.8517001310931605,-0.9400485197650355,-0.08751187473535538,0.07004810869693756,-0.06765948981046677,-0.14808958768844604,0.15570801496505737,-0.6282786726951599,-0.4225815236568451,0.034414492547512054,-0.7394974827766418,0.25313979387283325,0.14816656708717346,-0.40106916427612305
1749033602.786581,0.19885759055614471,-1.6777111492552699,1.0469849745379847,1.4083081918903808,-0.8513954321490687,-0.9413073698626917,-0.09042796492576599,0.06686470657587051,-0.0692492350935936,-0.14943170547485352,0.1533903032541275,-0.6331004500389099,-0.35760048031806946,0.08042991906404495,-0.7262730598449707,0.2769966423511505,0.15674859285354614,-0.3364676833152771
1749033602.7866197,0.19874510169029236,-1.6775595150389613,1.0468409697162073,1.4080545145222167,-0.8511036078082483,-0.942542854939596,-0.08781621605157852,0.0690617710351944,-0.0673028752207756,-0.14884339272975922,0.15676751732826233,-0.6339094638824463,-0.37387892603874207,0.007432535290718079,-0.7482969760894775,0.2655031979084015,0.14264442026615143,-0.3328861892223358
1749033602.7866583,0.19859640300273895,-1.677455564538473,1.0467003027545374,1.4077619749256591,-0.8507445494281214,-0.9438446203814905,-0.08687768131494522,0.06691581010818481,-0.06713525205850601,-0.15160343050956726,0.15388375520706177,-0.6307022571563721,-0.358801931142807,0.002500385046005249,-0.7430084347724915,0.2821497917175293,0.15337276458740234,-0.3174358606338501
1749033602.7866957,0.19839417934417725,-1.6773153744139613,1.0465524832354944,1.4074444013782959,-0.8505175749408167,-0.945099178944723,-0.08785702288150787,0.06460242718458176,-0.06802948564291,-0.14700691401958466,0.1527792513370514,-0.6293806433677673,-0.40114349126815796,0.06308402121067047,-0.7442957162857056,0.25022417306900024,0.1619478464126587,-0.3218029737472534
1749033602.7867332,0.19820287823677063,-1.6771675548949183,1.0463812986956995,1.4071475702473144,-0.8501327673541468,-0.9463465849505823,-0.08476413786411285,0.06416118144989014,-0.06999027729034424,-0.14616703987121582,0.1559644490480423,-0.6302779316902161,-0.428693950176239,0.07990401238203049,-0.7131295204162598,0.24178677797317505,0.1575915515422821,-0.36907973885536194
1749033602.7867706,0.19801980257034302,-1.6770321331419886,1.046264950429098,1.406843824977539,-0.8497970739947718,-0.9476621786700647,-0.08595173060894012,0.06619416177272797,-0.06682766228914261,-0.1503235101699829,0.15556004643440247,-0.6302735209465027,-0.4190506935119629,0.08504633605480194,-0.7355215549468994,0.2772529721260071,0.16072049736976624,-0.35426509380340576
1749033602.7868118,0.19783517718315125,-1.6769353351988734,1.0461633841144007,1.4065581995197753,-0.8495352903949183,-0.9489191214190882,-0.08860931545495987,0.06631265580654144,-0.06593511253595352,-0.14635929465293884,0.15832769870758057,-0.629692018032074,-0.34626999497413635,0.055732887238264084,-0.7437302470207214,0.2762291133403778,0.13435328006744385,-0.3234398663043976
1749033602.786851,0.19768443703651428,-1.676796098748678,1.0460355917560022,1.4062258440205078,-0.8492110411273401,-0.9501784483539026,-0.08525314182043076,0.06697461754083633,-0.06879814714193344,-0.14566302299499512,0.15811240673065186,-0.6280943155288696,-0.42187076807022095,0.05749683827161789,-0.7161552309989929,0.24469879269599915,0.12995857000350952,-0.339145302772522
1749033602.7868938,0.19755107164382935,-1.6766210995116175,1.0458610693561,1.4059087473103027,-0.8489144484149378,-0.951451603566305,-0.08691155165433884,0.06634001433849335,-0.06600665301084518,-0.14763657748699188,0.1580357551574707,-0.6293202638626099,-0.38714995980262756,0.042114757001399994,-0.7188853025436401,0.26448097825050354,0.14282575249671936,-0.30713120102882385
1749033602.7869415,0.19733203947544098,-1.6764923534789027,1.045767609273092,1.4056555467792968,-0.8485782782184046,-0.9527223745929163,-0.08719097822904587,0.06427442282438278,-0.06593825668096542,-0.14855355024337769,0.15843109786510468,-0.6266001462936401,-0.4080412685871124,0.10577119886875153,-0.7389054298400879,0.2856065034866333,0.13588406145572662,-0.32986554503440857
1749033602.7869806,0.19718830287456512,-1.6763884029784144,1.0456326643573206,1.4053267675587158,-0.8482349554644983,-0.9539607206927698,-0.08728490024805069,0.06501825898885727,-0.06628316640853882,-0.1481863111257553,0.15791422128677368,-0.6261562705039978,-0.40547922253608704,0.11714132875204086,-0.7351430058479309,0.27829426527023315,0.12022638320922852,-0.36927530169487
1749033602.7870185,0.19700029492378235,-1.6762639484801234,1.0454815069781702,1.4050261217304687,-0.8479507605182093,-0.9552024046527308,-0.08853545039892197,0.06693094968795776,-0.06733161956071854,-0.14845393598079681,0.1558513045310974,-0.6247953772544861,-0.3815470039844513,0.04812555015087128,-0.7429482936859131,0.2982434630393982,0.08456828445196152,-0.32319211959838867
1749033602.7870562,0.19682900607585907,-1.676129003564352,1.0453489462481897,1.4047435957142334,-0.8475812117206019,-0.956461254750387,-0.08730163425207138,0.06421759724617004,-0.06516310572624207,-0.1519584059715271,0.15324541926383972,-0.6257205009460449,-0.4265725016593933,0.11383412778377533,-0.7375693917274475,0.2963426113128662,0.13594885170459747,-0.3649643063545227
1749033602.7870934,0.19664454460144043,-1.675985952416891,1.0452402273761194,1.404439850444458,-0.8473113218890589,-0.9577282110797327,-0.08825376629829407,0.06746931374073029,-0.06492435932159424,-0.15179826319217682,0.1577940583229065,-0.6263735294342041,-0.41499367356300354,0.08658704161643982,-0.756230890750885,0.3364066183567047,0.10899196565151215,-0.3482910990715027
1749033602.7871304,0.1964474618434906,-1.6758648357787074,1.0451043287860315,1.4041198927113037,-0.847018067036764,-0.9589265028582972,-0.08842560648918152,0.06769202649593353,-0.06538546830415726,-0.14822880923748016,0.1566673070192337,-0.6299039125442505,-0.4099978804588318,0.04029293358325958,-0.7562329173088074,0.29913491010665894,0.08744790405035019,-0.2994310259819031
1749033602.7876477,0.196336567401886,-1.6757260761656703,1.0449689070331019,1.4038256841846923,-0.8466642538653772,-0.9602316061602991,-0.08897557854652405,0.06809283047914505,-0.06568607687950134,-0.15014223754405975,0.1570901870727539,-0.6307812929153442,-0.4142342507839203,0.06845511496067047,-0.7572007179260254,0.3497585654258728,0.09459518641233444,-0.3740498423576355
1749033602.7896256,0.1961159110069275,-1.675577302972311,1.0448053518878382,1.4035088258930664,-0.8463910261737269,-0.9614742437945765,-0.08921480923891068,0.0682736486196518,-0.0659087523818016,-0.145152747631073,0.15722250938415527,-0.6339628100395203,-0.39614370465278625,0.05616871267557144,-0.7494953870773315,0.31365156173706055,0.0836898535490036,-0.3158349096775055
1749033602.8303869,0.1959082931280136,-1.675457616845602,1.0446808973895472,1.403252049083374,-0.8460906187640589,-0.9627960363971155,-0.08844500035047531,0.0678255558013916,-0.06670678406953812,-0.14280705153942108,0.15482421219348907,-0.6348970532417297,-0.40675079822540283,0.04029916226863861,-0.7616513967514038,0.2954992949962616,0.07984001189470291,-0.2680680453777313
1749033602.8304615,0.19575132429599762,-1.6753174267210902,1.0445297400103968,1.4029511648365478,-0.8457940260516565,-0.9640167395221155,-0.08710949867963791,0.06735405325889587,-0.06660029292106628,-0.14504918456077576,0.1538010686635971,-0.6287463903427124,-0.4106113612651825,0.035564571619033813,-0.7480688095092773,0.3061065375804901,0.08347789943218231,-0.3040449321269989
1749033602.830529,0.19553035497665405,-1.6751553020873011,1.044400993977682,1.4026340681263427,-0.8454821745501917,-0.9652908484088343,-0.08989764750003815,0.06664536148309708,-0.06687159836292267,-0.14318068325519562,0.15218093991279602,-0.6288550496101379,-0.3858354091644287,0.050989411771297455,-0.7515014410018921,0.2876800298690796,0.09532646089792252,-0.28674763441085815
1749033602.830597,0.1954110711812973,-1.6750618420042933,1.0442608038531702,1.4023920732685546,-0.8451474348651331,-0.9665301481830042,-0.08553455770015717,0.06668093800544739,-0.06734198331832886,-0.14371073246002197,0.15148192644119263,-0.6259884834289551,-0.40130653977394104,0.09145630151033401,-0.7443539500236511,0.3226819932460785,0.11720751971006393,-0.3509315848350525
1749033602.830661,0.19522441923618317,-1.6749216518797816,1.0441163221942347,1.4020959573933105,-0.8448975721942347,-0.9678118864642542,-0.08778099715709686,0.06843072175979614,-0.06776125729084015,-0.14372152090072632,0.1536942422389984,-0.6292506456375122,-0.41411006450653076,0.04812824726104736,-0.7325730323791504,0.29738280177116394,0.11967408657073975,-0.3685004711151123
1749033602.8307137,0.19506728649139404,-1.674786230126852,1.0439847151385706,1.4017640787312011,-0.8445737997638147,-0.9690659681903284,-0.08881688863039017,0.06817050278186798,-0.06844938546419144,-0.14353863894939423,0.15411721169948578,-0.633873462677002,-0.3509254455566406,0.034784264862537384,-0.709215521812439,0.31215426325798035,0.09358184039592743,-0.27859148383140564
1749033602.8307543,0.19488082826137543,-1.6746508083739222,1.0438445250140589,1.4014677244373779,-0.8442509810077112,-0.970344368611471,-0.08724067360162735,0.06696999818086624,-0.06669571995735168,-0.1443442702293396,0.15356354415416718,-0.6313086748123169,-0.4029541015625,0.04882040619850159,-0.7293844223022461,0.30232536792755127,0.10108272731304169,-0.31433579325675964
1749033602.8307998,0.1946907937526703,-1.6744996509947718,1.0437281767474573,1.4012297826954345,-0.8439596335040491,-0.9715312162982386,-0.08849737793207169,0.06693136692047119,-0.06828459352254868,-0.1447589099407196,0.15426254272460938,-0.6277750730514526,-0.3972536325454712,0.05852794274687767,-0.6834361553192139,0.3107900619506836,0.0963471382856369,-0.31108367443084717
1749033602.8308403,0.1945335865020752,-1.67435946087026,1.043560806904928,1.4009567934223632,-0.8436082045184534,-0.9728296438800257,-0.08922286331653595,0.06613481789827347,-0.06594517827033997,-0.14086215198040009,0.15052340924739838,-0.6244423985481262,-0.3855695426464081,0.07619847357273102,-0.7286878824234009,0.276238352060318,0.1248980239033699,-0.32497745752334595
1749033602.8308787,0.19431616365909576,-1.6742154560484828,1.0434325377093714,1.4006597238728027,-0.8433426062213343,-0.9740837256060999,-0.08909876644611359,0.06496836990118027,-0.0658876895904541,-0.14430204033851624,0.15196122229099274,-0.6219862103462219,-0.380779892206192,0.082848459482193,-0.7386061549186707,0.28640106320381165,0.13276582956314087,-0.3888835906982422
1749033602.8309174,0.19417423009872437,-1.6740910015501917,1.0433004538165491,1.400331898326538,-0.8430340925799769,-0.975311581288473,-0.08921095728874207,0.06800612807273865,-0.06786008924245834,-0.1395140290260315,0.15231989324092865,-0.6279808878898621,-0.359099805355072,0.033800795674324036,-0.7060380578041077,0.257082462310791,0.11522574722766876,-0.34948140382766724
1749033602.8309782,0.19400323927402496,-1.6739708385863246,1.0431445280658167,1.4000822740742187,-0.8426683584796351,-0.9765594641314905,-0.08733809739351273,0.06386520713567734,-0.06440261751413345,-0.141402006149292,0.15139533579349518,-0.6293919682502747,-0.4115161597728729,0.08963167667388916,-0.7231987714767456,0.23778235912322998,0.1330018788576126,-0.2981688976287842
1749033602.8310194,0.19384251534938812,-1.673831125298971,1.043067757283346,1.399765892619751,-0.8423751036273401,-0.9778645674334925,-0.09184444695711136,0.06553974002599716,-0.06409239023923874,-0.14765214920043945,0.15266352891921997,-0.6264886856079102,-0.395943820476532,0.07257850468158722,-0.7345826029777527,0.2982105612754822,0.11211799085140228,-0.33935025334358215
1749033602.831057,0.19365234673023224,-1.6737233601012171,1.04291278520693,1.3994523721882324,-0.8420756498919886,-0.9790986219989222,-0.08836953341960907,0.06847090274095535,-0.06483889371156693,-0.14457720518112183,0.1545824259519577,-0.6261516809463501,-0.42001569271087646,0.026987500488758087,-0.739970326423645,0.28370630741119385,0.10304628312587738,-0.3507608473300934
1749033602.8310947,0.19346089661121368,-1.673537393609518,1.0427692572223108,1.3991789060780029,-0.841766659413473,-0.9803622404681605,-0.0902971476316452,0.06512647122144699,-0.06453453749418259,-0.14674784243106842,0.15387441217899323,-0.6252226233482361,-0.37724047899246216,0.06562019884586334,-0.7501040101051331,0.2856321334838867,0.08860054612159729,-0.38111308217048645
1749033602.831132,0.19330841302871704,-1.6734196148314417,1.0426719824420374,1.3988594251820068,-0.84143573442568,-0.981605354939596,-0.09047839790582657,0.066483274102211,-0.06575580686330795,-0.14602582156658173,0.15476903319358826,-0.6268503069877625,-0.39179742336273193,0.06451378762722015,-0.7442640066146851,0.29703617095947266,0.10828054696321487,-0.4246738851070404
1749033602.8311684,0.1931050419807434,-1.673319002191061,1.042539421712057,1.3985580640980224,-0.841135327016012,-0.9828818480121058,-0.09066345542669296,0.06731708347797394,-0.06445836275815964,-0.14606039226055145,0.15558183193206787,-0.6330315470695496,-0.3676202595233917,0.03645998612046242,-0.7466148734092712,0.2720052897930145,0.0781022310256958,-0.3191795349121094
1749033602.8312058,0.19292910397052765,-1.6731788120665492,1.0424044767962855,1.3982726770588378,-0.8408220450030726,-0.9841330687152308,-0.08991105854511261,0.06668169796466827,-0.06405746191740036,-0.14450517296791077,0.15194636583328247,-0.6320914626121521,-0.36147311329841614,0.05339256301522255,-0.771380603313446,0.2902563810348511,0.09773620218038559,-0.31565913558006287
1749033602.8312423,0.19282984733581543,-1.6730243168272914,1.0422495047198694,1.3979717928120117,-0.8404906431781214,-0.9854000250445765,-0.08930980414152145,0.06580790132284164,-0.06525944173336029,-0.14684054255485535,0.1541745364665985,-0.6272760629653931,-0.36247801780700684,0.08040736615657806,-0.7641729712486267,0.28622931241989136,0.11085177958011627,-0.3730471730232239
1749033602.8312862,0.19254373013973236,-1.6728846035399378,1.042140309010641,1.397690697307251,-0.8401559034930628,-0.9866636435138147,-0.08900029957294464,0.06686490029096603,-0.0669156163930893,-0.14677681028842926,0.15308883786201477,-0.6261729598045349,-0.4116530418395996,0.035666320472955704,-0.718435525894165,0.28029561042785645,0.06947647780179977,-0.33503592014312744
1749033602.8317132,0.19237080216407776,-1.672767778436178,1.0420120398150843,1.397413654918335,-0.8398826758014124,-0.9879472891436976,-0.08959194272756577,0.06630471348762512,-0.06431449949741364,-0.14499706029891968,0.15096792578697205,-0.6266301274299622,-0.37908482551574707,0.04990135878324509,-0.7621914148330688,0.28733643889427185,0.08790415525436401,-0.4047355055809021
1749033602.8336902,0.19221536815166473,-1.6726237736144007,1.0418956915484827,1.3971211153217773,-0.8395584265338343,-0.9891374746905726,-0.08984474092721939,0.06891518086194992,-0.06502052396535873,-0.14623604714870453,0.15150593221187592,-0.6330263614654541,-0.3604486286640167,0.017792508006095886,-0.7705122232437134,0.27144044637680054,0.08490058034658432,-0.34364351630210876
1749033602.8742847,0.1920168250799179,-1.672481199304098,1.0417407194720667,1.3968548017689209,-0.8392847220050257,-0.9904144446002405,-0.0890718325972557,0.06460387259721756,-0.06749079376459122,-0.14233934879302979,0.1504046618938446,-0.6345486044883728,-0.3840543031692505,0.05917748808860779,-0.7297316789627075,0.2770393490791321,0.07903711497783661,-0.3271161913871765
1749033602.874332,0.19188188016414642,-1.6723720035948695,1.0416048208819788,1.3965391355701904,-0.8389657179461878,-0.9916465918170374,-0.08957284688949585,0.06681790947914124,-0.0644962266087532,-0.14223304390907288,0.14979703724384308,-0.6337772607803345,-0.37254318594932556,0.04219485819339752,-0.7457276582717896,0.24495825171470642,0.09146363288164139,-0.374922513961792
1749033602.8743742,0.19171081483364105,-1.672237058679098,1.0414956251727503,1.3962663847156982,-0.8386500517474573,-0.992934528981344,-0.09077729284763336,0.06900706142187119,-0.06515386700630188,-0.1479296237230301,0.150380939245224,-0.6358400583267212,-0.3472420275211334,0.025834575295448303,-0.7796070575714111,0.2662210166454315,0.093369260430336,-0.3249054551124573
1749033602.874414,0.19145384430885315,-1.6721092663206996,1.041356388722555,1.3959736067005615,-0.8383725325213831,-0.994204346333639,-0.08928316086530685,0.06679347902536392,-0.06540795415639877,-0.14642328023910522,0.14920608699321747,-0.6342224478721619,-0.3318231701850891,0.003481730818748474,-0.7706727981567383,0.2784362733364105,0.08360733091831207,-0.32616835832595825
1749033602.8744519,0.1913483887910843,-1.6719452343382777,1.0412161985980433,1.3957201677509765,-0.8380535284625452,-0.9954937140094202,-0.09055173397064209,0.06590280681848526,-0.06620237976312637,-0.14827749133110046,0.14860302209854126,-0.6335349678993225,-0.3208410441875458,0.059756532311439514,-0.7803371548652649,0.28612473607063293,0.11823302507400513,-0.3412536084651947
1749033602.874491,0.19114449620246887,-1.6718222103514613,1.0410531202899378,1.3953766065784912,-0.8377655188189905,-0.9967234770404261,-0.08855617791414261,0.06717470288276672,-0.06565976142883301,-0.14879222214221954,0.14842626452445984,-0.6365336179733276,-0.3662206530570984,0.04435117542743683,-0.7630097270011902,0.301796019077301,0.11452040076255798,-0.2885879874229431
1749033602.8745291,0.1909736692905426,-1.671690126458639,1.040948216115133,1.3950947958179931,-0.8374632040606897,-0.9980204741107386,-0.09288185089826584,0.0671238973736763,-0.06594230979681015,-0.1485377997159958,0.1476997286081314,-0.6333544254302979,-0.3299684226512909,0.036336250603199005,-0.7631022930145264,0.26286381483078003,0.11940658092498779,-0.2856552302837372
1749033602.8745666,0.19082139432430267,-1.671577592889303,1.040823761616842,1.3948132234760742,-0.837189022694723,-0.999275032673971,-0.08857221901416779,0.06619296967983246,-0.06661589443683624,-0.14931541681289673,0.14888577163219452,-0.6303582787513733,-0.35596227645874023,0.019457492977380753,-0.7684688568115234,0.27893081307411194,0.12948064506053925,-0.31339311599731445
1749033602.874604,0.19066064059734344,-1.671410699883932,1.0406726042376917,1.3944939809986572,-0.8368895689593714,-1.0005114714251917,-0.08916879445314407,0.0655902698636055,-0.0671808123588562,-0.14899863302707672,0.15296027064323425,-0.6282832026481628,-0.3789154887199402,0.08089426159858704,-0.7542455792427063,0.2599967122077942,0.0990501195192337,-0.3284308612346649
1749033602.8746417,0.19045870006084442,-1.671309610406393,1.0405367056476038,1.3941804605671386,-0.8365705649005335,-1.0017784277545374,-0.08987218886613846,0.06587004661560059,-0.06753797829151154,-0.14960338175296783,0.15040631592273712,-0.6268800497055054,-0.36002203822135925,0.05180793255567551,-0.7327471971511841,0.2928323745727539,0.11666080355644226,-0.3701423108577728
1749033602.874679,0.1902550905942917,-1.6711470089354457,1.040384594594137,1.3938640791126709,-0.836273495350973,-1.0030134359942835,-0.08991208672523499,0.06657575070858002,-0.06699538230895996,-0.1490994095802307,0.15249840915203094,-0.6304285526275635,-0.38412362337112427,0.05834878236055374,-0.7390880584716797,0.27571743726730347,0.14171887934207916,-0.3617648482322693
1749033602.874717,0.1901320070028305,-1.6710416279234828,1.0402644316302698,1.3935870367237548,-0.8359702269183558,-1.0042393843280237,-0.08799953013658524,0.0664885863661766,-0.06709936261177063,-0.1479509025812149,0.153706356883049,-0.6313894391059875,-0.3854535222053528,0.059743352234363556,-0.7475957274436951,0.2881406843662262,0.11151902377605438,-0.30527767539024353
1749033602.874755,0.18992839753627777,-1.6708795032896937,1.0401132742511194,1.393312616939209,-0.8356040159808558,-1.005521599446432,-0.08699983358383179,0.06516427546739578,-0.06735742837190628,-0.14403344690799713,0.15239745378494263,-0.6302783489227295,-0.40282943844795227,0.06388942897319794,-0.7432895302772522,0.26034969091415405,0.13896918296813965,-0.34596148133277893
1749033602.8747923,0.18973015248775482,-1.6707827053465785,1.0399816671954554,1.3930043417164306,-0.8353617827044886,-1.0067761580096644,-0.09141695499420166,0.0657680407166481,-0.06616781651973724,-0.1479683816432953,0.15400782227516174,-0.6321424841880798,-0.33462244272232056,0.049506280571222305,-0.7481594085693359,0.2723313271999359,0.12006637454032898,-0.30553266406059265
1749033602.8748302,0.18960510194301605,-1.670638223687643,1.039837662373678,1.392723484630249,-0.8350651899920862,-1.0080598036395472,-0.0890437588095665,0.06542570143938065,-0.06615357100963593,-0.1450420469045639,0.15584658086299896,-0.6291177868843079,-0.401456743478775,0.07789956033229828,-0.7503066062927246,0.27769356966018677,0.11163204908370972,-0.36289986968040466
1749033602.874868,0.18941371142864227,-1.670565744439596,1.0397403875934046,1.3924271303364257,-0.834717098866598,-1.0093134085284632,-0.09063223749399185,0.06600509583950043,-0.06610877066850662,-0.14471860229969025,0.1555768996477127,-0.6297916769981384,-0.37397122383117676,0.06463785469532013,-0.7478466033935547,0.2561972141265869,0.11912938952445984,-0.3605981469154358
1749033602.8749046,0.18923048675060272,-1.6703678570189417,1.0396083037005823,1.3921381670185546,-0.8343871275531214,-1.0105980078326624,-0.09024553000926971,0.06658576428890228,-0.06981123238801956,-0.14476117491722107,0.16008736193180084,-0.6297958493232727,-0.3850688934326172,0.051440730690956116,-0.7385561466217041,0.2671794295310974,0.08510372042655945,-0.3162563443183899
1749033602.8749416,0.18904243409633636,-1.670286317864889,1.0394638220416468,1.3918639856525878,-0.8340714613543909,-1.0118840376483362,-0.08878622204065323,0.0662907138466835,-0.06535559147596359,-0.14568129181861877,0.15590372681617737,-0.6286321878433228,-0.40945589542388916,0.056885216385126114,-0.7438746094703674,0.2816004753112793,0.09553968906402588,-0.33224934339523315
1749033602.8749793,0.1888539046049118,-1.6701356373228968,1.0393083731280726,1.3915838438221435,-0.8337863127337855,-1.0131185690509241,-0.08870993554592133,0.0661729946732521,-0.06573996692895889,-0.14454878866672516,0.15307709574699402,-0.6262015104293823,-0.39188963174819946,0.0795254111289978,-0.7483159899711609,0.2635153830051422,0.12176673114299774,-0.3369569778442383
1749033602.8750162,0.1886865347623825,-1.669999738732809,1.0392006079303187,1.391310377711914,-0.8334668318377894,-1.014397923146383,-0.08921349048614502,0.06713832914829254,-0.06955336779356003,-0.1466335952281952,0.15602701902389526,-0.6274580955505371,-0.376664936542511,0.06322363018989563,-0.7196050882339478,0.23815107345581055,0.08376315236091614,-0.31830859184265137
1749033602.8756745,0.18850842118263245,-1.6698514423766078,1.0390213171588343,1.390990896815918,-0.8331201712237757,-1.0156596342669886,-0.08916639536619186,0.06757842749357224,-0.06731382757425308,-0.14813505113124847,0.1525036245584488,-0.625738799571991,-0.3877243399620056,0.03796214610338211,-0.7130483388900757,0.24356266856193542,0.10682184249162674,-0.3540869653224945
1749033602.8776615,0.1883564442396164,-1.6697470150389613,1.0388811270343226,1.390702171916626,-0.8328354994403284,-1.0168245474444788,-0.08914832025766373,0.06604406237602234,-0.06721951067447662,-0.14806382358074188,0.15195690095424652,-0.6255214214324951,-0.3924421966075897,0.08643196523189545,-0.7176123857498169,0.24436530470848083,0.08955645561218262,-0.3587949275970459
1749033602.9223065,0.18814097344875336,-1.669643064538473,1.0387843290912073,1.390392227763794,-0.8325603644000452,-1.0181382338153284,-0.08991523087024689,0.06785692274570465,-0.06775272637605667,-0.14683450758457184,0.15236294269561768,-0.6259160041809082,-0.3765707015991211,0.07101478427648544,-0.7068523168563843,0.23719653487205505,0.09616044908761978,-0.33131158351898193
1749033602.9223526,0.187981516122818,-1.6694885692992152,1.0386555830584925,1.3901187616535644,-0.8323219458209437,-1.0193794409381312,-0.0888744592666626,0.07050298899412155,-0.06765732169151306,-0.15052765607833862,0.15187866985797882,-0.6243457794189453,-0.38848739862442017,0.0024108923971652985,-0.702495276927948,0.2483569085597992,0.09961194545030594,-0.3608225882053375
1749033602.9223936,0.1877816766500473,-1.6693674526610316,1.0384696165667933,1.3898064333149414,-0.83197528520693,-1.0206926504718226,-0.08912390470504761,0.06658947467803955,-0.06793169677257538,-0.14725786447525024,0.15177160501480103,-0.6262220740318298,-0.3821834921836853,0.08577518165111542,-0.702765703201294,0.2488098293542862,0.12115569412708282,-0.3269082307815552
1749033602.9224327,0.1876787394285202,-1.6692129574217738,1.0383794943438929,1.3895141321369628,-0.831707779561178,-1.021888558064596,-0.08765468746423721,0.06797047704458237,-0.06739144027233124,-0.14645740389823914,0.15330921113491058,-0.6277299523353577,-0.40205466747283936,0.04595361277461052,-0.6926212310791016,0.23569466173648834,0.1289050430059433,-0.3352218568325043
1749033602.9224734,0.18746857345104218,-1.6690451107420863,1.0382598082171839,1.3892041879841308,-0.8313840071307581,-1.023135010396139,-0.0870264545083046,0.06857938319444656,-0.06617163866758347,-0.1501837819814682,0.15291978418827057,-0.6283194422721863,-0.4010801911354065,0.053278129547834396,-0.714387059211731,0.266743928194046,0.13590356707572937,-0.3581269085407257
1749033602.922512,0.18732790648937225,-1.6689163647093714,1.038111988698141,1.3888844686695556,-0.8310788313495081,-1.0244067350970667,-0.09084992110729218,0.06829025596380234,-0.06465282291173935,-0.14542658627033234,0.15462680160999298,-0.6314494013786316,-0.37084725499153137,0.03550918400287628,-0.7286063432693481,0.23768681287765503,0.1397891789674759,-0.297191321849823
1749033602.92255,0.1870945543050766,-1.6687656841673792,1.0379603544818323,1.388582630748413,-0.8307936827289026,-1.0256908575641077,-0.08791245520114899,0.06820209324359894,-0.06685517728328705,-0.14599235355854034,0.15531542897224426,-0.6306543350219727,-0.4449296295642853,0.05393710359930992,-0.7188506126403809,0.23553259670734406,0.14340585470199585,-0.32338619232177734
1749033602.9225876,0.18694563210010529,-1.6686092815794886,1.037844483052389,1.3883136945911865,-0.8304594198810022,-1.0270074049579065,-0.09085622429847717,0.0672125369310379,-0.06487921625375748,-0.14500847458839417,0.15544964373111725,-0.6273366808891296,-0.40084657073020935,0.051440268754959106,-0.7080776691436768,0.2242414355278015,0.13265307247638702,-0.3313743472099304
1749033602.922625,0.1867731213569641,-1.668466707269186,1.0376814047442835,1.3880244928547363,-0.8301470915423792,-1.0281942526446741,-0.0887000560760498,0.06918423622846603,-0.06439419835805893,-0.14647243916988373,0.15698575973510742,-0.6262858510017395,-0.37670862674713135,-0.0010019242763519287,-0.7274323105812073,0.22839117050170898,0.12938247621059418,-0.32489848136901855
1749033602.9226625,0.18653514981269836,-1.6683961353697718,1.0375493208514612,1.3877290922352294,-0.8298075834857386,-1.029447380696432,-0.0882357582449913,0.06468790024518967,-0.06580694764852524,-0.14638884365558624,0.1567702740430832,-0.6255468130111694,-0.39517074823379517,0.04154054820537567,-0.7127773761749268,0.24506136775016785,0.1258908212184906,-0.35749343037605286
1749033602.9227042,0.18639497458934784,-1.6682731113829554,1.0374553839312952,1.387455626125,-0.8294900099383753,-1.030712906514303,-0.08819921314716339,0.0643688514828682,-0.06657003611326218,-0.14641693234443665,0.15278629958629608,-0.6293704509735107,-0.3832551836967468,0.05362054705619812,-0.7113027572631836,0.22939780354499817,0.1590879261493683,-0.3195638954639435
1749033602.9227426,0.18619661033153534,-1.6681057415404261,1.0373204390155237,1.3871382909962158,-0.829174820576803,-1.0319512526141565,-0.08705870062112808,0.06808319687843323,-0.0645609125494957,-0.1474592536687851,0.15498316287994385,-0.6282813549041748,-0.3978782594203949,0.025150656700134277,-0.7327123880386353,0.23097944259643555,0.13399387896060944,-0.3044092357158661
1749033602.9227798,0.18603567779064178,-1.667950292626852,1.0371726194964808,1.3868746000477294,-0.8288663069354456,-1.0332263151751917,-0.091150663793087,0.06506682187318802,-0.06601697206497192,-0.14679192006587982,0.15446655452251434,-0.6264525055885315,-0.34988468885421753,0.06162276118993759,-0.7112888097763062,0.2516097128391266,0.10798589885234833,-0.3285936117172241
1749033602.922816,0.18584893643856049,-1.6677867374815882,1.0370367209063929,1.3865575033375244,-0.8285420576678675,-1.0344441572772425,-0.08820875734090805,0.06667846441268921,-0.06657428294420242,-0.14546619355678558,0.15512394905090332,-0.6261194944381714,-0.3814350962638855,0.03288679197430611,-0.7169362306594849,0.21593070030212402,0.11760428547859192,-0.32513993978500366
1749033602.9228525,0.1856539249420166,-1.6676904163756312,1.0369084517108362,1.386291428203247,-0.8282735983477991,-1.035696808491842,-0.09103212505578995,0.06746754795312881,-0.06590767949819565,-0.14886242151260376,0.15564380586147308,-0.6230062246322632,-0.36539211869239807,0.07461566478013992,-0.7055311799049377,0.21728670597076416,0.1297682523727417,-0.3607546091079712
1749033602.9228892,0.18547795712947845,-1.6675754986205042,1.0368126074420374,1.3859433370777587,-0.8279388586627405,-1.0369756857501429,-0.0899157002568245,0.0684761181473732,-0.06513788551092148,-0.14914779365062714,0.1570974439382553,-0.6275418996810913,-0.34638112783432007,0.012346692383289337,-0.7138839364051819,0.2695562243461609,0.09666619449853897,-0.39338791370391846
1749033602.9229257,0.18531359732151031,-1.6674109898009242,1.0366843382464808,1.3856548505970459,-0.8276303450213831,-1.0381949583636683,-0.0898621454834938,0.06826744228601456,-0.06499508768320084,-0.14846839010715485,0.1580374538898468,-0.6322510838508606,-0.37817686796188354,0.024455755949020386,-0.7364664673805237,0.24935480952262878,0.10678809881210327,-0.32217323780059814
1749033602.9229624,0.18513406813144684,-1.667286058465475,1.0365131537066858,1.3853730398365478,-0.827364746724264,-1.0394237677203577,-0.08867322653532028,0.0673273354768753,-0.06548973172903061,-0.1503942906856537,0.15403683483600616,-0.6319528222084045,-0.39033767580986023,0.028676249086856842,-0.7233543992042542,0.2592897415161133,0.10124088823795319,-0.3134520351886749
1749033602.9229991,0.18500465154647827,-1.6671110592284144,1.036412541066305,1.3850480753132324,-0.8270424048053187,-1.0407140890704554,-0.08758887648582458,0.06733305752277374,-0.0656532421708107,-0.1508592963218689,0.1514318734407425,-0.6276471614837646,-0.3964441418647766,0.029075711965560913,-0.7402818202972412,0.3204810619354248,0.13702376186847687,-0.341175377368927
1749033602.9230359,0.1847817599773407,-1.6670032940306605,1.0362885634051722,1.3847753244587402,-0.8267267386065882,-1.0419710318194788,-0.08776974678039551,0.06735599786043167,-0.06565532088279724,-0.14955323934555054,0.15728676319122314,-0.6258246898651123,-0.41794899106025696,0.008956298232078552,-0.7319384813308716,0.2689371407032013,0.11563855409622192,-0.3478732705116272
1749033602.9230723,0.18461434543132782,-1.6668993435301722,1.0361407438861292,1.3844746786304931,-0.8264730612384241,-1.0432093779193323,-0.0874786451458931,0.06736106425523758,-0.06625337898731232,-0.14918793737888336,0.15366756916046143,-0.6240352392196655,-0.39544224739074707,0.02434605360031128,-0.744464099407196,0.29174864292144775,0.11797415465116501,-0.39584028720855713
1749033602.9231086,0.18445837497711182,-1.6668058834471644,1.0360167662249964,1.3841544824787597,-0.8261717001544397,-1.0444820562945765,-0.08812113106250763,0.06658154726028442,-0.06614062190055847,-0.14815083146095276,0.15337888896465302,-0.6321931481361389,-0.4021449685096741,0.025412872433662415,-0.7220426797866821,0.27344390749931335,0.13452526926994324,-0.3509405553340912
1749033602.9236681,0.18427057564258575,-1.6666113338866175,1.035865608845846,1.3838490682789306,-0.82581073442568,-1.0457823912249964,-0.08889562636613846,0.06728588044643402,-0.06632106751203537,-0.14776262640953064,0.15339899063110352,-0.6325206756591797,-0.3797778785228729,0.034455910325050354,-0.7208448648452759,0.27773118019104004,0.14292170107364655,-0.3031606078147888
1749033602.925644,0.18412163853645325,-1.6664916477599085,1.0357206503497522,1.3835875230976562,-0.8255766073810022,-1.0470317045794886,-0.08904227614402771,0.0669490247964859,-0.06618625670671463,-0.14492253959178925,0.15300990641117096,-0.629511833190918,-0.3826042413711548,0.028890427201986313,-0.7259105443954468,0.26294541358947754,0.14051418006420135,-0.3486364185810089
1749033602.970329,0.18412163853645325,-1.6664916477599085,1.0357206503497522,1.3835875230976562,-0.8255766073810022,-1.0470317045794886,-0.08904227614402771,0.0669490247964859,-0.06618625670671463,-0.14492253959178925,0.15300990641117096,-0.629511833190918,-0.3826042413711548,0.028890427201986313,-0.7259105443954468,0.26294541358947754,0.14051418006420135,-0.3486364185810089
1749033602.9703755,0.18395426869392395,-1.6663481197752894,1.0356043020831507,1.383303089732788,-0.825238052998678,-1.048335377370016,-0.08858088403940201,0.06645597517490387,-0.06700791418552399,-0.14105834066867828,0.15337252616882324,-0.627754807472229,-0.370070219039917,0.034836675971746445,-0.7265741229057312,0.21837587654590607,0.13863173127174377,-0.31974515318870544
1749033602.9704163,0.18355683982372284,-1.6661035023131312,1.035367790852682,1.3827456670948486,-0.8246391455279749,-1.0507896582232874,-0.08901235461235046,0.06603291630744934,-0.06518623977899551,-0.14151030778884888,0.15529246628284454,-0.6262429356575012,-0.3909793198108673,0.028491362929344177,-0.7283505201339722,0.2072155624628067,0.159216970205307,-0.37337926030158997
1749033602.9704556,0.18338227272033691,-1.6659256420531214,1.035212818776266,1.3824605184742431,-0.8243053595172327,-1.0520790258990687,-0.08819467574357986,0.06537245959043503,-0.06527943164110184,-0.14105214178562164,0.15618295967578888,-0.6320072412490845,-0.4007072150707245,0.047717392444610596,-0.7361130714416504,0.18083779513835907,0.17154420912265778,-0.3288031220436096
1749033602.9705,0.18318697810173035,-1.6657935581602992,1.0350526014911097,1.3821684557148437,-0.8240211645709437,-1.0533321539508265,-0.09299040585756302,0.06589725613594055,-0.06809540838003159,-0.14820902049541473,0.15675318241119385,-0.6305955648422241,-0.36518770456314087,0.06468923389911652,-0.7023801803588867,0.23469358682632446,0.15929776430130005,-0.3676464855670929
1749033602.9705553,0.18308354914188385,-1.6657005749144496,1.0349682013141077,1.3818513590046386,-0.8237131277667444,-1.0546029249774378,-0.08950583636760712,0.07024305313825607,-0.06449311971664429,-0.14837804436683655,0.1574881225824356,-0.6338732242584229,-0.39959561824798584,0.021087870001792908,-0.7267987728118896,0.23324450850486755,0.15071868896484375,-0.35293301939964294
1749033602.9705956,0.1828967183828354,-1.6655689678587855,1.0348170439349573,1.381565971965454,-0.8233793417560022,-1.0558255354510706,-0.09199342876672745,0.06497654318809509,-0.06492392718791962,-0.14824888110160828,0.15714611113071442,-0.6316543221473694,-0.31284379959106445,-0.027737446129322052,-0.7502503395080566,0.27673330903053284,0.12160174548625946,-0.2314000427722931
1749033602.9706337,0.18267934024333954,-1.6654249630370082,1.03471547762026,1.381305142039917,-0.8231022993670862,-1.057108227406637,-0.0854790210723877,0.06224360689520836,-0.0652787834405899,-0.14752063155174255,0.15747632086277008,-0.6262871623039246,-0.40331268310546875,0.06879919767379761,-0.7514985799789429,0.24396777153015137,0.10516314208507538,-0.3407238721847534
1749033602.970676,0.18251144886016846,-1.665293355981344,1.0345752874957483,1.3810114103504638,-0.8227294127093714,-1.058366600667135,-0.08626425266265869,0.0662492886185646,-0.06531698256731033,-0.14809182286262512,0.1553751528263092,-0.6262165307998657,-0.42177802324295044,0.018626555800437927,-0.7614532709121704,0.24081940948963165,0.13672547042369843,-0.3346729576587677
1749033602.9707146,0.18237005174160004,-1.6651345692076625,1.0344484488116663,1.3806752401539306,-0.8224437872516077,-1.0595429579364222,-0.08700501918792725,0.06486708670854568,-0.06506969034671783,-0.14834697544574738,0.1590544432401657,-0.626585066318512,-0.40333324670791626,0.01933116279542446,-0.7597414255142212,0.24366961419582367,0.13297763466835022,-0.28985336422920227
1749033602.9707513,0.1822211593389511,-1.6650220356383265,1.034304443989889,1.380377932185791,-0.8220770994769495,-1.0608394781695765,-0.08769211173057556,0.06511284410953522,-0.06573476642370224,-0.14848347008228302,0.15702585875988007,-0.6242091655731201,-0.38443952798843384,0.01473418902605772,-0.7684813141822815,0.2400391399860382,0.10244077444076538,-0.30337440967559814
1749033602.9707875,0.18200033903121948,-1.6648975811400355,1.0341880957232874,1.3800741869160156,-0.8217662016498011,-1.0620625654803675,-0.08656779676675797,0.06481347978115082,-0.06486280262470245,-0.1496810019016266,0.1566908359527588,-0.6233323812484741,-0.44058752059936523,0.05664097145199776,-0.7709662318229675,0.26427748799324036,0.10731248557567596,-0.31949159502983093
1749033602.9708245,0.18181872367858887,-1.6647659740843714,1.034020725880758,1.3797964292713623,-0.8214924971209925,-1.0633085409747522,-0.08953602612018585,0.0652691200375557,-0.0649326741695404,-0.14670176804065704,0.15678676962852478,-0.6203328371047974,-0.38417375087738037,0.05354927480220795,-0.7645121216773987,0.2522198557853699,0.09511594474315643,-0.3413885831832886
1749033602.9708622,0.18162167072296143,-1.664614816705221,1.0338857809649866,1.3795272546955566,-0.8211830298053187,-1.0645349661456507,-0.08782774209976196,0.0665205717086792,-0.06375783681869507,-0.1491573005914688,0.15566876530647278,-0.620665431022644,-0.4001857042312622,-0.008407935500144958,-0.7722967267036438,0.25308769941329956,0.09846555441617966,-0.33937394618988037
1749033602.970899,0.18143385648727417,-1.6644393406310023,1.0337727705584925,1.3792428213306884,-0.8209179083453577,-1.065754238759176,-0.09042450785636902,0.06596281379461288,-0.06676804274320602,-0.1466348022222519,0.15369337797164917,-0.6210152506828308,-0.34819507598876953,-0.0005692467093467712,-0.7743481993675232,0.2719828486442566,0.09155819565057755,-0.28789323568344116
1749033602.970936,0.18127809464931488,-1.6643620930113734,1.033656422291891,1.378964825267456,-0.8205960432635706,-1.0669696966754358,-0.08469440788030624,0.06500675529241562,-0.06561537832021713,-0.14400462806224823,0.1574784517288208,-0.6185810565948486,-0.4151424169540405,-0.017854496836662292,-0.7503868937492371,0.24969299137592316,0.08843576163053513,-0.33922457695007324
1749033602.9709723,0.18115712702274323,-1.6642705402769984,1.0335047880755823,1.3786727625080566,-0.820322338734762,-1.0682671705829065,-0.08628738671541214,0.06332114338874817,-0.06518790870904922,-0.14506849646568298,0.1520233303308487,-0.6150487065315247,-0.4487074911594391,0.04145824909210205,-0.7652934193611145,0.239187091588974,0.08769147098064423,-0.3289576768875122
1749033602.9710093,0.18100453913211823,-1.6640955410399378,1.0333922545062464,1.378391905421875,-0.8199766317950647,-1.0694587866412562,-0.0871037095785141,0.06508059054613113,-0.06671933829784393,-0.14657168090343475,0.1501379758119583,-0.6137027740478516,-0.39134353399276733,0.002095729112625122,-0.7484979629516602,0.27810558676719666,0.0921124741435051,-0.30370044708251953
1749033602.971049,0.1808217167854309,-1.6639758549132289,1.033248249684469,1.3781155782886962,-0.8197115103351038,-1.0706732908831995,-0.08627840876579285,0.06657154858112335,-0.06727705150842667,-0.14583170413970947,0.15209347009658813,-0.6131956577301025,-0.3801361322402954,-0.05678413063287735,-0.7272190451622009,0.25575679540634155,0.07138669490814209,-0.3275032639503479
1749033602.9710858,0.1806076020002365,-1.6638199291624964,1.0331247488604944,1.3778456884571533,-0.8193796316729944,-1.071916405354635,-0.08649653941392899,0.06216433644294739,-0.06419266015291214,-0.14450594782829285,0.1483183354139328,-0.6107516884803772,-0.3869522511959076,0.030151396989822388,-0.7654926180839539,0.2548445463180542,0.08069497346878052,-0.2948586642742157
1749033602.971122,0.18044351041316986,-1.66367830852651,1.0330236593829554,1.3775214391895751,-0.819125000630514,-1.0731080214129847,-0.0869695246219635,0.06370192766189575,-0.06485620141029358,-0.142735093832016,0.14748837053775787,-0.6088138222694397,-0.4024496078491211,0.0062857079319655895,-0.7570923566818237,0.24889647960662842,0.10448095947504044,-0.29271379113197327
1749033602.971158,0.18025651574134827,-1.6635800800719203,1.0328448454486292,1.3772730070301513,-0.8188255468951624,-1.0743654409991663,-0.08639879524707794,0.06359779089689255,-0.06468235701322556,-0.14305700361728668,0.14610569179058075,-0.6035418510437012,-0.37745073437690735,0.013385128229856491,-0.7522230744361877,0.24769438803195953,0.10600981116294861,-0.3333243429660797
1749033602.9716933,0.18011516332626343,-1.663433691064352,1.0327046553241175,1.3769993025013427,-0.8185036818133753,-1.0755565802203577,-0.0860319584608078,0.06293542683124542,-0.06480547785758972,-0.14379358291625977,0.14542539417743683,-0.6026992797851562,-0.39810073375701904,0.027806080877780914,-0.7570998072624207,0.24158546328544617,0.126704603433609,-0.3212311267852783
1749033602.9736836,0.17992845177650452,-1.6633321247496546,1.0325968901263636,1.3767103391834716,-0.8182509581195276,-1.076806370412008,-0.08558277040719986,0.06257353723049164,-0.06472443789243698,-0.14444470405578613,0.14649087190628052,-0.6019629836082458,-0.39373594522476196,0.031088653951883316,-0.7422881722450256,0.25429627299308777,0.12680107355117798,-0.2905556857585907
1749033603.0142787,0.17974023520946503,-1.663185258904928,1.0324838797198694,1.3764023023792724,-0.8179095427142542,-1.0780065695392054,-0.08589339256286621,0.06312307715415955,-0.06386032700538635,-0.14441777765750885,0.14787058532238007,-0.6001951098442078,-0.414054811000824,0.008078202605247498,-0.7484368681907654,0.24532964825630188,0.1210249811410904,-0.32692861557006836
1749033603.0143259,0.17956583201885223,-1.6630221805968226,1.0323365370379847,1.3761522012897949,-0.8176172415362757,-1.0792234579669397,-0.0851292684674263,0.06219965219497681,-0.0642232596874237,-0.14913979172706604,0.14763781428337097,-0.5982416868209839,-0.38350701332092285,0.0007923394441604614,-0.7601889967918396,0.29562318325042725,0.12004749476909637,-0.2847512364387512
1749033603.0143664,0.17943242192268372,-1.662917276422018,1.0322049299823206,1.3758248525806884,-0.817364517842428,-1.0803783575641077,-0.08468104898929596,0.06092651188373566,-0.06443683803081512,-0.14551757276058197,0.14711014926433563,-0.5950652956962585,-0.3823469579219818,0.00842788815498352,-0.7266457080841064,0.2929035425186157,0.10360118001699448,-0.27751898765563965
1749033603.014406,0.17923417687416077,-1.6627823315062464,1.0321033636676233,1.375523491496704,-0.8170464674579065,-1.0816124121295374,-0.08570405095815659,0.06065332889556885,-0.06390252709388733,-0.14435669779777527,0.14592774212360382,-0.5896587371826172,-0.3792225122451782,0.049312494695186615,-0.7363743782043457,0.28722715377807617,0.10757148265838623,-0.32301604747772217
1749033603.0144444,0.1791057139635086,-1.6626931629576625,1.0319717566119593,1.375241919154785,-0.8167551199542444,-1.0827487150775355,-0.08404960483312607,0.0626971498131752,-0.06333037465810776,-0.1468435376882553,0.14287202060222626,-0.5908076167106628,-0.36853325366973877,0.02013786882162094,-0.7598357796669006,0.32699525356292725,0.1333893984556198,-0.280550092458725
1749033603.014483,0.17891423404216766,-1.662577291528219,1.031844441090719,1.3749336439320068,-0.8164332548724573,-1.083916966115133,-0.08320420235395432,0.06082078814506531,-0.06364643573760986,-0.14267711341381073,0.1465880572795868,-0.5889777541160583,-0.3906388580799103,0.0012228041887283325,-0.7523317933082581,0.302527517080307,0.11532449722290039,-0.2858126759529114
1749033603.0145211,0.1787310540676117,-1.662438531915182,1.0317090193377894,1.3746725755878906,-0.816164795552389,-1.0850828329669397,-0.08612873405218124,0.06057550385594368,-0.0633176788687706,-0.14095400273799896,0.14321526885032654,-0.5872936844825745,-0.3397423028945923,0.023568663746118546,-0.7391688227653503,0.3095434010028839,0.09256123006343842,-0.35152149200439453
1749033603.0145595,0.17858606576919556,-1.6623064480223597,1.031583611165182,1.3743719297596435,-0.8158848921405237,-1.0862591902362269,-0.08239450305700302,0.060672566294670105,-0.06199472397565842,-0.1387583315372467,0.14105162024497986,-0.5888683795928955,-0.4058769941329956,0.021609969437122345,-0.7433643341064453,0.2995847761631012,0.12682442367076874,-0.2867652475833893
1749033603.0145974,0.17841605842113495,-1.6622120342650355,1.0314486662494105,1.374082251186035,-0.8156159559832972,-1.08742601076235,-0.08523871004581451,0.061237882822752,-0.06390845030546188,-0.13804563879966736,0.14575672149658203,-0.5854133367538452,-0.40097105503082275,0.015733756124973297,-0.7242637872695923,0.297477662563324,0.08692705631256104,-0.27235734462738037
1749033603.014635,0.17819729447364807,-1.662069936791891,1.031344238911764,1.373821421260498,-0.8152788321124476,-1.0886405150042933,-0.08443702012300491,0.06019454076886177,-0.06089398264884949,-0.13570797443389893,0.1430208683013916,-0.5825188755989075,-0.34034913778305054,0.003688707947731018,-0.7559939026832581,0.3333442211151123,0.09170857071876526,-0.2968584895133972
1749033603.0146728,0.17807914316654205,-1.6619321308531703,1.0312240759478968,1.373544378871582,-0.8150036970721644,-1.0897844473468226,-0.08321119099855423,0.05913890153169632,-0.06058325618505478,-0.13737352192401886,0.14216496050357819,-0.5797153115272522,-0.3830113708972931,0.032124459743499756,-0.7613921165466309,0.3193506598472595,0.10796947777271271,-0.2789333164691925
1749033603.0147095,0.1779133379459381,-1.661800046960348,1.0310843626605433,1.3732804495045166,-0.814735237752096,-1.0909512678729456,-0.082789845764637,0.05969773232936859,-0.061562009155750275,-0.13348181545734406,0.143315389752388,-0.5750408172607422,-0.3944527506828308,0.046433016657829285,-0.7524933218955994,0.313875287771225,0.1070777177810669,-0.3183523416519165
1749033603.014747,0.1777559071779251,-1.6617142162718714,1.030980412160055,1.3729991155811767,-0.8144596258746546,-1.0921004454242151,-0.08464650809764862,0.059832025319337845,-0.06335768103599548,-0.13197651505470276,0.1434050053358078,-0.5759311318397522,-0.35868412256240845,-0.0062479376792907715,-0.7165166139602661,0.30225202441215515,0.09363009035587311,-0.3422696590423584
1749033603.0147843,0.17756439745426178,-1.6615792713561,1.0308135191546839,1.3727351862141113,-0.81415301958193,-1.0932439009295862,-0.08026224374771118,0.058302540332078934,-0.05989876389503479,-0.1330939531326294,0.1412103921175003,-0.5771484375,-0.3430173099040985,0.020290076732635498,-0.7567462921142578,0.30749812722206116,0.10272747278213501,-0.25295883417129517
1749033603.0148215,0.17743609845638275,-1.6614710293211878,1.0307162443744105,1.372497244472168,-0.8138969580279749,-1.0943239370929163,-0.0783277377486229,0.06030659005045891,-0.060849327594041824,-0.13069956004619598,0.1392841786146164,-0.571690559387207,-0.4014565646648407,0.020836390554904938,-0.7554810643196106,0.32722651958465576,0.09839935600757599,-0.2711270749568939
1749033603.0148714,0.17724129557609558,-1.6613785229124964,1.03056508699526,1.3722328382679443,-0.8135903517352503,-1.0955174604998987,-0.08249278366565704,0.057832684367895126,-0.06187102943658829,-0.12833890318870544,0.14288394153118134,-0.5680227279663086,-0.3376603126525879,0.02238042652606964,-0.7381279468536377,0.2795283794403076,0.0966794565320015,-0.3031023442745209
1749033603.0149114,0.17705249786376953,-1.661227365533346,1.030456844960348,1.3719636636921386,-0.8133218924151819,-1.0966203848468226,-0.07843636721372604,0.05759014934301376,-0.06142358481884003,-0.12831184267997742,0.13796530663967133,-0.5655836462974548,-0.40256792306900024,0.0499216690659523,-0.7314147353172302,0.29247546195983887,0.08744928985834122,-0.30368152260780334
1749033603.0149531,0.17697276175022125,-1.6611420116820277,1.0303285757647913,1.3717230993458251,-0.8130539099322718,-1.0977194944964808,-0.07956454157829285,0.05729779973626137,-0.061043646186590195,-0.12888076901435852,0.13676884770393372,-0.5611478090286255,-0.37248197197914124,0.0585513710975647,-0.7329328656196594,0.2800653576850891,0.10721372067928314,-0.33170217275619507
1749033603.0153823,0.17679449915885925,-1.6610461674132289,1.030231777821676,1.3714532095142822,-0.8127830664264124,-1.0988691488849085,-0.07973091304302216,0.05959586426615715,-0.060914814472198486,-0.12912645936012268,0.13965941965579987,-0.561234712600708,-0.3623807728290558,0.029970305040478706,-0.7363606691360474,0.28332167863845825,0.06089624762535095,-0.36446917057037354
1749033603.015456,0.17660297453403473,-1.6608730755248011,1.0300729910479944,1.3712286192127685,-0.8124869505511683,-1.1000359694110315,-0.07980594784021378,0.05656883493065834,-0.06096427142620087,-0.12991321086883545,0.13611429929733276,-0.5647809505462646,-0.36732593178749084,0.04837159812450409,-0.726568877696991,0.3024751842021942,0.08475707471370697,-0.30859777331352234
1749033603.0157738,0.17646431922912598,-1.6607758007445277,1.0299719015704554,1.3709568220325927,-0.8122013250934046,-1.1011088530169886,-0.07930802553892136,0.05772872641682625,-0.0604533776640892,-0.12880867719650269,0.13593953847885132,-0.5625434517860413,-0.37342002987861633,0.057613082230091095,-0.7139800190925598,0.2827014625072479,0.0712609738111496,-0.2847454845905304
1749033603.0176961,0.17635004222393036,-1.66066374401235,1.0298369566546839,1.370687647456787,-0.8119185606585901,-1.1022346655475062,-0.07916947454214096,0.05733368545770645,-0.06024569272994995,-0.12892767786979675,0.13457731902599335,-0.5582636594772339,-0.3731911778450012,0.07282796502113342,-0.7211741209030151,0.26450997591018677,0.10119456052780151,-0.3232268989086151
1749033603.0623083,0.17613577842712402,-1.6605168781676234,1.0297325293170374,1.3704232412525634,-0.8116119543658655,-1.1033533255206507,-0.07823832333087921,0.0580688901245594,-0.0593520849943161,-0.13019652664661407,0.13476203382015228,-0.555863082408905,-0.3720211982727051,0.06974303722381592,-0.7163892388343811,0.2607174515724182,0.10605441778898239,-0.3194829821586609
1749033603.062354,0.17599229514598846,-1.6604401073851527,1.0296276251422327,1.3701578813740234,-0.8114011923419397,-1.1044800917254847,-0.07883914560079575,0.056466951966285706,-0.05883440747857094,-0.13061514496803284,0.13462133705615997,-0.5538503527641296,-0.3845747113227844,0.08019662648439407,-0.7273353338241577,0.283199667930603,0.09564072638750076,-0.3335754871368408
1749033603.0624154,0.17579366266727448,-1.6603170833983363,1.0295007864581507,1.3698970514484863,-0.8111255804644983,-1.1055830160724085,-0.07906188815832138,0.05749768391251564,-0.06052618846297264,-0.13024359941482544,0.13478809595108032,-0.5520864129066467,-0.38307151198387146,0.08931100368499756,-0.6894237995147705,0.2831266522407532,0.09777314960956573,-0.3531480133533478
1749033603.0624576,0.17562584578990936,-1.6602393589415492,1.0293768087970179,1.3696374136158447,-0.8107927481280726,-1.1066973845111292,-0.07905201613903046,0.060668326914310455,-0.056871648877859116,-0.13058368861675262,0.13528436422348022,-0.5586901903152466,-0.35043013095855713,0.032762154936790466,-0.7427915930747986,0.29708778858184814,0.08592481911182404,-0.3021804690361023
1749033603.0624971,0.17551307380199432,-1.6601220570006312,1.0292795340167444,1.3693711000629882,-0.8105400244342249,-1.1078169981585901,-0.07870348542928696,0.056057799607515335,-0.05722562223672867,-0.12813888490200043,0.13557566702365875,-0.5557790398597717,-0.37124910950660706,0.06578916311264038,-0.7295699119567871,0.2908148467540741,0.08271128684282303,-0.2864035665988922
1749033603.0625348,0.17539198696613312,-1.6599956951537074,1.029156510029928,1.3691188532062988,-0.810279671345846,-1.1089080015765589,-0.07854853570461273,0.05710345506668091,-0.06012183055281639,-0.1299910545349121,0.13560104370117188,-0.550524890422821,-0.32855743169784546,0.07320182770490646,-0.7248239517211914,0.2937946915626526,0.053035885095596313,-0.2985568642616272
1749033603.062576,0.17522065341472626,-1.659879823724264,1.0290444532977503,1.3688573080250244,-0.8100045363055628,-1.1100066343890589,-0.0779474526643753,0.05962788313627243,-0.05908899009227753,-0.12871906161308289,0.13478146493434906,-0.5487415790557861,-0.36752942204475403,0.0451798290014267,-0.7056335210800171,0.2942069172859192,0.054968222975730896,-0.31255072355270386
1749033603.0626144,0.17502209544181824,-1.6597677669920863,1.0289438406573694,1.368553562755249,-0.8097789923297327,-1.1111186186419886,-0.07756194472312927,0.05885673314332962,-0.05659949406981468,-0.12758588790893555,0.13479509949684143,-0.5452969074249268,-0.31811773777008057,0.014154103584587574,-0.7502246499061584,0.3002384603023529,0.055938467383384705,-0.28461283445358276
1749033603.0626516,0.17492474615573883,-1.6596514187254847,1.0288203398333948,1.368304892177246,-0.8095005194293421,-1.1121929327594202,-0.07454001158475876,0.05566222220659256,-0.05824756622314453,-0.13039159774780273,0.13367408514022827,-0.5430017113685608,-0.4381764531135559,0.13238683342933655,-0.7298551201820374,0.2882119417190552,0.05864420533180237,-0.36730873584747314
1749033603.0626884,0.174703910946846,-1.6595436535277308,1.028696362172262,1.3680433469959716,-0.8091948668109339,-1.1132567564593714,-0.07713727653026581,0.058850158005952835,-0.05858864262700081,-0.12928007543087006,0.13118882477283478,-0.5489750504493713,-0.37002700567245483,0.05047879368066788,-0.7178112268447876,0.3287333548069,0.07935169339179993,-0.3292757272720337
1749033603.062729,0.1745600700378418,-1.6594392261900843,1.0285771528827112,1.3677980142780761,-0.8089502493487757,-1.1144502798663538,-0.07438615709543228,0.058835819363594055,-0.05593232065439224,-0.12623870372772217,0.13070419430732727,-0.5524362325668335,-0.3692907989025116,0.038038864731788635,-0.7467089295387268,0.3351518511772156,0.07070492208003998,-0.24184904992580414
1749033603.0627668,0.17443905770778656,-1.6592632732787074,1.0284879843341272,1.3675414758869628,-0.8087251822101038,-1.1154263655291956,-0.07348296046257019,0.05724579840898514,-0.05765756219625473,-0.12439794838428497,0.1320200115442276,-0.5457144379615784,-0.3893985450267792,0.046463124454021454,-0.7323816418647766,0.3437546491622925,0.05216169357299805,-0.2770555317401886
1749033603.0628035,0.17424872517585754,-1.6591845951476039,1.028384033833639,1.3672920900532226,-0.8084114233600062,-1.1165064016925257,-0.07424604892730713,0.056783776730298996,-0.057805903255939484,-0.12170936912298203,0.12757353484630585,-0.5425191521644592,-0.39198434352874756,0.07112519443035126,-0.7157449722290039,0.31658780574798584,0.06579136848449707,-0.29998722672462463
1749033603.0628395,0.17411217093467712,-1.6590601406493128,1.0282567183123987,1.3670636850544433,-0.8081324736224573,-1.117577854787008,-0.07624692469835281,0.05766740068793297,-0.05737406760454178,-0.12111865729093552,0.12725715339183807,-0.5397249460220337,-0.37568986415863037,0.06829695403575897,-0.7326170206069946,0.3034491539001465,0.08770869672298431,-0.2993713915348053
1749033603.0628796,0.1739644855260849,-1.6589862308897914,1.0281713644610804,1.3668154913135986,-0.8078997770892542,-1.118647877370016,-0.07492434978485107,0.0577385388314724,-0.05658077821135521,-0.12045414745807648,0.1281578242778778,-0.5367805361747742,-0.38649046421051025,0.039994001388549805,-0.7368178367614746,0.2756291329860687,0.0828123688697815,-0.3238341212272644
1749033603.0629165,0.17382466793060303,-1.65883268932485,1.0280635992633265,1.3665754038044433,-0.8076213041888636,-1.1196969191180628,-0.0741526409983635,0.0572882816195488,-0.05618727207183838,-0.12414006888866425,0.12820078432559967,-0.5373408198356628,-0.36132389307022095,0.028603147715330124,-0.7424180507659912,0.2993748188018799,0.05933558940887451,-0.32954004406929016
1749033603.062953,0.1736549437046051,-1.658729692498678,1.0279157797442835,1.3663338857838134,-0.8073576132403772,-1.1208356062518519,-0.07380883395671844,0.05645930767059326,-0.05591924116015434,-0.1188654750585556,0.1257331222295761,-0.5388773679733276,-0.3957681655883789,0.08241794258356094,-0.742429256439209,0.25186687707901,0.09303665906190872,-0.2750834822654724
1749033603.0629892,0.17352522909641266,-1.658586164514059,1.027780834828512,1.3661085802265625,-0.8070557753192347,-1.1218913237201136,-0.07627261430025101,0.05714834854006767,-0.05526565760374069,-0.11926620453596115,0.12580256164073944,-0.5375366806983948,-0.36424410343170166,0.05462416261434555,-0.749090313911438,0.24051004648208618,0.08088156580924988,-0.2702079117298126
1749033603.0630288,0.17338833212852478,-1.6585437260069789,1.0276644865619105,1.3658529955097656,-0.8069003264056605,-1.1229541937457483,-0.07488123327493668,0.057759568095207214,-0.05475549027323723,-0.12323601543903351,0.1236729770898819,-0.532097339630127,-0.3343033194541931,0.038101665675640106,-0.7674367427825928,0.2640020549297333,0.07332512736320496,-0.3012957274913788
1749033603.0630665,0.1732291579246521,-1.6583816013731898,1.0275915304767054,1.3656248289295654,-0.8065841833697718,-1.1240504423724573,-0.073464535176754,0.05674564093351364,-0.054779183119535446,-0.12293343245983124,0.12398277968168259,-0.529371976852417,-0.3628705143928528,0.05135500803589821,-0.7568881511688232,0.29245761036872864,0.0783100426197052,-0.27142101526260376
1749033603.0631034,0.173096165060997,-1.65824617962026,1.0274956862079065,1.365374966258667,-0.8063204924212855,-1.1250603834735315,-0.07591982185840607,0.055715132504701614,-0.05496444180607796,-0.12018182873725891,0.12557396292686462,-0.5258961915969849,-0.341129869222641,0.06993454694747925,-0.7575374245643616,0.26486390829086304,0.072881780564785,-0.2961571216583252
1749033603.06314,0.17292635142803192,-1.6581689320006312,1.027372185383932,1.3651467996784667,-0.8060815970050257,-1.126091782246725,-0.07290922850370407,0.05655921623110771,-0.05624661594629288,-0.1222035139799118,0.12235502898693085,-0.5212022662162781,-0.34469839930534363,0.04880446195602417,-0.7374003529548645,0.24559803307056427,0.11180378496646881,-0.35960128903388977
1749033603.0636985,0.17278273403644562,-1.6580120525755824,1.0272796789752405,1.3649095731922607,-0.8058832327472132,-1.127188507710592,-0.0736582800745964,0.057134732604026794,-0.053907234221696854,-0.12267839163541794,0.12215238809585571,-0.523543119430542,-0.35691723227500916,0.044685110449790955,-0.7577403783798218,0.253684937953949,0.13724437355995178,-0.32789844274520874
1749033603.0656576,0.17264242470264435,-1.6579376659789027,1.0271332899676722,1.3646649557301025,-0.8056400457965296,-1.1282265822040003,-0.07384496182203293,0.056495167315006256,-0.05409221723675728,-0.12541362643241882,0.12664009630680084,-0.5255672931671143,-0.35382381081581116,0.01304769515991211,-0.7703439593315125,0.2931303083896637,0.0928935632109642,-0.26222020387649536
1749033603.1062841,0.17245593667030334,-1.6578337154784144,1.0270407835589808,1.3644005495258789,-0.8053491751300257,-1.1291888395892542,-0.07294504344463348,0.05549131706357002,-0.0553017221391201,-0.12446746230125427,0.12432007491588593,-0.5210676789283752,-0.3650822341442108,0.07036735862493515,-0.772680938243866,0.30086004734039307,0.10325439274311066,-0.3041277825832367
1749033603.1063309,0.172339528799057,-1.6576906643309535,1.026959244404928,1.3641633230396728,-0.8051064650165003,-1.1302650610553187,-0.07176249474287033,0.05653353035449982,-0.05737617239356041,-0.1252305507659912,0.12465700507164001,-0.5173605680465698,-0.37774407863616943,0.021369121968746185,-0.7272253036499023,0.3192075788974762,0.105434350669384,-0.2974476218223572
1749033603.1063738,0.17218264937400818,-1.6575895748534144,1.0268438498126429,1.3638946253010253,-0.8048532644854944,-1.1313260237323206,-0.07044198364019394,0.05600722134113312,-0.05425424873828888,-0.12367312610149384,0.12465501576662064,-0.5158694386482239,-0.3490009307861328,0.022287435829639435,-0.7585012316703796,0.2946121096611023,0.09927931427955627,-0.2771413028240204
1749033603.1064136,0.17206773161888123,-1.6575185261168421,1.0267236868487757,1.3636383253284912,-0.8045876661883753,-1.1322968641864222,-0.07044079154729843,0.05506891757249832,-0.055311400443315506,-0.12295080721378326,0.12560051679611206,-0.5123382210731506,-0.3578881025314331,0.02432798221707344,-0.7472317218780518,0.3048532009124756,0.09906924515962601,-0.30658572912216187
1749033603.1064525,0.1718657910823822,-1.6573826275267542,1.0265968481646937,1.3634168344685058,-0.8043468634234827,-1.1333358923541468,-0.06959088146686554,0.05691331624984741,-0.0558183491230011,-0.12235543131828308,0.12550130486488342,-0.5128639340400696,-0.37743139266967773,0.03142577037215233,-0.7590904831886292,0.30776095390319824,0.08314148336648941,-0.3129611313343048
1749033603.1064909,0.17173247039318085,-1.6572634182372035,1.0265238920794886,1.3631672102161865,-0.804138485585348,-1.1344049612628382,-0.0705009400844574,0.05390305072069168,-0.056601572781801224,-0.12108568847179413,0.12528102099895477,-0.5113150477409363,-0.3790970742702484,0.06233792006969452,-0.7383540272712708,0.318775475025177,0.08201462775468826,-0.2880440354347229
1749033603.1065288,0.17164014279842377,-1.657170911828512,1.026393238698141,1.3629466730305175,-0.8038209120379847,-1.1354387442218226,-0.07022252678871155,0.05413516238331795,-0.05573076382279396,-0.11972115933895111,0.12415420264005661,-0.5094743967056274,-0.35608625411987305,0.060641735792160034,-0.7468236684799194,0.28989672660827637,0.08322036266326904,-0.2787841260433197
1749033603.1065693,0.17145346105098724,-1.6570035419859828,1.026304070149557,1.3626789289661865,-0.8036077658282679,-1.136423412953512,-0.07043560594320297,0.05465541407465935,-0.055148374289274216,-0.11802518367767334,0.12362835556268692,-0.5046238899230957,-0.3655451536178589,0.05548179894685745,-0.7426837086677551,0.3004850149154663,0.08894769847393036,-0.2793582081794739
1749033603.1066108,0.17132864892482758,-1.656933446923727,1.0261767546283167,1.362450285548828,-0.8034079710589808,-1.1374509970294397,-0.07027485966682434,0.05529700964689255,-0.05445941910147667,-0.1158050149679184,0.12330999225378036,-0.5025691986083984,-0.3841012418270111,0.05263438820838928,-0.7358303070068359,0.28280434012413025,0.08329182863235474,-0.3063020706176758
1749033603.1066492,0.17115053534507751,-1.6568314037718714,1.0260885397540491,1.3622290331074218,-0.8030837217914026,-1.1384809652911585,-0.0697801411151886,0.05332048982381821,-0.05490987002849579,-0.1170579195022583,0.12272349745035172,-0.5018401741981506,-0.357669472694397,0.05214525759220123,-0.7469549179077148,0.2922043204307556,0.10071078687906265,-0.289847731590271
1749033603.1066864,0.17104634642601013,-1.6567226848998011,1.0259998480426233,1.361999436015747,-0.8028476873980921,-1.1395114103900355,-0.07027709484100342,0.054233673959970474,-0.05484328791499138,-0.11484991014003754,0.12525075674057007,-0.5003042221069336,-0.3727078437805176,0.06576336920261383,-0.7158135771751404,0.2894509732723236,0.08932492882013321,-0.3136447072029114
1749033603.1067235,0.17085988819599152,-1.6566149197020472,1.0258844534503382,1.3617381292530517,-0.8026345411883753,-1.1405027548419397,-0.07035355269908905,0.05615296587347984,-0.05464884266257286,-0.11276855319738388,0.12465152144432068,-0.5011499524116516,-0.33060765266418457,0.017589867115020752,-0.7524269223213196,0.267447292804718,0.07234455645084381,-0.2835295796394348
1749033603.1067605,0.170796737074852,-1.6564918957152308,1.02578050294985,1.3615218836018066,-0.8023398558246058,-1.141456429158346,-0.06684092432260513,0.05261297523975372,-0.05448681116104126,-0.11160463094711304,0.12236560881137848,-0.49754446744918823,-0.3997791111469269,0.04804341495037079,-0.7456110715866089,0.2533740699291229,0.0744168758392334,-0.2622278332710266
1749033603.1067972,0.17066887021064758,-1.6564465961852015,1.0256689230548304,1.3613123136707763,-0.8021276632892054,-1.1424644629107874,-0.06751438230276108,0.05219290405511856,-0.054492998868227005,-0.11337769031524658,0.12256868183612823,-0.4958687126636505,-0.41105225682258606,0.06106829643249512,-0.7284345030784607,0.2729533016681671,0.07664492726325989,-0.2559766471385956
1749033603.106834,0.1704644113779068,-1.6563345394530238,1.0255416075335901,1.3611113268085937,-0.801892105733053,-1.143425766621725,-0.0697290375828743,0.052772313356399536,-0.053465425968170166,-0.11082661151885986,0.12498904764652252,-0.4913521707057953,-0.3548482358455658,0.07622505724430084,-0.7477681636810303,0.2770632207393646,0.06861412525177002,-0.28616654872894287
1749033603.106871,0.17030532658100128,-1.6562043629088343,1.0254810492144983,1.3608793455311279,-0.8016331831561487,-1.1444457213031214,-0.06719544529914856,0.05195881426334381,-0.055152732878923416,-0.11024657636880875,0.12161131203174591,-0.4901818633079529,-0.3991709053516388,0.05598237365484238,-0.7387877702713013,0.23101626336574554,0.08689597249031067,-0.30065423250198364
1749033603.1069076,0.1702115386724472,-1.6561695537962855,1.025353733693258,1.360677881831787,-0.8014510313617151,-1.1454313437091272,-0.06881633400917053,0.05399281904101372,-0.053933899849653244,-0.11046066135168076,0.12283013015985489,-0.4908182919025421,-0.39049699902534485,0.03284762054681778,-0.7302713990211487,0.23866233229637146,0.059624895453453064,-0.2827306389808655
1749033603.106944,0.17006781697273254,-1.6560107670226039,1.0252369085894983,1.360426588649414,-0.8011272589312952,-1.14636737505068,-0.06883717328310013,0.05238823965191841,-0.052958469837903976,-0.11197934299707413,0.12273421138525009,-0.4902009069919586,-0.3425499200820923,0.028717558830976486,-0.7423593401908875,0.21755406260490417,0.04667539894580841,-0.2886159121990204
1749033603.106981,0.1699051558971405,-1.6559153995909632,1.0251291433917444,1.360201283092163,-0.8009098211871546,-1.1473043600665491,-0.06825130432844162,0.0509834848344326,-0.05338753014802933,-0.11312758922576904,0.12097011506557465,-0.4899122714996338,-0.34801816940307617,0.0799625962972641,-0.7315650582313538,0.23605769872665405,0.0438363254070282,-0.28345662355422974
1749033603.1070175,0.169799342751503,-1.6557842693724574,1.024994198475973,1.3599650102802734,-0.8006976286517542,-1.1483476797686976,-0.0670512318611145,0.05160944536328316,-0.05405883863568306,-0.11224743723869324,0.11886890977621078,-0.4906857907772064,-0.3628052771091461,0.07690754532814026,-0.726112425327301,0.21770459413528442,0.050463467836380005,-0.2544293701648712
1749033603.1076424,0.16964906454086304,-1.6557237110533656,1.0249298254596155,1.359787865276001,-0.8004582563983362,-1.149287525807516,-0.06653083115816116,0.053316328674554825,-0.05401427298784256,-0.1149202287197113,0.11570869386196136,-0.4881739616394043,-0.3746051788330078,0.05587821081280708,-0.7132262587547302,0.22050891816616058,0.0848083570599556,-0.25424864888191223
1749033603.109641,0.16951000690460205,-1.6555844746031703,1.024790112172262,1.3595079618641357,-0.8002045790301722,-1.150252644215719,-0.06592637300491333,0.0526728518307209,-0.051951173692941666,-0.11653914302587509,0.11415264755487442,-0.4832074046134949,-0.3828893005847931,0.02359878644347191,-0.7370669841766357,0.2475397288799286,0.10222283750772476,-0.27204668521881104
1749033603.1502833,0.16941602528095245,-1.6555005512633265,1.0246871153460901,1.3592671590992431,-0.800000015889303,-1.151222054158346,-0.06420242041349411,0.05004914849996567,-0.05257290601730347,-0.1134260967373848,0.11390359699726105,-0.4780488610267639,-0.39023134112358093,0.08341117203235626,-0.7196529507637024,0.23718418180942535,0.1395556777715683,-0.2944585978984833
1749033603.15033,0.16927731037139893,-1.6554304562010707,1.0246055761920374,1.3590699869343261,-0.7997649351703089,-1.1521127859698694,-0.06672414392232895,0.052356328815221786,-0.052057456225156784,-0.11494621634483337,0.11321181058883667,-0.4753912687301636,-0.38484957814216614,0.04947105422616005,-0.7245913147926331,0.211015522480011,0.11586126685142517,-0.2975029945373535
1749033603.1503716,0.16914217174053192,-1.655269285241598,1.0244906584369105,1.35883276044812,-0.7995527426349085,-1.1531241575824183,-0.06530182808637619,0.05169275403022766,-0.051352500915527344,-0.1184503361582756,0.11737687885761261,-0.47421348094940186,-0.36783915758132935,0.05931082367897034,-0.726091742515564,0.28334367275238037,0.10336598008871078,-0.30965447425842285
1749033603.1504116,0.169014111161232,-1.655220171014303,1.024398152028219,1.3585526186176757,-0.7993252913104456,-1.1540778318988245,-0.06588044762611389,0.051476772874593735,-0.05042831599712372,-0.11671385169029236,0.11623195558786392,-0.475398987531662,-0.38107261061668396,0.04080379009246826,-0.739051342010498,0.28152310848236084,0.08972123265266418,-0.33577510714530945
1749033603.1504498,0.16884781420230865,-1.655100008050436,1.0242870489703577,1.3583282667347412,-0.7991240660296839,-1.1550610701190394,-0.06653068214654922,0.05129502713680267,-0.050415635108947754,-0.11405991017818451,0.11529084295034409,-0.4797849655151367,-0.3860844075679779,0.06824782490730286,-0.748041033744812,0.2807108759880066,0.110220767557621,-0.26510170102119446
1749033603.1504881,0.16875065863132477,-1.6550160847105921,1.0242064634906214,1.3580874639698486,-0.7988279501544397,-1.1559985319720667,-0.06759138405323029,0.05123124271631241,-0.05079181492328644,-0.11433184146881104,0.11635124683380127,-0.4790290594100952,-0.3474007248878479,0.058148182928562164,-0.7548167109489441,0.26815396547317505,0.11818372458219528,-0.2459569275379181
1749033603.1505265,0.16858814656734467,-1.654924055139059,1.0240753332721155,1.3578709799000244,-0.7986176649676722,-1.1568625609027308,-0.06515894085168839,0.05104188621044159,-0.0507144033908844,-0.11214063316583633,0.12068276107311249,-0.47387027740478516,-0.39338794350624084,0.04790053889155388,-0.7342351675033569,0.3000186085700989,0.051161445677280426,-0.2973109483718872
1749033603.1505692,0.16844797134399414,-1.654781003991598,1.023987118397848,1.357649489040039,-0.7983639875995081,-1.1577780882464808,-0.0661582350730896,0.0522577278316021,-0.05081939697265625,-0.10950572043657303,0.11731001734733582,-0.4705014228820801,-0.36527904868125916,0.05752413347363472,-0.7478045225143433,0.2616296112537384,0.06268425285816193,-0.2965743839740753
1749033603.150608,0.16834233701229095,-1.6546970806517542,1.0238755385028284,1.3574365812489013,-0.7980931440936487,-1.158771816884176,-0.06645333021879196,0.04992552474141121,-0.05097608640789986,-0.10727355629205704,0.11636367440223694,-0.4696207642555237,-0.35558852553367615,0.04745872691273689,-0.7412141561508179,0.2729119658470154,0.09175869077444077,-0.30874791741371155
1749033603.150646,0.16818511486053467,-1.6545893154540003,1.023783032094137,1.357231541270874,-0.7978690306292933,-1.15967303911318,-0.06533219665288925,0.04931747913360596,-0.05062061548233032,-0.10504594445228577,0.11555014550685883,-0.4663814902305603,-0.36806294322013855,0.07397966831922531,-0.7210566401481628,0.27833321690559387,0.08391214162111282,-0.2970196604728699
1749033603.1506836,0.1680345982313156,-1.6544696293272914,1.0236838499652308,1.357006235713623,-0.7976835409747522,-1.160600487385885,-0.06496059149503708,0.05007179081439972,-0.05051653832197189,-0.10482961684465408,0.11395101249217987,-0.4638620615005493,-0.3701328933238983,0.04619788005948067,-0.732521116733551,0.24367600679397583,0.08230994641780853,-0.3689919412136078
1749033603.1507213,0.16797186434268951,-1.6544138393797816,1.0236108938800257,1.3568188387104492,-0.7974370161639612,-1.1615622679339808,-0.06512140482664108,0.049467265605926514,-0.05054449290037155,-0.10321535170078278,0.11386087536811829,-0.4699815809726715,-0.3672245144844055,0.07280513644218445,-0.7367695569992065,0.23244574666023254,0.10494840890169144,-0.3146909177303314
1749033603.1507585,0.1677974909543991,-1.6543175182738246,1.0234678427325647,1.356586142177246,-0.7971933523761194,-1.162469212208883,-0.06552985310554504,0.049964163452386856,-0.05010494217276573,-0.10488298535346985,0.11241777241230011,-0.4712545573711395,-0.353470116853714,0.07724467664957047,-0.7382718324661255,0.22162429988384247,0.0961102619767189,-0.25823286175727844
1749033603.1507952,0.1677974909543991,-1.6543175182738246,1.0234678427325647,1.356586142177246,-0.7971933523761194,-1.162469212208883,-0.06552985310554504,0.049964163452386856,-0.05010494217276573,-0.10488298535346985,0.11241777241230011,-0.4712545573711395,-0.353470116853714,0.07724467664957047,-0.7382718324661255,0.22162429988384247,0.0961102619767189,-0.25823286175727844
1749033603.1508327,0.16764701902866364,-1.6542254887022914,1.0234153906451624,1.3564128118702392,-0.7969868818866175,-1.1634185949908655,-0.06555044651031494,0.05062074959278107,-0.050792962312698364,-0.1056918129324913,0.1111309677362442,-0.4675377309322357,-0.3463369309902191,0.06540597975254059,-0.7267314791679382,0.22951261699199677,0.10622154921293259,-0.25929713249206543
1749033603.1508698,0.16740648448467255,-1.6539942226805628,1.0231841246234339,1.3559762674519042,-0.7965243498431605,-1.165276829396383,-0.06381189078092575,0.050011180341243744,-0.04925459623336792,-0.10663135349750519,0.10798652470111847,-0.4595264494419098,-0.34541794657707214,0.059933140873909,-0.7123427987098694,0.2393837422132492,0.11546039581298828,-0.2818290591239929
1749033603.1509068,0.16727173328399658,-1.6539012394347132,1.0230796972857874,1.3557674127766113,-0.7963312307940882,-1.1661518255816858,-0.0625607892870903,0.050061725080013275,-0.04864629730582237,-0.10592196881771088,0.10767383128404617,-0.455430805683136,-0.359513521194458,0.030056476593017578,-0.7250657677650452,0.20542706549167633,0.12607723474502563,-0.2680515944957733
1749033603.1509438,0.16716744005680084,-1.6537863216795863,1.0229995886432093,1.355539007777832,-0.7961352507220667,-1.167091194783346,-0.062234874814748764,0.05045153945684433,-0.04873272776603699,-0.105286605656147,0.1077209860086441,-0.4529412090778351,-0.3567374050617218,0.03717902675271034,-0.7282878160476685,0.21428397297859192,0.14066846668720245,-0.30505549907684326
1749033603.1509802,0.1670445203781128,-1.653675218621725,1.0229118506061,1.3553220468708496,-0.7959240118609827,-1.1679933706866663,-0.06177540495991707,0.049848996102809906,-0.05037310719490051,-0.11018975079059601,0.11315940320491791,-0.4547814130783081,-0.37363407015800476,0.0328940711915493,-0.7096661925315857,0.23392541706562042,0.13003423810005188,-0.3550119698047638
1749033603.1510167,0.16696275770664215,-1.6536017856993617,1.0228007475482386,1.3550936418720703,-0.7956932226764124,-1.1689303557025355,-0.061978064477443695,0.050076909363269806,-0.04841984808444977,-0.10871903598308563,0.11168128997087479,-0.4595799148082733,-0.37868592143058777,0.0367116779088974,-0.7112154960632324,0.27087897062301636,0.11033271998167038,-0.24098919332027435
1749033603.1516461,0.16673150658607483,-1.6534558735289515,1.0227115789996546,1.3548449712940673,-0.795534912739889,-1.169828240071432,-0.06190145015716553,0.048306625336408615,-0.04635857418179512,-0.10769620537757874,0.11226155608892441,-0.4531073272228241,-0.3286590576171875,-0.023272402584552765,-0.726529598236084,0.27749598026275635,0.1030796617269516,-0.1670948714017868
1749033603.1536937,0.16666531562805176,-1.65336336712026,1.0226433912860315,1.3546795088001709,-0.7952230612384241,-1.1707418600665491,-0.057587698101997375,0.04792849346995354,-0.046754006296396255,-0.10547792911529541,0.1113276556134224,-0.4407682418823242,-0.389057993888855,-0.0016510337591171265,-0.7337442636489868,0.28843480348587036,0.07725423574447632,-0.22371378540992737
1749033603.194276,0.16653704643249512,-1.6532756290831507,1.0225089232074183,1.3544470506855468,-0.795016113911764,-1.171532932912008,-0.05854839086532593,0.046911031007766724,-0.04709232598543167,-0.10746005177497864,0.11338893324136734,-0.4332112967967987,-0.37562063336372375,-0.01597055047750473,-0.7317339181900024,0.31961700320243835,0.05495133996009827,-0.2565878927707672
1749033603.194322,0.16638313233852386,-1.6531716785826625,1.0224478880511683,1.3542260366627197,-0.7947920004474085,-1.172459904347555,-0.061122648417949677,0.04471203684806824,-0.046410512179136276,-0.1037839949131012,0.10880985110998154,-0.4282323122024536,-0.39390742778778076,0.09397482872009277,-0.7343300580978394,0.2646859288215637,0.10295645892620087,-0.3372074365615845
1749033603.1943643,0.1663099080324173,-1.653086324731344,1.0223520437823694,1.3540770250507812,-0.7946146170245569,-1.173291031514303,-0.06053260713815689,0.04754844680428505,-0.04600943252444267,-0.10077980905771255,0.11010804772377014,-0.428608238697052,-0.3756742477416992,0.05989352986216545,-0.737017035484314,0.2757449448108673,0.11729076504707336,-0.3351609706878662
1749033603.194404,0.16616776585578918,-1.6530267200865687,1.0222800413714808,1.35384909688916,-0.7943828741656702,-1.1742032209979456,-0.061627935618162155,0.04942996799945831,-0.04566233232617378,-0.10054352879524231,0.11151011288166046,-0.432684987783432,-0.38189107179641724,0.042449019849300385,-0.740769624710083,0.27837327122688293,0.09183989465236664,-0.3468373715877533
1749033603.1944416,0.16602808237075806,-1.6529065571227015,1.0221684614764612,1.353656454677246,-0.7941988150226038,-1.1750143210040491,-0.06295441091060638,0.051376454532146454,-0.045724961906671524,-0.09926742315292358,0.11171161383390427,-0.4389677047729492,-0.3416147828102112,0.011434882879257202,-0.7292096614837646,0.23490479588508606,0.07818576693534851,-0.3223079741001129
1749033603.19448,0.16588109731674194,-1.6528145275511683,1.0220845381366175,1.3534290033527832,-0.7939589659320276,-1.1759617964373987,-0.06265723705291748,0.04988852143287659,-0.045181285589933395,-0.0991971492767334,0.1107100397348404,-0.44156745076179504,-0.3328520953655243,0.010428130626678467,-0.7406939268112183,0.24660761654376984,0.09821587800979614,-0.25262635946273804
1749033603.194534,0.16581976413726807,-1.6526924572386683,1.0220044294940394,1.353243036861084,-0.7937715689288538,-1.1768282095538538,-0.06047673895955086,0.046044282615184784,-0.04660387337207794,-0.09830284118652344,0.10799117386341095,-0.43868619203567505,-0.33820784091949463,0.03707630932331085,-0.7300583720207214,0.23531387746334076,0.09926749765872955,-0.21896672248840332
1749033603.1945908,0.16564194858074188,-1.6526619396605433,1.0219123999225062,1.353069706554077,-0.7934935728656214,-1.1776750723468226,-0.06000269204378128,0.046169452369213104,-0.04683331400156021,-0.09874693304300308,0.10601823776960373,-0.4343037009239197,-0.3437022864818573,0.0051942989230155945,-0.7332804203033447,0.23213154077529907,0.10933806002140045,-0.26215752959251404
1749033603.1946309,0.16550715267658234,-1.6525780163206996,1.021808926259176,1.3528615671345214,-0.7933591047870081,-1.1785319487201136,-0.058648545295000076,0.04511681944131851,-0.04682442545890808,-0.09942616522312164,0.10523233562707901,-0.43280890583992004,-0.3609609007835388,0.02422875165939331,-0.7558512091636658,0.2323276251554489,0.10198485851287842,-0.2747737467288971
1749033603.194669,0.16546432673931122,-1.652447362939352,1.021705452595846,1.3526732164570312,-0.7930434385882776,-1.179420296345846,-0.058109648525714874,0.04455376788973808,-0.046687278896570206,-0.10359690338373184,0.10401478409767151,-0.4297354817390442,-0.37547945976257324,0.0392208993434906,-0.741387128829956,0.2554202377796173,0.1108580157160759,-0.27579250931739807
1749033603.1947067,0.1653071492910385,-1.6523829899229945,1.021644417439596,1.3524336057850341,-0.7928860823260706,-1.1802929083453577,-0.05863814800977707,0.04537332057952881,-0.04603608697652817,-0.10440897196531296,0.10506392270326614,-0.4240667223930359,-0.3932362496852875,0.027746733278036118,-0.7378160953521729,0.25894320011138916,0.12904080748558044,-0.28505662083625793
1749033603.1947434,0.1651996672153473,-1.65228333095693,1.0215643087970179,1.3522321420856933,-0.7927048842059534,-1.1811535994159144,-0.059467580169439316,0.04543977603316307,-0.04541182890534401,-0.10177171975374222,0.10738955438137054,-0.4233506917953491,-0.3887430727481842,0.007474519312381744,-0.7375282049179077,0.28935039043426514,0.08260493725538254,-0.2997651696205139
1749033603.1947904,0.16506461799144745,-1.6521874866881312,1.0214803854571741,1.3520123201557617,-0.792455021535055,-1.181981388722555,-0.059203531593084335,0.04573556035757065,-0.046410053968429565,-0.10225526243448257,0.10361932218074799,-0.4255630671977997,-0.3833242654800415,0.009415524080395699,-0.7512037754058838,0.2801971435546875,0.12143722176551819,-0.28545284271240234
1749033603.19483,0.16498637199401855,-1.652107378045553,1.0213773886310022,1.3518304067799072,-0.7922480742083948,-1.1828239599811,-0.06126021966338158,0.04485858231782913,-0.046212393790483475,-0.10226853936910629,0.10328944027423859,-0.4288710653781891,-0.3404988646507263,0.03464586287736893,-0.7349963188171387,0.27568483352661133,0.1196698546409607,-0.2713397443294525
1749033603.1948674,0.16483232378959656,-1.6519957981505335,1.0212810675250452,1.3516260820576171,-0.7920873800860804,-1.1837042013751429,-0.05832943692803383,0.044917989522218704,-0.04404149577021599,-0.10437280684709549,0.10500167310237885,-0.427473247051239,-0.35922539234161377,0.02865660935640335,-0.7653290629386902,0.3050547242164612,0.10353425145149231,-0.21116873621940613
1749033603.1949048,0.16473649442195892,-1.651896139184469,1.021193806325094,1.3514243799396972,-0.7918947378741663,-1.1845720450030726,-0.05833062902092934,0.04542933776974678,-0.04456961527466774,-0.09759499132633209,0.10698539763689041,-0.42316243052482605,-0.3849956691265106,0.008320547640323639,-0.7634596824645996,0.2863610088825226,0.0777093768119812,-0.22288590669631958
1749033603.1949418,0.1646086424589157,-1.6517969570555628,1.0211012999164026,1.3512317377277832,-0.791668717061178,-1.185408894215719,-0.05925024673342705,0.04339601472020149,-0.04535051807761192,-0.09603115171194077,0.10421132296323776,-0.419512540102005,-0.36686334013938904,0.005544848740100861,-0.7503692507743835,0.27742302417755127,0.09630274027585983,-0.27281564474105835
1749033603.1949782,0.1644703447818756,-1.6517859898009242,1.0209935347186487,1.3510283666798095,-0.7914407888995569,-1.1861799399005335,-0.058373115956783295,0.04216019809246063,-0.04680078476667404,-0.09618090838193893,0.10463947057723999,-0.4168497323989868,-0.35003650188446045,0.06267382949590683,-0.7251667380332947,0.27264660596847534,0.0927136093378067,-0.2677645981311798
1749033603.1950154,0.16434364020824432,-1.6516205273070277,1.0209253470050257,1.350827379817627,-0.7912481466876429,-1.1869924704181116,-0.05534917116165161,0.04352087900042534,-0.04512142390012741,-0.095406174659729,0.10445834696292877,-0.4129757583141327,-0.3984825015068054,0.044885315001010895,-0.7336902618408203,0.26735568046569824,0.09065514802932739,-0.26569047570228577
1749033603.1950524,0.16419316828250885,-1.6515571079649867,1.0208295027362269,1.3506664472767334,-0.7910025755511683,-1.1878636519061487,-0.05666977912187576,0.04312771186232567,-0.043331898748874664,-0.09503234922885895,0.103877492249012,-0.41185274720191956,-0.37365567684173584,0.045566052198410034,-0.7666743993759155,0.26555177569389343,0.09829731285572052,-0.29077744483947754
1749033603.195658,0.16414223611354828,-1.6514612636961878,1.0207298437701624,1.3504854875751953,-0.7907665411578577,-1.1886523405658167,-0.05663071945309639,0.04494178295135498,-0.04430943727493286,-0.0943869799375534,0.10278014093637466,-0.413310706615448,-0.37127718329429626,0.004712790250778198,-0.7472855448722839,0.26358163356781006,0.0880603939294815,-0.3075980246067047
1749033603.197658,0.16401605308055878,-1.6513892612852992,1.0206339995013636,1.3503166872211914,-0.7906091848956507,-1.189535919819967,-0.05687383934855461,0.04262255132198334,-0.04509285092353821,-0.09298263490200043,0.10115062445402145,-0.4147983491420746,-0.3612574338912964,0.04970811307430267,-0.7501510977745056,0.23739728331565857,0.09819169342517853,-0.2763589024543762
1749033603.238271,0.16389970481395721,-1.6513592205443324,1.020561997090475,1.3501018720814209,-0.7904008070575159,-1.1903346220599573,-0.056805044412612915,0.04220574349164963,-0.044149305671453476,-0.09211768954992294,0.09997502714395523,-0.4146132469177246,-0.3813372254371643,0.06387705355882645,-0.7441481947898865,0.24038268625736237,0.09088493138551712,-0.27167925238609314
1749033603.2383173,0.16377995908260345,-1.6511866054930628,1.0204780737506312,1.3499125677296142,-0.7901948134051722,-1.1911466757403772,-0.0572318360209465,0.04439149051904678,-0.04314253479242325,-0.09182563424110413,0.09887140244245529,-0.4105489253997803,-0.38231611251831055,0.01804545521736145,-0.7720093131065369,0.2286943793296814,0.08467136323451996,-0.2656059265136719
1749033603.2383583,0.16368073225021362,-1.6511413059630335,1.0203784147845667,1.349759503001831,-0.7899687925921839,-1.1919048468219202,-0.057700857520103455,0.04386310651898384,-0.04404133930802345,-0.09394902735948563,0.09725546836853027,-0.4073299467563629,-0.36238718032836914,0.024876505136489868,-0.771344780921936,0.2326381653547287,0.09980263561010361,-0.2970311939716339
1749033603.2383978,0.163552924990654,-1.6510917148985804,1.0202978293048304,1.3495475488850097,-0.7898309866534632,-1.1927531401263636,-0.05689530819654465,0.04341932758688927,-0.04401668161153793,-0.09532453864812851,0.09646162390708923,-0.4046921730041504,-0.3647710084915161,0.031222902238368988,-0.7512342929840088,0.25164687633514404,0.10591977834701538,-0.2964712083339691
1749033603.2384367,0.16346894204616547,-1.6509877643980921,1.0202139059649866,1.3493458467670898,-0.7896016279803675,-1.1935785452472132,-0.05643637850880623,0.043109893798828125,-0.04356842860579491,-0.0964464619755745,0.09542729705572128,-0.4024926424026489,-0.36299535632133484,0.016684342175722122,-0.7565934062004089,0.25309473276138306,0.131069153547287,-0.27078136801719666
1749033603.2384748,0.1633411943912506,-1.6508685551085414,1.0201228300677698,1.3491696554371337,-0.7894218603717249,-1.1943743864642542,-0.056224893778562546,0.043548401445150375,-0.04371757432818413,-0.09757182002067566,0.09516265243291855,-0.4018944799900055,-0.37693727016448975,0.0015117377042770386,-0.7638134360313416,0.25405019521713257,0.11409550905227661,-0.2768939137458801
1749033603.2385123,0.16324202716350555,-1.6507774792113246,1.0200465361224573,1.348961516017578,-0.7892616430865687,-1.1951797644244593,-0.05532575398683548,0.044313278049230576,-0.043558914214372635,-0.09880878776311874,0.09521827846765518,-0.4023062586784363,-0.3800184428691864,0.022612260654568672,-0.7550920248031616,0.3023570775985718,0.14681391417980194,-0.28510335087776184
1749033603.2385495,0.1631464958190918,-1.6507131061949671,1.0199511686908167,1.34878055631604,-0.7890732924090784,-1.195967976246969,-0.055451538413763046,0.04209529608488083,-0.04326530545949936,-0.09789416193962097,0.09947636723518372,-0.40154778957366943,-0.3915248513221741,0.01361158862709999,-0.7494891881942749,0.28893065452575684,0.12868909537792206,-0.29335761070251465
1749033603.238587,0.16304947435855865,-1.6506020031371058,1.0198982397662562,1.3485759931751709,-0.7888625303851526,-1.1967385450946253,-0.0551653653383255,0.04250131919980049,-0.04299021139740944,-0.09921878576278687,0.1017211526632309,-0.4005611836910248,-0.38909873366355896,0.018964091315865517,-0.7604837417602539,0.3030083179473877,0.09358534216880798,-0.24732127785682678
1749033603.238624,0.16294506192207336,-1.6505381069579066,1.0198023954974573,1.3483988481708984,-0.7886589209185999,-1.1975286642657679,-0.05492279678583145,0.04239225387573242,-0.043094947934150696,-0.09703028202056885,0.09869489818811417,-0.39879101514816284,-0.39523231983184814,0.03078460693359375,-0.7612752318382263,0.319481760263443,0.11267828941345215,-0.2273821085691452
1749033603.2386613,0.1628425568342209,-1.6504651508727015,1.0197141806231897,1.3482069212147216,-0.7884329001056116,-1.1983559767352503,-0.05631713941693306,0.04192280396819115,-0.04319784790277481,-0.09238699078559875,0.09849569946527481,-0.3954639136791229,-0.4120951294898987,0.020859897136688232,-0.7407951354980469,0.2910221219062805,0.09201990067958832,-0.260757178068161
1749033603.2386982,0.16266615688800812,-1.6503120861449183,1.0196154753314417,1.348034306163452,-0.7882979551898401,-1.199120823537008,-0.05771687999367714,0.041434094309806824,-0.04341559857130051,-0.09186369180679321,0.09912645816802979,-0.39250531792640686,-0.35017770528793335,0.026843488216400146,-0.7535315752029419,0.26761651039123535,0.08464263379573822,-0.28317487239837646
1749033603.2387354,0.1625603884458542,-1.650297304193014,1.0195348898517054,1.3478535848804931,-0.7880895773517054,-1.1999061743365687,-0.05457799881696701,0.04086877778172493,-0.04277970641851425,-0.09192757308483124,0.1011703684926033,-0.3913891911506653,-0.388388454914093,0.013303756713867188,-0.7323976159095764,0.2687583565711975,0.06759728491306305,-0.27504247426986694
1749033603.2387714,0.16245634853839874,-1.6502372227110804,1.0194385687457483,1.347649021739624,-0.7879064718829554,-1.2007225195514124,-0.05541421100497246,0.04010253772139549,-0.042815882712602615,-0.0938326045870781,0.09803316742181778,-0.3889419138431549,-0.3624333143234253,0.024680987000465393,-0.7544044852256775,0.2832835912704468,0.06262660026550293,-0.2699732482433319
1749033603.238808,0.1623537838459015,-1.6501347027220667,1.0193198362933558,1.3474880891987304,-0.7876575628863733,-1.2014887968646448,-0.057458218187093735,0.04082220792770386,-0.042003318667411804,-0.09050267189741135,0.09630651026964188,-0.38680341839790344,-0.38345223665237427,0.05402934551239014,-0.7277483344078064,0.2926996946334839,0.0856240838766098,-0.28009065985679626
1749033603.2388449,0.16222913563251495,-1.6500541172423304,1.019252125416891,1.3473192888447265,-0.7874921003924769,-1.20225698152651,-0.05673743784427643,0.04146794602274895,-0.041739802807569504,-0.08946666121482849,0.09635794162750244,-0.38602811098098755,-0.3471998870372772,0.008881643414497375,-0.7686114311218262,0.25590038299560547,0.08010932803153992,-0.28526538610458374
1749033603.238882,0.16215595602989197,-1.6499821148314417,1.019186798726217,1.3471156793781738,-0.787323300038473,-1.2030342260943812,-0.054057132452726364,0.04092643782496452,-0.042779356241226196,-0.08941303193569183,0.09504859894514084,-0.3842248320579529,-0.38377657532691956,0.01905374974012375,-0.7239935994148254,0.2610008418560028,0.08407390117645264,-0.24472466111183167
1749033603.2389193,0.16204635798931122,-1.6499210796751917,1.0191033522235315,1.3469545084187011,-0.7871177832232874,-1.2037799994098108,-0.055593617260456085,0.04100918397307396,-0.04171249270439148,-0.08868654072284698,0.09259060770273209,-0.38142937421798706,-0.3590579926967621,0.010108120739459991,-0.7230278849601746,0.28023722767829895,0.0909494012594223,-0.2173648178577423
1749033603.2389565,0.16191823780536652,-1.6497918568053187,1.0190194288836878,1.3468050199696044,-0.7869070211993616,-1.2045639196978968,-0.054205507040023804,0.03978949412703514,-0.0393901988863945,-0.08846709132194519,0.0907648578286171,-0.3791573643684387,-0.3503645062446594,0.015138320624828339,-0.7556909918785095,0.28694260120391846,0.09819337725639343,-0.24706120789051056
1749033603.2389944,0.1617988646030426,-1.6497065029540003,1.0189440886126917,1.3466293054768066,-0.7867615858661097,-1.2052930037127894,-0.053709596395492554,0.04023946449160576,-0.040464844554662704,-0.0885171964764595,0.08996423333883286,-0.37621206045150757,-0.3586984872817993,0.011038336902856827,-0.7432176470756531,0.24610930681228638,0.1135348379611969,-0.26910609006881714
1749033603.2396579,0.16174598038196564,-1.6496621570982875,1.018860165272848,1.3464647966572265,-0.7865670363055628,-1.2060149351703089,-0.053072165697813034,0.039705242961645126,-0.04053432494401932,-0.0884254202246666,0.09076765924692154,-0.3736928403377533,-0.36214548349380493,0.03252067044377327,-0.7418086528778076,0.2683829963207245,0.12672963738441467,-0.27092334628105164
1749033603.241634,0.16163118183612823,-1.6495548687376917,1.0187881628619593,1.3462487894245605,-0.7863801161395472,-1.2067716757403772,-0.052182916551828384,0.03972471505403519,-0.041366737335920334,-0.08919984102249146,0.09135914593935013,-0.3758741319179535,-0.38199204206466675,0.006648521404713392,-0.7477471232414246,0.2661527395248413,0.1132335215806961,-0.25550591945648193
1749033603.2862954,0.1615271419286728,-1.649478097955221,1.018719498311178,1.3461195665546875,-0.7862108389483851,-1.207512680684225,-0.051442623138427734,0.039887744933366776,-0.04211096093058586,-0.08975213021039963,0.09005521237850189,-0.3731176257133484,-0.3832933306694031,0.015911374241113663,-0.7093008160591125,0.27714449167251587,0.12413282692432404,-0.2654133439064026
1749033603.2863421,0.16137346625328064,-1.649363180200094,1.0186236540423792,1.3458804327198486,-0.7860038916217249,-1.208292309437887,-0.052378032356500626,0.03869530186057091,-0.03908240422606468,-0.08933261781930923,0.09274250268936157,-0.37219327688217163,-0.372271865606308,0.0282110795378685,-0.7283579111099243,0.26289916038513184,0.09687023609876633,-0.24893666803836823
1749033603.286383,0.16132406890392303,-1.6492916546263636,1.018536392842428,1.3457702833363037,-0.7858517805682581,-1.208987061177389,-0.052598074078559875,0.04086147993803024,-0.03887483477592468,-0.08991516381502151,0.09161059558391571,-0.3715311884880066,-0.36384397745132446,0.01435466855764389,-0.7682225108146667,0.280271053314209,0.0983315035700798,-0.28000855445861816
1749033603.2864223,0.16119734942913055,-1.6492458782591761,1.0184524695025843,1.3455633360096435,-0.7856910864459437,-1.2097371260272425,-0.05263761430978775,0.040499910712242126,-0.040232233703136444,-0.09197136014699936,0.08874734491109848,-0.3734288215637207,-0.350714772939682,-0.0207199826836586,-0.7416909337043762,0.30482733249664307,0.11375308036804199,-0.246229350566864
1749033603.2864604,0.1611035168170929,-1.6491357288756312,1.0183680693255823,1.345386191005371,-0.7854765097247522,-1.2104681173907679,-0.05171177536249161,0.036554981023073196,-0.0403115376830101,-0.0888403132557869,0.08904348313808441,-0.3717917501926422,-0.3641013503074646,0.017839960753917694,-0.723268985748291,0.293077677488327,0.12283191829919815,-0.19907322525978088
1749033603.2864983,0.16098932921886444,-1.6490398846068324,1.018292252217428,1.3452250200458984,-0.7853201071368616,-1.2112277189837855,-0.05104408785700798,0.03715620934963226,-0.03984956070780754,-0.08749420195817947,0.09086208790540695,-0.36868879199028015,-0.359699010848999,0.047743260860443115,-0.7122336626052856,0.2891605794429779,0.08846329152584076,-0.20493733882904053
1749033603.286536,0.16088180243968964,-1.6490031681456507,1.0182197729693812,1.3450369077869873,-0.785140339528219,-1.2119572798358362,-0.0520009808242321,0.03791613131761551,-0.03895048052072525,-0.08705365657806396,0.09176506102085114,-0.36022117733955383,-0.3766516447067261,0.039094991981983185,-0.7248792052268982,0.2956717014312744,0.06978261470794678,-0.238946795463562
1749033603.2865734,0.16075657308101654,-1.6489235363402308,1.0181368033038538,1.3448564249226074,-0.7849376837359827,-1.212592903767721,-0.05122782289981842,0.03795379772782326,-0.038690462708473206,-0.08831452578306198,0.08968992531299591,-0.3565049171447754,-0.3486866354942322,-0.007117830216884613,-0.7288399934768677,0.3062117099761963,0.08140155673027039,-0.2544507682323456
1749033603.2866104,0.1606900542974472,-1.6488048038878382,1.0180719534503382,1.3447071748920898,-0.7847426573382776,-1.2133567968951624,-0.049945008009672165,0.03920986130833626,-0.03848901763558388,-0.08862946182489395,0.0874081626534462,-0.3550553619861603,-0.3640362322330475,-0.006272114813327789,-0.7226366400718689,0.3254786729812622,0.09246719628572464,-0.27128392457962036
1749033603.2866478,0.16062206029891968,-1.648771425286764,1.017972771321432,1.3445345598408203,-0.7846062819110315,-1.2140463034259241,-0.05026337504386902,0.03916546329855919,-0.0382271334528923,-0.08449918776750565,0.08801240473985672,-0.35551223158836365,-0.38572654128074646,-0.0012862980365753174,-0.720956027507782,0.31369051337242126,0.07190296053886414,-0.26084765791893005
1749033603.2866848,0.16048692166805267,-1.6486994228758753,1.0179322401629847,1.344357653255127,-0.7843955198871058,-1.214743439351217,-0.049988143146038055,0.03626594319939613,-0.03797622397542,-0.0836297869682312,0.08892378211021423,-0.35424676537513733,-0.38879290223121643,0.02741391956806183,-0.7404549717903137,0.2894943356513977,0.0739099383354187,-0.24200303852558136
1749033603.2867217,0.16042211651802063,-1.6486083469786585,1.0178292433368128,1.3441826540180664,-0.7842276732074183,-1.2154725233661097,-0.05208980292081833,0.03775419667363167,-0.037880029529333115,-0.08399292826652527,0.08756503462791443,-0.35123541951179504,-0.31172487139701843,0.027709566056728363,-0.7311547994613647,0.29887521266937256,0.0656585693359375,-0.26926976442337036
1749033603.2867591,0.16028355062007904,-1.6485544643797816,1.0177572409259241,1.3440484243580322,-0.7841103712665003,-1.2161653677569788,-0.048204317688941956,0.03837162256240845,-0.03701033070683479,-0.08265259116888046,0.08611305803060532,-0.3530764877796173,-0.3750050961971283,-0.020448140799999237,-0.7152311205863953,0.31436190009117126,0.08342082798480988,-0.2856959402561188
1749033603.2867963,0.16022394597530365,-1.6484447918333949,1.0176804701434534,1.3438607889362792,-0.7839391867267054,-1.2169016043292444,-0.048506226390600204,0.03693479672074318,-0.03679751232266426,-0.08282506465911865,0.08569464087486267,-0.3549171984195709,-0.40429896116256714,-0.010996632277965546,-0.7289610505104065,0.3031596839427948,0.07847478240728378,-0.2178247570991516
1749033603.2868328,0.16009728610515594,-1.648372312585348,1.017620865498678,1.343707724208496,-0.7837351004229944,-1.2176159063922327,-0.049713440239429474,0.036403901875019073,-0.036503467708826065,-0.08106143772602081,0.08484596014022827,-0.3526386320590973,-0.37954145669937134,-0.01757604256272316,-0.7417084574699402,0.31364020705223083,0.08686944842338562,-0.19633983075618744
1749033603.28687,0.15998132526874542,-1.64831604580068,1.0175135771380823,1.343554897899292,-0.7835491339312952,-1.218290154133932,-0.04948854818940163,0.03565356880426407,-0.036590103060007095,-0.07981805503368378,0.08508020639419556,-0.34692201018333435,-0.3833935260772705,0.012201890349388123,-0.728585422039032,0.294005811214447,0.09366245567798615,-0.20250338315963745
1749033603.2869077,0.1598699539899826,-1.6482707462706507,1.0174573103534144,1.3433911043354492,-0.7834003607379358,-1.2189481894122522,-0.04883849248290062,0.03569179028272629,-0.035596586763858795,-0.0791025385260582,0.08396389335393906,-0.3398987054824829,-0.3677736520767212,0.009109379723668098,-0.7265584468841553,0.28881338238716125,0.08482053875923157,-0.2618284821510315
1749033603.2869446,0.15982089936733246,-1.6481791935362757,1.0174043814288538,1.3431991773792724,-0.783248249684469,-1.2196195761310022,-0.04895511642098427,0.03585401177406311,-0.03573540970683098,-0.07837820053100586,0.08295342326164246,-0.3350602984428406,-0.3653140664100647,-0.006501427385956049,-0.7399846315383911,0.2836783230304718,0.09415780007839203,-0.2680901288986206
1749033603.286984,0.15969416499137878,-1.6480728588499964,1.0173328558551233,1.3430577951618652,-0.7830732504474085,-1.220273796712057,-0.049038056284189224,0.03562799468636513,-0.03651425242424011,-0.0783618614077568,0.08278264850378036,-0.33574092388153076,-0.3693053126335144,0.011076154187321663,-0.7220646142959595,0.2993590235710144,0.0933951810002327,-0.28842633962631226
1749033603.2870207,0.15960554778575897,-1.6480089626707972,1.0172417799579065,1.3428823190876464,-0.7829058806048792,-1.2209556738482874,-0.04874783381819725,0.03546682000160217,-0.035065971314907074,-0.07763893902301788,0.0826859399676323,-0.3367801010608673,-0.3619992136955261,-0.0005335472524166107,-0.7276021838188171,0.29999738931655884,0.08574214577674866,-0.2529700696468353
1749033603.287058,0.15953421592712402,-1.6479560337462367,1.0172126928912562,1.3427485662647705,-0.7827180067645472,-1.2216561476336878,-0.04698532447218895,0.035214729607105255,-0.033901531249284744,-0.07881420850753784,0.0829210951924324,-0.33231833577156067,-0.3685036301612854,-0.008029114454984665,-0.7526500225067139,0.33507025241851807,0.10044094175100327,-0.27703267335891724
1749033603.287095,0.1594025194644928,-1.647853513757223,1.0171249548541468,1.3425611692615966,-0.782543961201803,-1.222278896962301,-0.0467347726225853,0.034282881766557693,-0.03466484695672989,-0.0789397582411766,0.08262050896883011,-0.3293728828430176,-0.3819713890552521,-0.018123388290405273,-0.7418599724769592,0.30583086609840393,0.09430255740880966,-0.2991434931755066
1749033603.2876449,0.15931186079978943,-1.6478163204588832,1.0170772711383265,1.3424007135578613,-0.7824114004718226,-1.2229049841510218,-0.046464502811431885,0.03338836133480072,-0.03494586423039436,-0.07819969207048416,0.08256395161151886,-0.33251455426216125,-0.37665289640426636,0.017729006707668304,-0.732912540435791,0.3379019498825073,0.0627555251121521,-0.30342018604278564
1749033603.2896528,0.15919873118400574,-1.6477562389769496,1.0169933477984827,1.3422598081776123,-0.7822197119342249,-1.223593537007467,-0.04533052444458008,0.03471269831061363,-0.03530381619930267,-0.07732687890529633,0.08148606866598129,-0.33575141429901123,-0.3751303553581238,0.023339033126831055,-0.7456775307655334,0.3237728476524353,0.08039530366659164,-0.25480490922927856
1749033603.330289,0.15913227200508118,-1.6476732693114222,1.016928497944967,1.342099590892456,-0.7820642630206507,-1.2242563406573694,-0.04551251232624054,0.03490346670150757,-0.03609620779752731,-0.07601653784513474,0.08322887867689133,-0.33611637353897095,-0.41058260202407837,-0.008266277611255646,-0.7184820175170898,0.3090459704399109,0.06826610118150711,-0.2368902564048767
1749033603.3303359,0.15908804535865784,-1.647632738152975,1.016846005116598,1.3419625002094726,-0.7819045225726526,-1.2249491850482386,-0.04487907886505127,0.03472326695919037,-0.03383389860391617,-0.07663154602050781,0.08407428115606308,-0.33430781960487366,-0.39414992928504944,0.0033254474401474,-0.7384986877441406,0.32781270146369934,0.06158663332462311,-0.21163742244243622
1749033603.3303823,0.15898030996322632,-1.64758362392568,1.0167964140521448,1.3418020445057373,-0.7817867437945765,-1.2256057898150843,-0.04583223909139633,0.03401176631450653,-0.03304249048233032,-0.08004284650087357,0.08120318502187729,-0.324349045753479,-0.38214030861854553,0.021736204624176025,-0.7618315815925598,0.36066508293151855,0.05256038159132004,-0.2521648406982422
1749033603.3304234,0.1588727831840515,-1.647468706170553,1.0167363325702112,1.3416496950336914,-0.7816122213946741,-1.2262476126300257,-0.044865064322948456,0.03484579548239708,-0.03443202003836632,-0.07738439738750458,0.07858610898256302,-0.3198419213294983,-0.38393938541412354,-0.003162086009979248,-0.7478278279304504,0.3535153567790985,0.08451756834983826,-0.28150346875190735
1749033603.3304777,0.15873555839061737,-1.647435804406637,1.0166452566729944,1.3415209490009765,-0.781447712575094,-1.2268465201007288,-0.046086035668849945,0.03333718702197075,-0.035558927804231644,-0.07228078693151474,0.0778239443898201,-0.3193369209766388,-0.3775062561035156,-0.00947020947933197,-0.7169529795646667,0.32491767406463623,0.0591430701315403,-0.2833208441734314
1749033603.3305247,0.15869006514549255,-1.6473332844176234,1.016573731099264,1.341367407436035,-0.7812545935260218,-1.2275503317462366,-0.04697011783719063,0.03374851495027542,-0.03526522219181061,-0.07332488894462585,0.07866989821195602,-0.3183210790157318,-0.346210241317749,0.017760731279850006,-0.7167969346046448,0.31909841299057007,0.07437866181135178,-0.25885480642318726
1749033603.3305635,0.15859439969062805,-1.6473008594908656,1.0164864698993128,1.3412081438251953,-0.7810900847064417,-1.228149716054098,-0.04508363455533981,0.03533176705241203,-0.03458671644330025,-0.07292062789201736,0.08126725256443024,-0.3175395131111145,-0.3424453139305115,-0.030186079442501068,-0.7266101837158203,0.3223324418067932,0.06035337597131729,-0.2548554539680481
1749033603.330601,0.15849187970161438,-1.6471978626646937,1.0164144674884241,1.341066523189209,-0.7810037771808069,-1.228779141102926,-0.04499788582324982,0.03363442048430443,-0.0342397466301918,-0.07380108535289764,0.08112788200378418,-0.316637247800827,-0.3983101546764374,-0.010530434548854828,-0.7257157564163208,0.34015318751335144,0.031419023871421814,-0.2479039430618286
1749033603.3306384,0.15840643644332886,-1.6471291981139125,1.0163734594928187,1.3408838945576171,-0.7807825247394007,-1.2293966452227991,-0.044995587319135666,0.031395334750413895,-0.03422670066356659,-0.07509931921958923,0.07716573774814606,-0.3121843934059143,-0.3489754796028137,0.011020611971616745,-0.7295587658882141,0.3671475648880005,0.04437147080898285,-0.273684024810791
1749033603.3306754,0.1583693027496338,-1.6470815143980921,1.016289536152975,1.3407785135456542,-0.7806180159198206,-1.2300227324115198,-0.046109624207019806,0.031502485275268555,-0.034002311527729034,-0.07232016324996948,0.07577220350503922,-0.31521111726760864,-0.3482051193714142,0.02420569583773613,-0.7295793294906616,0.3388599455356598,0.050861552357673645,-0.2917289435863495
1749033603.3307147,0.15825797617435455,-1.6469975910582484,1.0162227789508265,1.3406295019337158,-0.7804539839373987,-1.2307069937335413,-0.046262141317129135,0.033275432884693146,-0.03419012203812599,-0.07001905888319016,0.07548640668392181,-0.31917402148246765,-0.32975032925605774,0.022890405729413033,-0.69535893201828,0.33868730068206787,0.04771818220615387,-0.22238591313362122
1749033603.3307517,0.15815195441246033,-1.646984716454977,1.0161541144000452,1.3404976564594726,-0.7803524176227015,-1.2313478628741663,-0.043079908937215805,0.033003099262714386,-0.032977811992168427,-0.06977421045303345,0.07499061524868011,-0.31508344411849976,-0.35878950357437134,-0.01391554530709982,-0.7259998917579651,0.3268042802810669,0.024448320269584656,-0.18205536901950836
1749033603.3307884,0.15809796750545502,-1.6468659840025843,1.0160630385028284,1.3403495985218505,-0.78015643755068,-1.2319658438311976,-0.043824270367622375,0.03217541426420212,-0.032733429223299026,-0.06878166645765305,0.07339470833539963,-0.31041622161865234,-0.3770962655544281,0.007161334156990051,-0.7204319834709167,0.31879526376724243,0.04747284948825836,-0.194954514503479
1749033603.3308396,0.15799856185913086,-1.6467987499632777,1.016041103993551,1.3401924806782226,-0.779999081288473,-1.232572380696432,-0.043850332498550415,0.03181823343038559,-0.0318901427090168,-0.07065808027982712,0.07212258130311966,-0.30460071563720703,-0.35516804456710815,0.006823301315307617,-0.730925977230072,0.3180452585220337,0.027985617518424988,-0.23821677267551422
1749033603.330896,0.15787705779075623,-1.6467968426146449,1.015984837208883,1.3400677877613525,-0.7798550764666956,-1.2331889311419886,-0.04300213232636452,0.031939491629600525,-0.0320291742682457,-0.07042312622070312,0.07013236731290817,-0.2971169948577881,-0.35552605986595154,0.023366793990135193,-0.7223625183105469,0.3408823609352112,0.06810754537582397,-0.25419867038726807
1749033603.3309574,0.15783606469631195,-1.6466857395567835,1.0159252325641077,1.3399404722401123,-0.7797630468951624,-1.2337644735919397,-0.04218663275241852,0.03177203610539436,-0.031664490699768066,-0.06917133182287216,0.06912223249673843,-0.2970006465911865,-0.3857034146785736,-0.009594224393367767,-0.7197980284690857,0.31733304262161255,0.06759416311979294,-0.2669875919818878
1749033603.331015,0.15772154927253723,-1.6466294727721156,1.015834156666891,1.3397833543964843,-0.7796195189105433,-1.2343533674823206,-0.041987836360931396,0.03109464980661869,-0.031127020716667175,-0.06857504695653915,0.06889605522155762,-0.2973184883594513,-0.3695179522037506,0.0035640373826026917,-0.7289151549339294,0.3139730393886566,0.07211405038833618,-0.26669934391975403
1749033603.3310807,0.15764141082763672,-1.6465655765929164,1.0157583395587366,1.339657946223877,-0.7795069853412073,-1.2349122206317347,-0.04206429049372673,0.03128994256258011,-0.031081130728125572,-0.06835749000310898,0.06812404096126556,-0.2970468997955322,-0.3892974853515625,-0.01318727433681488,-0.7290805578231812,0.3203360438346863,0.07771128416061401,-0.25161778926849365
1749033603.3311408,0.15759699046611786,-1.6465097866454066,1.015714470540182,1.3395067888447265,-0.7793367544757288,-1.235525910054342,-0.04204351082444191,0.031121449545025826,-0.03077036701142788,-0.06794984638690948,0.06928412616252899,-0.2907167673110962,-0.37585583329200745,-0.005817152559757233,-0.735771894454956,0.3191452622413635,0.07280105352401733,-0.2783443331718445
1749033603.3312044,0.1574772298336029,-1.6464115581908167,1.0156424681292933,1.3393744665333251,-0.7791965643512171,-1.2361143271075647,-0.042353954166173935,0.031246988102793694,-0.030915770679712296,-0.06952424347400665,0.07208909839391708,-0.29185906052589417,-0.3609295189380646,0.006964646279811859,-0.7266534566879272,0.3350669741630554,0.06156732141971588,-0.28417569398880005
1749033603.3317466,0.15740548074245453,-1.6463738880553187,1.0155752340899866,1.3392106729694824,-0.77905780473818,-1.2366817633258265,-0.04221256822347641,0.03138129785656929,-0.030717073008418083,-0.06948594748973846,0.07104196399450302,-0.29299455881118774,-0.35939717292785645,-0.010580383241176605,-0.7321967482566833,0.34266623854637146,0.07521019876003265,-0.27095451951026917
1749033603.3336203,0.15729445219039917,-1.6463529072203578,1.015557591115133,1.3391010004230957,-0.7789247671710413,-1.2372477690326136,-0.042157936841249466,0.03056093491613865,-0.030391555279493332,-0.06879203021526337,0.0686272382736206,-0.29681092500686646,-0.3662387430667877,-0.009916223585605621,-0.7304760813713074,0.33057862520217896,0.0905088484287262,-0.25753021240234375
1749033603.3742828,0.15721920132637024,-1.6462894878783167,1.01544696489443,1.3389617639729003,-0.7787655035602015,-1.2378595511065882,-0.04102395847439766,0.030938560143113136,-0.030509527772665024,-0.06715314090251923,0.06895572692155838,-0.2968335747718811,-0.3496226370334625,-0.009589314460754395,-0.7359327077865601,0.3483380675315857,0.10211655497550964,-0.203229159116745
1749033603.3743296,0.15712884068489075,-1.646182199517721,1.0154059568988245,1.3388427931019287,-0.7786806265460413,-1.238457981740133,-0.04149433970451355,0.03010619431734085,-0.030216658487915993,-0.06523656845092773,0.06993531435728073,-0.29431891441345215,-0.3397972583770752,0.021164797246456146,-0.7073764801025391,0.3338996469974518,0.0738290548324585,-0.18589507043361664
1749033603.3743703,0.1571054309606552,-1.6461149654784144,1.0153420607196253,1.3386916357227783,-0.7784946600543421,-1.2390525976764124,-0.04095376282930374,0.029950998723506927,-0.03022378496825695,-0.06737944483757019,0.07111405581235886,-0.2844357490539551,-0.33461302518844604,0.012826383113861084,-0.725632905960083,0.3213610351085663,0.07916897535324097,-0.22077468037605286
1749033603.3744097,0.15694090723991394,-1.6460591755309046,1.0152981917010706,1.3385402399250488,-0.7783620993243616,-1.2396019140826624,-0.0409138984978199,0.029857300221920013,-0.03001168742775917,-0.06790781766176224,0.07391750067472458,-0.28022024035453796,-0.36342188715934753,0.027876876294612885,-0.7244947552680969,0.3433140814304352,0.03345997631549835,-0.2514190077781677
1749033603.3744478,0.15687254071235657,-1.6460024319090785,1.0152347723590296,1.3384269910999755,-0.7782495657550257,-1.2401326338397425,-0.03849437087774277,0.029598409309983253,-0.029780317097902298,-0.06472399085760117,0.0723842978477478,-0.2785424292087555,-0.3721829056739807,0.0028048381209373474,-0.7105738520622253,0.35420721769332886,0.0356704443693161,-0.26941272616386414
1749033603.374486,0.15679727494716644,-1.6459542713561,1.015162769948141,1.3382868009754638,-0.7780516783343714,-1.2406514326678675,-0.03912346810102463,0.029470115900039673,-0.029254384338855743,-0.06129149720072746,0.06864649802446365,-0.28019654750823975,-0.3754332959651947,0.03389055281877518,-0.724736213684082,0.2997092604637146,0.05299380421638489,-0.2758738696575165
1749033603.3745246,0.15675178170204163,-1.6459018192686976,1.0150993506061,1.3381773668476562,-0.7779119650470179,-1.2412517706500452,-0.04074416682124138,0.02955314889550209,-0.028700416907668114,-0.06059284135699272,0.06809026002883911,-0.28076809644699097,-0.3428581953048706,-0.008089113980531693,-0.731208086013794,0.3156541585922241,0.05400531738996506,-0.2482636570930481
1749033603.3745623,0.15675178170204163,-1.6459018192686976,1.0150993506061,1.3381773668476562,-0.7779119650470179,-1.2412517706500452,-0.04074416682124138,0.02955314889550209,-0.028700416907668114,-0.06059284135699272,0.06809026002883911,-0.28076809644699097,-0.3428581953048706,-0.008089113980531693,-0.731208086013794,0.3156541585922241,0.05400531738996506,-0.2482636570930481
1749033603.3746054,0.1565854847431183,-1.6457821331419886,1.0149791876422327,1.3379174905964355,-0.7776048819171351,-1.2422941366778772,-0.03700150176882744,0.02946624718606472,-0.02959386631846428,-0.06244412809610367,0.070365309715271,-0.27383413910865784,-0.38370421528816223,0.011010318994522095,-0.7344326972961426,0.31409114599227905,0.04004674404859543,-0.27417418360710144
1749033603.374645,0.15649336576461792,-1.6457187137999476,1.0149191061602991,1.3377572733112792,-0.7775309721576136,-1.2429054419146937,-0.03723489120602608,0.02978517673909664,-0.028786322101950645,-0.06457614153623581,0.06962137669324875,-0.27495744824409485,-0.39243680238723755,-0.017611004412174225,-0.7188088893890381,0.32034146785736084,0.027653630822896957,-0.2573520541191101
1749033603.3746827,0.1564219743013382,-1.645658632318014,1.0148714224444788,1.3376647669025878,-0.77734882036318,-1.2434256712542933,-0.03811162710189819,0.029347022995352745,-0.026876777410507202,-0.06428857147693634,0.06680639088153839,-0.2744022011756897,-0.36923539638519287,-0.01416474487632513,-0.7544211149215698,0.3341726064682007,0.03107452765107155,-0.2602245807647705
1749033603.37472,0.15640482306480408,-1.6455799541869105,1.0148347059832972,1.337547703380249,-0.7772634665118616,-1.2439945379840296,-0.03750425577163696,0.028809478506445885,-0.026830820366740227,-0.060831986367702484,0.06567203998565674,-0.2757958769798279,-0.3657560646533966,0.0003650803118944168,-0.7537802457809448,0.31068921089172363,0.04385252669453621,-0.2630526125431061
1749033603.3747573,0.15631414949893951,-1.64555086712026,1.01477557817568,1.3374313551136474,-0.7770927588092249,-1.2445138136493128,-0.03955135866999626,0.02900782600045204,-0.02808774635195732,-0.05917704850435257,0.06419860571622849,-0.2753429114818573,-0.36010172963142395,-0.01959320530295372,-0.7523297667503357,0.29926949739456177,0.06279166042804718,-0.22760741412639618
1749033603.374795,0.15624238550662994,-1.645468374291891,1.0147345701800745,1.3372949796864013,-0.7769759337054651,-1.245075527821676,-0.03858393058180809,0.028950193896889687,-0.027797793969511986,-0.061097994446754456,0.06449013948440552,-0.2712634205818176,-0.31920042634010315,0.00541045144200325,-0.7376816868782043,0.30659615993499756,0.04090520739555359,-0.20833754539489746
1749033603.374833,0.15614677965641022,-1.6454154453673304,1.014639679585592,1.3371593195148925,-0.7768219153033655,-1.2456334272967737,-0.03685636445879936,0.02835269272327423,-0.02756136655807495,-0.06306151300668716,0.06411541253328323,-0.2707322835922241,-0.3751254677772522,-0.004093330353498459,-0.7433469295501709,0.31881463527679443,0.03294938802719116,-0.1870768964290619
1749033603.3748715,0.15606307983398438,-1.645367284814352,1.0146144072162073,1.337042971248291,-0.7766545454608362,-1.2461360136615198,-0.038774583488702774,0.02832271158695221,-0.028592629358172417,-0.06424422562122345,0.0648786649107933,-0.26349595189094543,-0.36966800689697266,-0.010659091174602509,-0.7406699061393738,0.32697930932044983,0.04162856191396713,-0.23056644201278687
1749033603.374909,0.15602245926856995,-1.645346303979391,1.0145514647113245,1.3368820387073974,-0.7765191237079065,-1.246681038533346,-0.03930838778614998,0.028857944533228874,-0.02795211412012577,-0.06424908339977264,0.06268186122179031,-0.2611061632633209,-0.312287300825119,-0.019589006900787354,-0.752403199672699,0.3469833731651306,0.027737922966480255,-0.2374892234802246
1749033603.374946,0.15594683587551117,-1.6452952824034632,1.014491383229391,1.336777611369751,-0.7764490286456507,-1.247187916432516,-0.038763001561164856,0.02716679871082306,-0.02750912494957447,-0.06072734668850899,0.061116114258766174,-0.26017919182777405,-0.3460369408130646,0.014783024787902832,-0.7551132440567017,0.3290337324142456,0.03831581398844719,-0.25441721081733704
1749033603.374984,0.15583588182926178,-1.6452113590636195,1.01442796388735,1.3366569715687255,-0.7762983481036585,-1.247737232838766,-0.03819883614778519,0.02831222489476204,-0.02680991031229496,-0.06008477136492729,0.06006312742829323,-0.2607831358909607,-0.359474241733551,0.016174785792827606,-0.7555696368217468,0.32763412594795227,0.04571007937192917,-0.24504631757736206
1749033603.3750215,0.15575212240219116,-1.645182271996969,1.0143798033343714,1.3365332323261718,-0.7762215773211878,-1.2482202688800257,-0.03745163604617119,0.027977202087640762,-0.026689985767006874,-0.05958511307835579,0.05953245982527733,-0.25782284140586853,-0.346473753452301,-0.028815627098083496,-0.7615229487419128,0.3241095244884491,0.05772994086146355,-0.22778534889221191
1749033603.375638,0.155676931142807,-1.6451264820494593,1.0143664518939417,1.3364130693623046,-0.7760556379901331,-1.2487495581256312,-0.03618503734469414,0.026154974475502968,-0.027647603303194046,-0.059276264160871506,0.059386443346738815,-0.2562110722064972,-0.3533564507961273,0.013239026069641113,-0.7424100041389465,0.3345661759376526,0.0686236321926117,-0.20596754550933838
1749033603.377734,0.1556548923254013,-1.6450745067992152,1.0142439047442835,1.3363086420246582,-0.7759822050677698,-1.2492287794696253,-0.036063697189092636,0.025280537083745003,-0.02767951227724552,-0.0588991753757,0.058878056704998016,-0.24941524863243103,-0.3487589359283447,0.01802624762058258,-0.7438387870788574,0.31613314151763916,0.05922304838895798,-0.2648623287677765
1749033603.4223065,0.15555742383003235,-1.6450039348998011,1.0142038504229944,1.3362194734760742,-0.7758505980121058,-1.249735180531637,-0.034705616533756256,0.025517871603369713,-0.025077885016798973,-0.05780961364507675,0.05926109477877617,-0.248208150267601,-0.3683151602745056,0.014907389879226685,-0.757612943649292,0.3266618847846985,0.05420753359794617,-0.27066707611083984
1749033603.4223537,0.15549133718013763,-1.64491667369985,1.0141800085650843,1.3360635477253417,-0.7757156530963343,-1.2502291838275355,-0.03539816290140152,0.026193078607320786,-0.026334064081311226,-0.05757545307278633,0.05851270630955696,-0.2486567199230194,-0.3656831383705139,0.013057917356491089,-0.7581140995025635,0.3139519691467285,0.060601480305194855,-0.2775511145591736
1749033603.4223945,0.15536247193813324,-1.6449347935118617,1.0141080061541956,1.3359743791767578,-0.7756527105914515,-1.2506912390338343,-0.03513237461447716,0.025429842993617058,-0.025503840297460556,-0.05742032453417778,0.05854872614145279,-0.25054264068603516,-0.3524205684661865,0.01705624908208847,-0.7554636001586914,0.316944420337677,0.06214063614606857,-0.2738885283470154
1749033603.4224339,0.15535268187522888,-1.6448518238463343,1.0140445868121546,1.3358589845844726,-0.7754982153521937,-1.251221005116598,-0.03389573469758034,0.026171589270234108,-0.02562948316335678,-0.05717106908559799,0.05865456908941269,-0.25146740674972534,-0.363518625497818,0.003742530941963196,-0.7692129611968994,0.31246131658554077,0.05256524682044983,-0.23010390996932983
1749033603.422472,0.15521197021007538,-1.6448193989195765,1.0140154997455042,1.3357454973408203,-0.775421444569723,-1.2516868750201624,-0.0343325175344944,0.026866331696510315,-0.025465667247772217,-0.05682428926229477,0.05873356759548187,-0.24911317229270935,-0.3423365652561188,0.00814133882522583,-0.7500967979431152,0.3108711242675781,0.048201337456703186,-0.21444305777549744
1749033603.4225104,0.15519371628761292,-1.644747873345846,1.0139678160296839,1.3356217580982666,-0.7752483526812952,-1.2522252241717737,-0.03419903293251991,0.026557806879281998,-0.025532156229019165,-0.056478556245565414,0.058558493852615356,-0.2445680946111679,-0.33814117312431335,-0.009309016168117523,-0.7497212886810303,0.3327007293701172,0.04106462001800537,-0.21715085208415985
1749033603.4225485,0.15508028864860535,-1.6447073421873988,1.0139077345477503,1.3355328279682617,-0.7750933806048792,-1.25267202058901,-0.03381131589412689,0.026198048144578934,-0.025262415409088135,-0.055315934121608734,0.0573095977306366,-0.24260066449642181,-0.33934056758880615,-0.015997260808944702,-0.7516919374465942,0.305446058511734,0.06338527053594589,-0.19612039625644684
1749033603.422591,0.15500889718532562,-1.6446401081480921,1.0138443152057093,1.335392876262329,-0.7750161329852503,-1.2531545797931116,-0.03291365131735802,0.024443142116069794,-0.02487039752304554,-0.05608748272061348,0.05701543018221855,-0.2376939207315445,-0.34348487854003906,1.3105571269989014e-05,-0.7642492651939392,0.31620103120803833,0.04888235032558441,-0.23227505385875702
1749033603.4226294,0.1550057977437973,-1.6445847950377406,1.0137961546527308,1.335272951717041,-0.7748974005328577,-1.2536247412311,-0.03269721195101738,0.024105940014123917,-0.024642787873744965,-0.0553707480430603,0.05909173935651779,-0.23440125584602356,-0.3611167073249817,-0.010841287672519684,-0.7541552782058716,0.3277076482772827,0.04987209662795067,-0.22543120384216309
1749033603.422667,0.15488071739673615,-1.6445323429503382,1.0137751738177698,1.3351644712635498,-0.7747967878924769,-1.2540677229510706,-0.03231918811798096,0.0245022214949131,-0.024424321949481964,-0.0557333342730999,0.058256350457668304,-0.23405751585960388,-0.3452788293361664,0.0020508095622062683,-0.7714953422546387,0.33573660254478455,0.0174378901720047,-0.23858800530433655
1749033603.4227047,0.15483665466308594,-1.644473215142721,1.013700310383932,1.3350600439259033,-0.7746856848346155,-1.2545183340655726,-0.03226747736334801,0.024957487359642982,-0.023929260671138763,-0.055189915001392365,0.05658488720655441,-0.23225641250610352,-0.33442211151123047,-0.011369626969099045,-0.7727369666099548,0.32972612977027893,0.026099052280187607,-0.23220516741275787
1749033603.4227421,0.1547529101371765,-1.6444484196104945,1.013648811970846,1.3349637228199462,-0.7745226065265101,-1.255000416432516,-0.03194055333733559,0.024436157196760178,-0.02370949275791645,-0.054078150540590286,0.055080339312553406,-0.23056714236736298,-0.34975025057792664,-0.010955117642879486,-0.7529891729354858,0.3290823698043823,0.04028841853141785,-0.24151861667633057
1749033603.4227793,0.15472382307052612,-1.6444274387755335,1.013592545186178,1.3348554807850341,-0.7744734922992151,-1.255446736012594,-0.03197701275348663,0.024036575108766556,-0.023753361776471138,-0.05136813595890999,0.05549745261669159,-0.23010896146297455,-0.33508267998695374,-0.004948614165186882,-0.7629031538963318,0.324421226978302,0.03569279611110687,-0.19307424128055573
1749033603.4228168,0.15469837188720703,-1.6443716488280238,1.0135405699359339,1.3347622591206054,-0.7743499914752405,-1.2558615843402308,-0.030893802642822266,0.023921210318803787,-0.023545924574136734,-0.05000964179635048,0.05543099343776703,-0.2228175401687622,-0.33679670095443726,-0.01886237971484661,-0.7609399557113647,0.3229125142097473,0.02311490848660469,-0.2272634357213974
1749033603.4228544,0.15461280941963196,-1.6443196735777796,1.0134885946856897,1.3346385198780517,-0.7742026487933558,-1.2563398520099085,-0.031071027740836143,0.023296454921364784,-0.022904949262738228,-0.049424588680267334,0.05465313792228699,-0.22352993488311768,-0.37456491589546204,-0.002957647666335106,-0.7647107839584351,0.2944406270980835,0.02899710088968277,-0.2162388265132904
1749033603.4228919,0.15452918410301208,-1.6442443333067835,1.0134571234332483,1.3345731931873779,-0.7741058508502405,-1.2567618528949183,-0.03200623765587807,0.022826433181762695,-0.022718122228980064,-0.05044682323932648,0.055116333067417145,-0.22120890021324158,-0.33504191040992737,0.0037346472963690758,-0.7624642848968506,0.3066273331642151,0.02069413661956787,-0.2354491502046585
1749033603.4229295,0.15446577966213226,-1.6442204914488734,1.0134156386004847,1.334505482310913,-0.7740266958819788,-1.257209602986471,-0.0308134313672781,0.022676166146993637,-0.023090749979019165,-0.05017470940947533,0.05455237254500389,-0.22065401077270508,-0.3218715786933899,-0.013719076290726662,-0.7650500535964966,0.32696327567100525,0.011285975575447083,-0.2054966539144516
1749033603.4229667,0.1544370800256729,-1.6441565952696742,1.013364617024557,1.3343612390705566,-0.7739151159869593,-1.2576311270343226,-0.029554001986980438,0.022695504128932953,-0.022515570744872093,-0.04925723001360893,0.05215931311249733,-0.21846459805965424,-0.3203834593296051,0.01090998575091362,-0.7710322141647339,0.3247356712818146,0.030032843351364136,-0.2181462049484253
1749033603.423004,0.1543341875076294,-1.644127985040182,1.013320271168844,1.3342768388935546,-0.7738321463214319,-1.258054558430807,-0.02913791872560978,0.02290949411690235,-0.021959956735372543,-0.04988374933600426,0.049823202192783356,-0.2165488302707672,-0.3510039448738098,-0.013407126069068909,-0.7694683074951172,0.2956089377403259,0.044417604804039,-0.20267954468727112
1749033603.4230409,0.15426233410835266,-1.6440679035582484,1.0132721106158655,1.334164782161377,-0.7736876646624964,-1.2585004011737269,-0.030129309743642807,0.02216498926281929,-0.022689998149871826,-0.051048122346401215,0.04786853492259979,-0.2125636339187622,-0.31605005264282227,-0.020025692880153656,-0.7580527067184448,0.3287246525287628,0.044729188084602356,-0.2007053643465042
1749033603.4230773,0.15424558520317078,-1.6440559826292933,1.0132749716388147,1.3340765672871093,-0.7736423651324671,-1.2589119116412562,-0.028817515820264816,0.02126452885568142,-0.023072654381394386,-0.049666013568639755,0.047799110412597656,-0.20819571614265442,-0.3269835412502289,-0.006267514079809189,-0.7553892135620117,0.3262372314929962,0.04395236074924469,-0.19312389194965363
1749033603.423118,0.15418775379657745,-1.643996377984518,1.0131848494159144,1.3339766699024658,-0.7734959761248987,-1.259352986012594,-0.02844441682100296,0.022275075316429138,-0.022581258788704872,-0.04779313504695892,0.049699895083904266,-0.20610618591308594,-0.3230740427970886,0.0021140649914741516,-0.734906017780304,0.314706027507782,0.05189463496208191,-0.20237797498703003
1749033603.423659,0.15414156019687653,-1.6439758739867152,1.0131400267230433,1.3338958460041503,-0.7734578291522425,-1.259728733693258,-0.028785519301891327,0.022188380360603333,-0.02174661122262478,-0.04739537462592125,0.0498502142727375,-0.20155294239521027,-0.31941720843315125,0.001727364957332611,-0.7531693577766418,0.29349485039711,0.03748369216918945,-0.22478431463241577
1749033603.4256883,0.15405449271202087,-1.6438776455321253,1.0130890051471155,1.33376853048291,-0.7733395735370081,-1.260169808064596,-0.028988750651478767,0.021924078464508057,-0.02139478549361229,-0.04886158928275108,0.04971769079566002,-0.20081974565982819,-0.3216235041618347,-0.0024648085236549377,-0.7427595853805542,0.30831125378608704,0.05092035233974457,-0.22650666534900665
1749033603.4703305,0.1540340632200241,-1.643841405908102,1.0130212942706507,1.3336793619343261,-0.7732556501971644,-1.2605565229998987,-0.02797936648130417,0.021440817043185234,-0.021292172372341156,-0.04966245964169502,0.04946000874042511,-0.19967058300971985,-0.32884687185287476,0.019605673849582672,-0.7502111196517944,0.3295026123523712,0.058527544140815735,-0.23246604204177856
1749033603.4703794,0.15396559238433838,-1.6438318691649378,1.013043228779928,1.3335913854786376,-0.7731245199786585,-1.260939900075094,-0.02631864883005619,0.021961135789752007,-0.02166283316910267,-0.050368767231702805,0.04975508525967598,-0.20072612166404724,-0.3734855353832245,0.0165654718875885,-0.7421267628669739,0.3325492739677429,0.06197023391723633,-0.2355170100927353
1749033603.4704206,0.15389543771743774,-1.643740793267721,1.0129569212542933,1.3334788519093017,-0.7730568091021937,-1.2613032499896448,-0.028252463787794113,0.022528551518917084,-0.02137557975947857,-0.04993658885359764,0.05065719783306122,-0.2026374489068985,-0.36738163232803345,0.014871075749397278,-0.7508519887924194,0.32741501927375793,0.08855627477169037,-0.23790404200553894
1749033603.4704595,0.15382719039916992,-1.6437131367125453,1.0129244963275355,1.3334016042896728,-0.7729714552508753,-1.261740509663717,-0.028829211369156837,0.02211797796189785,-0.02071584016084671,-0.049410659819841385,0.04995165392756462,-0.201566681265831,-0.3091185688972473,0.002070888876914978,-0.7633004784584045,0.33053192496299744,0.061394259333610535,-0.23597238957881927
1749033603.4704974,0.15377222001552582,-1.6436807117857875,1.0128768126117151,1.3333017069050292,-0.7728756109820765,-1.2621200720416468,-0.028493909165263176,0.021495098248124123,-0.020850826054811478,-0.04787648096680641,0.049823448061943054,-0.20346318185329437,-0.34347671270370483,0.0074529945850372314,-0.7611582279205322,0.3099587559700012,0.06441830098628998,-0.2280024290084839
1749033603.4705355,0.15372316539287567,-1.643621107141012,1.0128334204303187,1.3332125383564453,-0.7728036085711878,-1.2625778357135218,-0.02834983915090561,0.021778441965579987,-0.02180030569434166,-0.04783192276954651,0.04992452636361122,-0.20092158019542694,-0.352569580078125,0.01820286363363266,-0.7447794675827026,0.32474637031555176,0.083768330514431,-0.22068746387958527
1749033603.4705734,0.1536560356616974,-1.6436125240721644,1.0128081480609339,1.333125277156494,-0.7726720015155237,-1.2629926840411585,-0.028462646529078484,0.02213999070227146,-0.021973341703414917,-0.048035115003585815,0.05038612708449364,-0.20215754210948944,-0.3488644063472748,0.030048049986362457,-0.7420487999916077,0.3125108480453491,0.06215173751115799,-0.22238759696483612
1749033603.4706109,0.1536310613155365,-1.6435924969115199,1.0127413908587855,1.3329779344746093,-0.772583309804098,-1.26337176958193,-0.02877722680568695,0.022883202880620956,-0.02095731347799301,-0.04789949208498001,0.05138087645173073,-0.1996755301952362,-0.3319811224937439,-0.005823411047458649,-0.7368406653404236,0.3188239336013794,0.058857280761003494,-0.21769526600837708
1749033603.4706526,0.15356390178203583,-1.6435162029662074,1.0126894156085413,1.3329014021107177,-0.7724769751178187,-1.2638056913958948,-0.02872786484658718,0.02193223312497139,-0.020807158201932907,-0.04850436747074127,0.05306491255760193,-0.20173907279968262,-0.3783222436904907,-0.011668406426906586,-0.7513927817344666,0.312920480966568,0.05813214182853699,-0.240068256855011
1749033603.4706914,0.15351630747318268,-1.6434842548766078,1.0126574675189417,1.3327933984943847,-0.7723034063922327,-1.264200512562887,-0.029020803049206734,0.0222360547631979,-0.020507680252194405,-0.04894039407372475,0.05440768599510193,-0.2034655064344406,-0.3389107286930084,0.020948365330696106,-0.7494552135467529,0.307204008102417,0.06068356707692146,-0.23549732565879822
1749033603.4707282,0.1534634381532669,-1.6434136829771937,1.0125935713397425,1.332728071803711,-0.7722232977496546,-1.2646573225604456,-0.029300639405846596,0.022475330159068108,-0.02078132890164852,-0.04849380999803543,0.053046226501464844,-0.20572881400585175,-0.3505113124847412,-0.0008927397429943085,-0.7691642642021179,0.32760244607925415,0.049778666347265244,-0.24303698539733887
1749033603.4707656,0.15339161455631256,-1.6434046230711878,1.0125888029681605,1.3326126772114257,-0.7721813360797327,-1.2650097052203577,-0.029629550874233246,0.02177857793867588,-0.021151719614863396,-0.048612792044878006,0.051193833351135254,-0.20623764395713806,-0.3490166962146759,0.010377034544944763,-0.7594769597053528,0.3301005959510803,0.05968072637915611,-0.2505473494529724
1749033603.4708033,0.15335212647914886,-1.6433335743346156,1.0125215689288538,1.3325235086628417,-0.772045914326803,-1.265470329915182,-0.029462583363056183,0.022422360256314278,-0.021423310041427612,-0.04905974119901657,0.05303297936916351,-0.2065427005290985,-0.36686667799949646,0.019371312111616135,-0.7570977210998535,0.3225848376750946,0.05373106151819229,-0.2383197844028473
1749033603.4708407,0.15322250127792358,-1.6433083019652308,1.0124929586993616,1.3324116903492431,-0.7719123999225062,-1.2658613363849085,-0.030088268220424652,0.023570222780108452,-0.0221299696713686,-0.04836643487215042,0.054085902869701385,-0.20721469819545746,-0.3483354449272156,-0.006908886134624481,-0.7411344051361084,0.3023234009742737,0.050698421895504,-0.2669040262699127
1749033603.4708817,0.15318657457828522,-1.643229146996969,1.0124571959124964,1.332315369243286,-0.7718375364886683,-1.266306225453512,-0.030050896108150482,0.023471714928746223,-0.022284677252173424,-0.05011550337076187,0.05332178995013237,-0.20752482116222382,-0.35909637808799744,0.015106333419680595,-0.7668718099594116,0.30984795093536377,0.052235618233680725,-0.25926312804222107
1749033603.4709215,0.1531195044517517,-1.6431547604002894,1.0124085585223597,1.3322345453449707,-0.7717040220843714,-1.266716782246725,-0.030142540112137794,0.023793276399374008,-0.022287970408797264,-0.050327230244874954,0.05324950069189072,-0.2120893895626068,-0.3622012138366699,0.0126997921615839,-0.7691763043403625,0.30838409066200256,0.058482855558395386,-0.2572343349456787
1749033603.4709601,0.15307722985744476,-1.643149038354391,1.01235276857485,1.3321255880543212,-0.7715891043292444,-1.2671211401568812,-0.02987690642476082,0.023517122492194176,-0.022599615156650543,-0.05029032379388809,0.054712988436222076,-0.21289192140102386,-0.36091291904449463,-0.0014072675257921219,-0.7510368227958679,0.3195596933364868,0.0641382485628128,-0.2866899371147156
1749033603.4709973,0.15301074087619781,-1.643108984033102,1.0122817198382776,1.3320256906696777,-0.771491829548971,-1.267547909413473,-0.029954086989164352,0.02398807927966118,-0.022962991148233414,-0.0492837056517601,0.05539330467581749,-0.2192205935716629,-0.3439769148826599,-0.015342681668698788,-0.7523130774497986,0.2955704629421234,0.061506301164627075,-0.24564878642559052
1749033603.4710348,0.15298867225646973,-1.6430374584593714,1.0122578779803675,1.331949158305786,-0.7713840643512171,-1.2680280844317835,-0.03043503314256668,0.023705193772912025,-0.02356225624680519,-0.0491226390004158,0.05507473275065422,-0.22329077124595642,-0.36903274059295654,0.007796591147780418,-0.7524155974388123,0.29599490761756897,0.052921831607818604,-0.27853062748908997
1749033603.471072,0.1529441773891449,-1.6429702244200648,1.012209717427389,1.3317982393452148,-0.7712915579425257,-1.268444840108053,-0.030903588980436325,0.023337561637163162,-0.023793792352080345,-0.049101341515779495,0.0535888709127903,-0.2264045923948288,-0.35937196016311646,-0.011682938784360886,-0.758165180683136,0.2856895327568054,0.06384952366352081,-0.23310160636901855
1749033603.4711087,0.15282760560512543,-1.6429573498167933,1.0121539274798792,1.331721230144165,-0.7711837927447718,-1.2689335981952112,-0.03108384646475315,0.022976728156208992,-0.02395484410226345,-0.05236678570508957,0.05280628800392151,-0.23039373755455017,-0.38089239597320557,0.013642171397805214,-0.7482216358184814,0.28838562965393066,0.07392613589763641,-0.2342921793460846
1749033603.4711454,0.1527939736843109,-1.6429020367064417,1.0121215025531214,1.3316129881092529,-0.7710302511798304,-1.2693846861468714,-0.03032241016626358,0.02370631881058216,-0.02359233796596527,-0.0527486652135849,0.05453013256192207,-0.2275732457637787,-0.37998393177986145,-0.011230703443288803,-0.7457993030548096,0.3015417456626892,0.06110119819641113,-0.23693974316120148
1749033603.4716508,0.15269985795021057,-1.6428381405272425,1.0120661894427698,1.3315328794666748,-0.7709530035602015,-1.2698729673968714,-0.03136994689702988,0.02383675053715706,-0.02421650104224682,-0.051474567502737045,0.05538949742913246,-0.22972941398620605,-0.372324138879776,0.012703094631433487,-0.7514238953590393,0.27590611577033997,0.062425851821899414,-0.20585308969020844
1749033603.4738612,0.1526484489440918,-1.6428100071349085,1.0120099226581019,1.3313886362263183,-0.7707951704608362,-1.2703235785113733,-0.033219095319509506,0.023768045008182526,-0.024943271651864052,-0.05100937932729721,0.05583684891462326,-0.2273140698671341,-0.33416491746902466,0.005119092762470245,-0.7487565875053406,0.2784998118877411,0.07119728624820709,-0.2357531040906906
1749033603.5143108,0.15263327956199646,-1.6427341900267542,1.0119465033160608,1.3313001829334716,-0.7707102934466761,-1.2707398573504847,-0.03227122873067856,0.023448491469025612,-0.02530285343527794,-0.052026353776454926,0.054977256804704666,-0.2283717840909958,-0.35084694623947144,0.00357983261346817,-0.7378197908401489,0.27528485655784607,0.05282198637723923,-0.24607430398464203
1749033603.5143585,0.15252375602722168,-1.6426860294737757,1.0118983427630823,1.3311876493641357,-0.7706297079669397,-1.2712667624102991,-0.03162367641925812,0.023667439818382263,-0.02488931268453598,-0.053633321076631546,0.055139560252428055,-0.23178952932357788,-0.3550966680049896,0.008576273918151855,-0.7462570071220398,0.2604559063911438,0.07932212203741074,-0.22463247179985046
1749033603.514404,0.15251769125461578,-1.6426416836180628,1.011862579976217,1.3310832220264892,-0.7705062071429651,-1.2717016378985804,-0.031303465366363525,0.024000758305191994,-0.024656234309077263,-0.05490025132894516,0.05556486174464226,-0.23344972729682922,-0.37517690658569336,0.003549709916114807,-0.7590506672859192,0.28231915831565857,0.08470781147480011,-0.2133047878742218
1749033603.5144446,0.1523924022912979,-1.642609258691305,1.0118334929095667,1.3309594827839355,-0.7703951040851038,-1.2721617857562464,-0.03281958028674126,0.02403305470943451,-0.024632124230265617,-0.0562848225235939,0.05559833347797394,-0.233815997838974,-0.36674124002456665,-0.011564292013645172,-0.7466589212417603,0.30432790517807007,0.057898081839084625,-0.20178362727165222
1749033603.5144832,0.1523514688014984,-1.642526765862936,1.011801544819967,1.3308614927479248,-0.7703216711627405,-1.272616211568014,-0.0323588028550148,0.023317011073231697,-0.02453290857374668,-0.05751172453165054,0.05616283044219017,-0.2321540117263794,-0.35489052534103394,-0.002994038164615631,-0.743995189666748,0.3195499777793884,0.07251457124948502,-0.19083845615386963
1749033603.5145261,0.15225379168987274,-1.64247526744985,1.0117462317096155,1.3307341772266845,-0.7701743284808558,-1.2730391661273401,-0.032706379890441895,0.023185931146144867,-0.024592885747551918,-0.05491488054394722,0.056916773319244385,-0.22785598039627075,-0.33445367217063904,-0.004866115748882294,-0.752282440662384,0.2967391014099121,0.06632964313030243,-0.1995396912097931
1749033603.5145657,0.15219739079475403,-1.642465730706686,1.0116546789752405,1.330629749889038,-0.77008563676943,-1.2735207716571253,-0.03437955304980278,0.023262370377779007,-0.024754637852311134,-0.05257214233279228,0.05661682039499283,-0.22876301407814026,-0.341237336397171,-0.012384384870529175,-0.7524072527885437,0.3038639426231384,0.04941713809967041,-0.21673212945461273
1749033603.5146034,0.15216375887393951,-1.6423984966673792,1.011641804371969,1.3305408197590332,-0.7699125448810022,-1.2740228811847132,-0.03258981928229332,0.023637128993868828,-0.025262586772441864,-0.05138780176639557,0.05719040334224701,-0.22345289587974548,-0.34237027168273926,-0.02284345030784607,-0.7273147106170654,0.2773062586784363,0.06762208789587021,-0.25554198026657104
1749033603.5146408,0.15209197998046875,-1.642315527001852,1.0115698019610804,1.3304287630268554,-0.769808594380514,-1.274407688771383,-0.031949445605278015,0.02357800491154194,-0.025014612823724747,-0.05300218611955643,0.057544831186532974,-0.22716499865055084,-0.3450024724006653,-0.00568767637014389,-0.7400541305541992,0.2972458004951477,0.06218208372592926,-0.24164161086082458
1749033603.5146782,0.1520027369260788,-1.6422864399352015,1.0115307013141077,1.3302933412739257,-0.7697313467608851,-1.274897877370016,-0.03198830038309097,0.02324175275862217,-0.02469930611550808,-0.05328841879963875,0.057997144758701324,-0.22552679479122162,-0.3701906204223633,-0.00798904150724411,-0.7462839484214783,0.3106144964694977,0.05947815254330635,-0.2465871423482895
1749033603.5147161,0.15192249417304993,-1.642266412774557,1.0114944616900843,1.330223484630249,-0.7696426550494593,-1.2753475348102015,-0.032331980764865875,0.022980472072958946,-0.02423284761607647,-0.053389254957437515,0.058463361114263535,-0.2267763912677765,-0.3422357141971588,0.004258543252944946,-0.740525484085083,0.31537750363349915,0.05603592097759247,-0.256621390581131
1749033603.514754,0.15187840163707733,-1.6422187290587367,1.011453930531637,1.3301080900379638,-0.7694576422320765,-1.2757867018329065,-0.03202174976468086,0.023765714839100838,-0.024063747376203537,-0.05243397131562233,0.05698307976126671,-0.2272615283727646,-0.3507498502731323,-0.006725095212459564,-0.7427395582199097,0.2923036515712738,0.058016277849674225,-0.25401464104652405
1749033603.5147913,0.15179093182086945,-1.6421858272948207,1.0113590399371546,1.3300034242817382,-0.7694066206561487,-1.2762921492206019,-0.029948588460683823,0.02349311299622059,-0.024613743647933006,-0.050838712602853775,0.056297242641448975,-0.22581782937049866,-0.3636695146560669,-0.012803621590137482,-0.7239624857902527,0.2843991816043854,0.05549938976764679,-0.2269836664199829
1749033603.5148284,0.1517932415008545,-1.6421038113036097,1.011346165333883,1.3299352365681152,-0.7692416349994105,-1.276750389729635,-0.032208047807216644,0.023127244785428047,-0.02448023110628128,-0.050074219703674316,0.05532317981123924,-0.22344332933425903,-0.3265736699104309,-0.035655029118061066,-0.7330561876296997,0.28165245056152344,0.07466988265514374,-0.23578280210494995
1749033603.5148659,0.15171775221824646,-1.6420675716795863,1.0113099257098597,1.329798861140869,-0.7691562811480921,-1.2771576086627405,-0.031647033989429474,0.02315226010978222,-0.02490297704935074,-0.04997318610548973,0.0545908659696579,-0.22210843861103058,-0.3491622805595398,0.012180574238300323,-0.7317237854003906,0.27996259927749634,0.04543129727244377,-0.23232917487621307
1749033603.5149026,0.15164592862129211,-1.6420232258238734,1.0112460295306605,1.3296989637562255,-0.7690795103656214,-1.2776158491717737,-0.031222034245729446,0.022941648960113525,-0.024624716490507126,-0.050614722073078156,0.05411462113261223,-0.2217380851507187,-0.3566320538520813,-0.005409866571426392,-0.7368544340133667,0.2778066098690033,0.07429472357034683,-0.23459328711032867
1749033603.514943,0.15158259868621826,-1.6419750652708949,1.01117450395693,1.3296069341846923,-0.768956486378805,-1.2780769507037562,-0.031008578836917877,0.022364560514688492,-0.02392742969095707,-0.05015323683619499,0.05362625792622566,-0.2240012139081955,-0.34381672739982605,-0.05005189776420593,-0.7305890321731567,0.2707322835922241,0.062194377183914185,-0.2245641052722931
1749033603.5149803,0.15152303874492645,-1.641930719415182,1.0111349264727991,1.3295299249836425,-0.7687953154193323,-1.278497044240133,-0.03022795543074608,0.022580621764063835,-0.02351001277565956,-0.050494883209466934,0.0537073016166687,-0.2263692319393158,-0.35446634888648987,-0.015564695000648499,-0.7352187633514404,0.2830404043197632,0.05711054056882858,-0.1822310984134674
1749033603.515017,0.15147042274475098,-1.641867300073141,1.0110748449908655,1.3294178682514648,-0.768752400075094,-1.27893573442568,-0.030317658558487892,0.02292744629085064,-0.02356579713523388,-0.051025353372097015,0.05402090400457382,-0.22607237100601196,-0.36791130900382996,-0.0003829970955848694,-0.7398127317428589,0.2741543650627136,0.06628544628620148,-0.1698431819677353
1749033603.5150533,0.15139493346214294,-1.641822954217428,1.0110424200641077,1.3293017584034423,-0.7686174551593226,-1.2794178167926233,-0.030611874535679817,0.022671382874250412,-0.02320181019604206,-0.051129937171936035,0.05403529480099678,-0.2228337675333023,-0.35141870379447937,-0.025351140648126602,-0.7297998666763306,0.2787229120731354,0.04451671242713928,-0.15446358919143677
1749033603.5156472,0.1513710916042328,-1.6418153248228968,1.0109909216510218,1.3292247492023925,-0.7685220877276819,-1.2798126379596155,-0.029832230880856514,0.021461743861436844,-0.02281947247684002,-0.051550012081861496,0.05405789986252785,-0.2165706604719162,-0.36308029294013977,-0.029368016868829727,-0.7378763556480408,0.29405447840690613,0.05622222274541855,-0.1594027876853943
1749033603.5176392,0.15126818418502808,-1.6417633495726527,1.010923210774557,1.3291010099598388,-0.7683952490435999,-1.2802546660052698,-0.029626253992319107,0.021608196198940277,-0.022640662267804146,-0.05183511972427368,0.05343836545944214,-0.21141690015792847,-0.35050344467163086,-0.006295529194176197,-0.7281404137611389,0.2835490107536316,0.045648351311683655,-0.2045629620552063
1749033603.5622988,0.15122054517269135,-1.6417385540404261,1.010914150868551,1.3290008741566162,-0.7683027426349085,-1.2806738058673304,-0.029401283711194992,0.021672962233424187,-0.022464239969849586,-0.05095910653471947,0.0531017929315567,-0.205056294798851,-0.3568251132965088,-0.015594929456710815,-0.7298612594604492,0.29927942156791687,0.05445320904254913,-0.22286391258239746
1749033603.5623486,0.15116803348064423,-1.6416551075377406,1.0108469168292444,1.328927679652832,-0.7681987921344202,-1.281060520802633,-0.02931518852710724,0.021217087283730507,-0.021916033700108528,-0.05062826722860336,0.05203137546777725,-0.20317082107067108,-0.3677073121070862,-0.004859767854213715,-0.7362173795700073,0.27296292781829834,0.06265069544315338,-0.24521887302398682
1749033603.5623975,0.1511046439409256,-1.6416346035399378,1.0108230749713343,1.3288118082233886,-0.7680867354022425,-1.2814791838275355,-0.02918979898095131,0.020848507061600685,-0.02189847268164158,-0.05034279450774193,0.05249737203121185,-0.20306438207626343,-0.3517618775367737,-0.021112728863954544,-0.7258307337760925,0.29522380232810974,0.05836503580212593,-0.2374265491962433
1749033603.5624375,0.1510756015777588,-1.6416026554503382,1.0107787291156214,1.3286964136311035,-0.7679484526263636,-1.281888786946432,-0.029116833582520485,0.020705612376332283,-0.022460073232650757,-0.04941368103027344,0.05277780443429947,-0.20331528782844543,-0.34836578369140625,-0.007202550768852234,-0.7364804148674011,0.26702380180358887,0.05940898880362511,-0.248149111866951
1749033603.5624785,0.15098635852336884,-1.6415077648558558,1.0107153097735804,1.3285917478748779,-0.7678592840777796,-1.282259766255514,-0.029170820489525795,0.02080540917813778,-0.021715443581342697,-0.04929715767502785,0.051971256732940674,-0.20431271195411682,-0.3345016539096832,-0.010365471243858337,-0.7235991954803467,0.294330358505249,0.04411045461893082,-0.21609333157539368
1749033603.5625193,0.15094423294067383,-1.6414686642088832,1.01066762605776,1.3285109239765625,-0.7677720228778284,-1.2826712767230433,-0.02929619699716568,0.020052067935466766,-0.02100050263106823,-0.048332951962947845,0.05130326375365257,-0.20038457214832306,-0.33500275015830994,-0.016221866011619568,-0.7136352062225342,0.2890968322753906,0.025849610567092896,-0.2136101871728897
1749033603.5625575,0.15087223052978516,-1.6414395771422328,1.0106433073626917,1.3283986288258056,-0.7676642576800745,-1.2830260435687464,-0.02873110957443714,0.019810086116194725,-0.019909225404262543,-0.04765293747186661,0.048304907977581024,-0.20125523209571838,-0.3251311779022217,-0.010443851351737976,-0.7281451225280762,0.2811288833618164,0.031019609421491623,-0.19754351675510406
1749033603.562595,0.15083995461463928,-1.6414038143553675,1.0105951468097132,1.328298493022583,-0.7676222960101526,-1.2834485212909144,-0.028167374432086945,0.019911348819732666,-0.01905631273984909,-0.04616763815283775,0.04727824404835701,-0.19263923168182373,-0.3327157497406006,0.005507543683052063,-0.7476902604103088,0.2905235290527344,0.052252136170864105,-0.23404577374458313
1749033603.562632,0.1507233828306198,-1.6414219341673792,1.0105627218829554,1.328225775355957,-0.7674883047686976,-1.2838271299945276,-0.028073376044631004,0.019720368087291718,-0.01987593062222004,-0.04586060717701912,0.04803603142499924,-0.19250507652759552,-0.3284713327884674,-0.008891165256500244,-0.7331224083900452,0.2754233777523041,0.0677289366722107,-0.241167351603508
1749033603.5626693,0.1507233828306198,-1.6414219341673792,1.0105627218829554,1.328225775355957,-0.7674883047686976,-1.2838271299945276,-0.028073376044631004,0.019720368087291718,-0.01987593062222004,-0.04586060717701912,0.04803603142499924,-0.19250507652759552,-0.3284713327884674,-0.008891165256500244,-0.7331224083900452,0.2754233777523041,0.0677289366722107,-0.241167351603508
1749033603.5627062,0.1506621092557907,-1.641299387017721,1.0104873816119593,1.3280574518391113,-0.7672970930682581,-1.2845996061908167,-0.027367766946554184,0.019484689459204674,-0.019566701725125313,-0.047107454389333725,0.04556674882769585,-0.1904429942369461,-0.34491947293281555,-0.004583537578582764,-0.7450409531593323,0.28852662444114685,0.04403550922870636,-0.24414271116256714
1749033603.5627437,0.15059028565883636,-1.641247888604635,1.0104745070086878,1.3279375272938232,-0.7671802679644983,-1.2849863211261194,-0.02715749479830265,0.019778819754719734,-0.01851293072104454,-0.04557699337601662,0.04462338984012604,-0.19290569424629211,-0.3371649980545044,0.0034009814262390137,-0.7534010410308838,0.2967255115509033,0.046741507947444916,-0.21380822360515594
1749033603.5627797,0.15053921937942505,-1.641243120233053,1.0104034582721155,1.3279115396687011,-0.7671135107623499,-1.2853925863849085,-0.02672394923865795,0.019312450662255287,-0.018898194655776024,-0.043186526745557785,0.04515371099114418,-0.1954282969236374,-0.33447831869125366,-0.02195437252521515,-0.7488037347793579,0.27477404475212097,0.04380249232053757,-0.18126869201660156
1749033603.5628161,0.15048284828662872,-1.6411720714964808,1.0103557745562952,1.3277887541004638,-0.7670591513263147,-1.2857630888568323,-0.02604988031089306,0.019424129277467728,-0.019116129726171494,-0.04132961854338646,0.045022133737802505,-0.19325411319732666,-0.34757474064826965,0.0027003586292266846,-0.7464641332626343,0.2572878301143646,0.04293186962604523,-0.1909012794494629
1749033603.562853,0.15041804313659668,-1.641101976434225,1.0103195349322718,1.3277241426655273,-0.7669909636126917,-1.2860916296588343,-0.026729054749011993,0.02016274817287922,-0.019576914608478546,-0.041516341269016266,0.04447159543633461,-0.19051538407802582,-0.3259783983230591,-0.012287542223930359,-0.7226501107215881,0.26499032974243164,0.05460040271282196,-0.1637083888053894
1749033603.56289,0.15039420127868652,-1.6410719356932582,1.010287110005514,1.3276240068623046,-0.7668140570269983,-1.2865131537066858,-0.027316346764564514,0.01993919536471367,-0.01905437931418419,-0.042955100536346436,0.04337996244430542,-0.18633247911930084,-0.3175710439682007,-0.015229836106300354,-0.7403501272201538,0.2649127244949341,0.03509336709976196,-0.17133411765098572
1749033603.5629268,0.150300070643425,-1.6410333118834437,1.0102480093585413,1.327524109477661,-0.7667096296893519,-1.2868993918048304,-0.026038462296128273,0.019684290513396263,-0.01878046803176403,-0.04359538108110428,0.042328741401433945,-0.17987199127674103,-0.3312753438949585,-0.025276482105255127,-0.7279054522514343,0.2754024863243103,0.051178961992263794,-0.20574066042900085
1749033603.5629637,0.15031053125858307,-1.6410323582091273,1.0102151075946253,1.32743947088208,-0.7666929403888147,-1.287203613911764,-0.02444222941994667,0.019443411380052567,-0.018641583621501923,-0.04263808950781822,0.04117722436785698,-0.17728322744369507,-0.3460647463798523,-0.00742030143737793,-0.7280807495117188,0.28235384821891785,0.08009286224842072,-0.19978410005569458
1749033603.563001,0.15021991729736328,-1.6409889660277308,1.0101516882525843,1.3273588854023437,-0.7666004339801233,-1.2875354925738733,-0.023525699973106384,0.01886630989611149,-0.01868000067770481,-0.042491212487220764,0.042028624564409256,-0.17013055086135864,-0.3639696538448334,-0.019971370697021484,-0.7323723435401917,0.29086166620254517,0.06799902021884918,-0.26078739762306213
1749033603.5630414,0.15019923448562622,-1.6409512958922328,1.0101469198810022,1.3272942739674072,-0.7665098349200647,-1.287936035786764,-0.024242304265499115,0.018644733354449272,-0.017932085320353508,-0.04313404858112335,0.04220195859670639,-0.17226818203926086,-0.3547818660736084,-0.021841466426849365,-0.7516404390335083,0.2802138328552246,0.06769898533821106,-0.26219862699508667
1749033603.563079,0.15013587474822998,-1.6409241161742152,1.0101073423968714,1.327202482814453,-0.7664087454425257,-1.288278881703512,-0.02462282031774521,0.01867399550974369,-0.0179984662681818,-0.04349339008331299,0.04231228306889534,-0.17052410542964935,-0.3427737355232239,-0.00888998806476593,-0.7408276796340942,0.2937355041503906,0.06680379807949066,-0.2513369619846344
1749033603.5631163,0.15009178221225739,-1.640914102593893,1.0100677649127405,1.3271025854298095,-0.7663543860064905,-1.2886017004596155,-0.02465129643678665,0.018878374248743057,-0.0182048287242651,-0.04141349717974663,0.041982363909482956,-0.17321492731571198,-0.34128180146217346,-0.02052198350429535,-0.7381333112716675,0.29175320267677307,0.06562879681587219,-0.2513751685619354
1749033603.5636418,0.15002843737602234,-1.6408244572081507,1.0100272337542933,1.3270024496265869,-0.7662513891803187,-1.288905445729391,-0.024410439655184746,0.019594185054302216,-0.01796451024711132,-0.0406523123383522,0.041082706302404404,-0.17517824470996857,-0.36695441603660583,-0.026164010167121887,-0.7282658219337463,0.28310856223106384,0.05659005045890808,-0.22259189188480377
1749033603.5656078,0.1499737799167633,-1.640839239160055,1.0100186506854456,1.3269490438648681,-0.7661588827716272,-1.2892797628985804,-0.024593835696578026,0.019117552787065506,-0.018124165013432503,-0.04010020196437836,0.041145097464323044,-0.17634469270706177,-0.35277506709098816,-0.02350035309791565,-0.7225863337516785,0.2780071198940277,0.0723276436328888,-0.2198498547077179
1749033603.606285,0.14996711909770966,-1.6407791576781214,1.0099909941302698,1.3268498617359619,-0.7660906950580042,-1.2896302382098597,-0.025323180481791496,0.018765971064567566,-0.01793208345770836,-0.03935563936829567,0.04240391030907631,-0.1749853640794754,-0.3374646008014679,-0.03689746558666229,-0.7331056594848633,0.2606324255466461,0.06617043912410736,-0.21762549877166748
1749033603.6063445,0.14991244673728943,-1.6407205067076625,1.009899918233053,1.326777144069336,-0.7660253683673304,-1.2899730841266077,-0.024424193426966667,0.01954135298728943,-0.017396025359630585,-0.041427887976169586,0.042980387806892395,-0.17531687021255493,-0.3679960072040558,-0.018038123846054077,-0.7393125891685486,0.2816101014614105,0.05792984366416931,-0.24181345105171204
1749033603.6064024,0.14984914660453796,-1.6407109699644984,1.009895149861471,1.3266932207294921,-0.7658727804767054,-1.2903388182269495,-0.024515308439731598,0.019171064719557762,-0.017668580636382103,-0.042230937629938126,0.0422193743288517,-0.17061492800712585,-0.3514307737350464,-0.011515691876411438,-0.7364867925643921,0.28854790329933167,0.06092694401741028,-0.23925775289535522
1749033603.6064444,0.14975988864898682,-1.640667577783102,1.0098398367511194,1.3266090589710693,-0.7658579985248011,-1.290682617818014,-0.024224737659096718,0.019203435629606247,-0.01760340854525566,-0.04141372814774513,0.04282784089446068,-0.16761763393878937,-0.36773985624313354,-0.02165156602859497,-0.734245777130127,0.29443517327308655,0.05321577936410904,-0.26804327964782715
1749033603.6064835,0.14976546168327332,-1.6406275234618128,1.0097654501544397,1.3265325266071777,-0.7657364050494593,-1.2910445372210901,-0.024406125769019127,0.01879722811281681,-0.018049489706754684,-0.04025420919060707,0.04179352894425392,-0.17136430740356445,-0.36184391379356384,-0.02514251321554184,-0.7270482778549194,0.28671741485595703,0.06160891801118851,-0.24569839239120483
1749033603.6065214,0.1496901959180832,-1.6405917606749476,1.00975209871401,1.3264562326618652,-0.7657092253314417,-1.2913520971881312,-0.025187041610479355,0.018924446776509285,-0.01822139136493206,-0.0396389365196228,0.04118362441658974,-0.1705378144979477,-0.35777726769447327,0.0027818307280540466,-0.726165771484375,0.29859334230422974,0.06296773999929428,-0.2447206676006317
1749033603.6065593,0.14965060353279114,-1.6405679188170375,1.0097129980670374,1.3263718324848632,-0.7656601111041468,-1.2917106787311,-0.02474670298397541,0.01844865083694458,-0.017687033861875534,-0.039314817637205124,0.04101692512631416,-0.1739511936903,-0.37248173356056213,-0.016967222094535828,-0.7323981523513794,0.2764945328235626,0.07050088047981262,-0.2221250683069229
1749033603.6066082,0.14957569539546967,-1.640519758264059,1.0097034613238733,1.326291247005127,-0.7654760519610804,-1.2920811812030237,-0.02438780851662159,0.01806112378835678,-0.017915422096848488,-0.037735387682914734,0.04282180964946747,-0.17792746424674988,-0.3685409724712372,-0.015727363526821136,-0.7384076118469238,0.28346243500709534,0.06244182586669922,-0.18946722149848938
1749033603.6066494,0.14956727623939514,-1.6404997311034144,1.0096796194659632,1.3262154298969726,-0.7654083410846155,-1.29242450395693,-0.02433760277926922,0.017698561772704124,-0.017983553931117058,-0.037014979869127274,0.04268413409590721,-0.17926985025405884,-0.36427587270736694,0.01148717850446701,-0.7372714877128601,0.265485942363739,0.07380851358175278,-0.1470106840133667
1749033603.6066878,0.14951063692569733,-1.6404482326903285,1.009627644215719,1.3261310297199707,-0.7653563658343714,-1.2927797476397913,-0.024939201772212982,0.0182427279651165,-0.018084224313497543,-0.03787652775645256,0.04110834375023842,-0.17658855020999908,-0.3365823030471802,-0.010812059044837952,-0.7184759974479675,0.2596961557865143,0.06373001635074615,-0.14497630298137665
1749033603.6067252,0.14948180317878723,-1.640428205529684,1.0096038023578089,1.3260390001484375,-0.7652795950519007,-1.2931059042560022,-0.024691302329301834,0.019053008407354355,-0.018037637695670128,-0.03772412985563278,0.04017364978790283,-0.1717044711112976,-0.3350231647491455,-0.01535186916589737,-0.7151262760162354,0.28013473749160767,0.08226980268955231,-0.16147533059120178
1749033603.6067626,0.14942200481891632,-1.6403643093504847,1.009571377431051,1.3259901243397216,-0.7651956717120569,-1.2934649626361292,-0.02460114285349846,0.01796925812959671,-0.017767634242773056,-0.03767607361078262,0.03999746963381767,-0.16562750935554504,-0.33061128854751587,-0.02026756852865219,-0.7268303036689758,0.2738789916038513,0.07124002277851105,-0.1978473663330078
1749033603.6067994,0.14940190315246582,-1.6403247318663539,1.0095198790179651,1.325918121928833,-0.7651050726519983,-1.2937443892108362,-0.023946266621351242,0.0180909875780344,-0.01825910061597824,-0.03751152381300926,0.04034772142767906,-0.16161026060581207,-0.3739442825317383,-0.016866829246282578,-0.7219885587692261,0.2749277353286743,0.07182402163743973,-0.2305946797132492
1749033603.6068356,0.1493193656206131,-1.6403042278685511,1.009460751210348,1.3258420664020996,-0.7650297323810022,-1.2941296736346644,-0.02385726012289524,0.01758062094449997,-0.018413757905364037,-0.036858633160591125,0.04141625761985779,-0.15849633514881134,-0.3557806611061096,-0.03457887843251228,-0.7258458733558655,0.2771438658237457,0.06410650908946991,-0.21565529704093933
1749033603.6068723,0.14929068088531494,-1.6402441463866175,1.009439770375387,1.3257767397114257,-0.7649291197406214,-1.2944019476519983,-0.023340974003076553,0.017164209857583046,-0.01762976683676243,-0.03713279590010643,0.04142502695322037,-0.1546022891998291,-0.35390758514404297,-0.0037959287874400616,-0.7272810935974121,0.272834837436676,0.07754769921302795,-0.2525274455547333
1749033603.606909,0.1491822600364685,-1.640224119225973,1.0094159285174769,1.3257018762775878,-0.7648947874652308,-1.2947128454791468,-0.023497262969613075,0.01756495051085949,-0.017185460776090622,-0.03676123544573784,0.04132888466119766,-0.15896402299404144,-0.3487192690372467,-0.025500115007162094,-0.7236193418502808,0.26156607270240784,0.08037600666284561,-0.2582736611366272
1749033603.606945,0.14917971193790436,-1.6402002773680628,1.0093758741961878,1.3256136614033203,-0.764773193989889,-1.2950475851642054,-0.0232058297842741,0.016787352040410042,-0.016477370634675026,-0.03639205917716026,0.04128732904791832,-0.15755721926689148,-0.36071136593818665,0.001421995460987091,-0.7344025373458862,0.2671899199485779,0.06776339560747147,-0.2691328525543213
1749033603.6069815,0.1491125077009201,-1.6401764355101527,1.0093324820147913,1.3255256849476318,-0.764724079762594,-1.2953899542437952,-0.022514617070555687,0.017320865765213966,-0.017179304733872414,-0.035675376653671265,0.042841628193855286,-0.16133247315883636,-0.3464852273464203,0.0016964524984359741,-0.7254965901374817,0.245918869972229,0.0657721757888794,-0.24904561042785645
1749033603.6070182,0.14909952878952026,-1.6401597462096156,1.009296719227926,1.325465365047119,-0.7646210829364222,-1.2957008520709437,-0.022348280996084213,0.016931667923927307,-0.01745286025106907,-0.036526091396808624,0.04226537421345711,-0.16441050171852112,-0.3531041443347931,-0.025563284754753113,-0.7236198782920837,0.25726813077926636,0.0566762238740921,-0.22582916915416718
1749033603.6070547,0.14902392029762268,-1.6400729618468226,1.009244743977682,1.3254048067280273,-0.7645524183856409,-1.2960165182696741,-0.021961182355880737,0.0167424064129591,-0.01655830442905426,-0.036873411387205124,0.04132374748587608,-0.163991317152977,-0.35535290837287903,0.007815621793270111,-0.7201203107833862,0.2454901486635208,0.055353447794914246,-0.20562580227851868
1749033603.6076376,0.14900359511375427,-1.6400333843626917,1.0092442671405237,1.3253366190144042,-0.7644346396075647,-1.2963703314410608,-0.021988965570926666,0.01657450757920742,-0.016144728288054466,-0.038345783948898315,0.039419986307621,-0.16405998170375824,-0.3421521484851837,0.004282474517822266,-0.7276670336723328,0.2551141381263733,0.06338328123092651,-0.20222631096839905
1749033603.609749,0.1489643156528473,-1.6400515041747035,1.009211842213766,1.3252565103718261,-0.7643922011004847,-1.296624008809225,-0.021887928247451782,0.01592192053794861,-0.015734342858195305,-0.038137223571538925,0.037929683923721313,-0.16044829785823822,-0.3668404221534729,-0.024389341473579407,-0.7209088802337646,0.2740630507469177,0.06706029176712036,-0.19189715385437012
1749033603.6502783,0.14893533289432526,-1.639961381951803,1.0091717878924769,1.325152798289917,-0.764313046132223,-1.2969573179828089,-0.021447349339723587,0.015814470127224922,-0.016339190304279327,-0.03805767372250557,0.037561994045972824,-0.1567821502685547,-0.36176860332489014,-0.011594466865062714,-0.7324584722518921,0.25988417863845825,0.0651148110628128,-0.21396005153656006
1749033603.6503248,0.14888425171375275,-1.639944692651266,1.0091479460345667,1.3250648218342285,-0.7642152945147913,-1.2973030249225062,-0.021235821768641472,0.015647735446691513,-0.016501570120453835,-0.038077253848314285,0.037047214806079865,-0.15324705839157104,-0.34555700421333313,0.0038423240184783936,-0.7177361249923706,0.256756454706192,0.06095358729362488,-0.21934153139591217
1749033603.6503654,0.14883267879486084,-1.6399208507933558,1.0091317335711878,1.3250114160725097,-0.7641609350787562,-1.2976020018206995,-0.02161705307662487,0.01618417724967003,-0.015967413783073425,-0.03857351839542389,0.03894970566034317,-0.1491481363773346,-0.36770105361938477,-0.01632479578256607,-0.7160919308662415,0.27006715536117554,0.07640096545219421,-0.2508963346481323
1749033603.6504047,0.14881236851215363,-1.6398502788939417,1.009092156087057,1.3249355989643554,-0.7640941778766077,-1.2978819052325647,-0.02128158137202263,0.0157405324280262,-0.01567067764699459,-0.037876397371292114,0.039489999413490295,-0.15060295164585114,-0.3504267930984497,-0.00708906352519989,-0.734298825263977,0.2779717445373535,0.046532969921827316,-0.24320881068706512
1749033603.6504421,0.1487489640712738,-1.6398807964720667,1.009052578602926,1.3248633581348876,-0.7640445868121546,-1.2981532255755823,-0.020143713802099228,0.015214400365948677,-0.015344742685556412,-0.03476469963788986,0.03783468157052994,-0.15095439553260803,-0.3733054995536804,-0.021772772073745728,-0.7343201041221619,0.28558140993118286,0.07389815896749496,-0.23441320657730103
1749033603.6504798,0.14871297776699066,-1.6398478947081507,1.0090282599078577,1.3247949320026855,-0.7639039198504847,-1.2985261122332972,-0.02065742202103138,0.015249676071107388,-0.015209251083433628,-0.03405771777033806,0.03759739175438881,-0.15189065039157867,-0.36422011256217957,-0.004208989441394806,-0.7386897802352905,0.26043644547462463,0.05798909068107605,-0.22993038594722748
1749033603.6505167,0.14871159195899963,-1.6398083172240199,1.0090044180499476,1.324734850520752,-0.7638323942767542,-1.2987940947162073,-0.02140873484313488,0.015237338840961456,-0.01478127483278513,-0.03292834758758545,0.03706565871834755,-0.15353907644748688,-0.35941505432128906,-0.031844690442085266,-0.7375888824462891,0.26773160696029663,0.08280587196350098,-0.1829463094472885
1749033603.6505542,0.14865343272686005,-1.6397577724852503,1.008996311818258,1.3246936041065673,-0.763778034840719,-1.2991364637957972,-0.021790970116853714,0.015221952460706234,-0.01509141642600298,-0.03207065165042877,0.03631535544991493,-0.1546478569507599,-0.3686743378639221,-0.030154183506965637,-0.7361726760864258,0.24009740352630615,0.06106945872306824,-0.17379313707351685
1749033603.6505923,0.1485971063375473,-1.6397487125792445,1.0089252630816858,1.3246182638355712,-0.7636917273150843,-1.2994440237628382,-0.02116735652089119,0.014768543653190136,-0.014692338183522224,-0.03229692950844765,0.03584035858511925,-0.15229471027851105,-0.34871381521224976,-0.012833386659622192,-0.7488589286804199,0.2536465525627136,0.07208408415317535,-0.16587382555007935
1749033603.6506295,0.14856481552124023,-1.6397019825377406,1.0088775793658655,1.3245341020771484,-0.7636821905719202,-1.2997306028949183,-0.021034425124526024,0.015168221667408943,-0.015246986411511898,-0.03272220864892006,0.035552702844142914,-0.14963290095329285,-0.36080604791641235,-0.024551689624786377,-0.7368457317352295,0.24667978286743164,0.06912412494421005,-0.14280208945274353
1749033603.6506665,0.14847524464130402,-1.6396657429137171,1.0088723341571253,1.3244423109241943,-0.7635982672320765,-1.3000066916095179,-0.021059975028038025,0.014768930152058601,-0.01420512143522501,-0.0336315743625164,0.03535064309835434,-0.14445962011814117,-0.35540586709976196,-0.02797897905111313,-0.7227322459220886,0.2698473334312439,0.06886695325374603,-0.14533323049545288
1749033603.6507037,0.14845529198646545,-1.6396109066405238,1.0088136831866663,1.324413223857544,-0.7635105291949671,-1.3002975622760218,-0.020309627056121826,0.014708522707223892,-0.01516311801970005,-0.03344792500138283,0.035195741802453995,-0.13922521471977234,-0.3505277633666992,-0.02998977154493332,-0.7470048666000366,0.25892746448516846,0.057311270385980606,-0.1717858761548996
1749033603.6507401,0.14843320846557617,-1.639608999291891,1.0087936560260218,1.324356957072876,-0.7634595076190394,-1.300567928944723,-0.02002279832959175,0.013663433492183685,-0.014923003502190113,-0.0321384035050869,0.03420199081301689,-0.13643866777420044,-0.3379443287849426,-0.03532331436872482,-0.7289379835128784,0.2595558762550354,0.06022524833679199,-0.17725947499275208
1749033603.6507766,0.14837826788425446,-1.6395508251585902,1.0087574164019983,1.3242925840565185,-0.7633221785174769,-1.3007848898517054,-0.02084621600806713,0.013949531130492687,-0.015348218381404877,-0.03182121366262436,0.034541260451078415,-0.13156352937221527,-0.3624221384525299,-0.0051406919956207275,-0.7135934829711914,0.24529889225959778,0.06459329277276993,-0.18772076070308685
1749033603.6508226,0.14835791289806366,-1.6395651302733363,1.0087373892413538,1.3242479997822265,-0.7633040587054651,-1.3010624090777796,-0.020058393478393555,0.013479775749146938,-0.014158186502754688,-0.031057385727763176,0.033306222409009933,-0.12734615802764893,-0.33931994438171387,-0.04467097669839859,-0.7386767268180847,0.2501104772090912,0.05036989971995354,-0.2391919195652008
1749033603.6508641,0.14833416044712067,-1.6395250759520472,1.0087011496173304,1.3241724210926513,-0.7632783094989222,-1.3013184706317347,-0.019127104431390762,0.013690400868654251,-0.01419929601252079,-0.03241204097867012,0.032699037343263626,-0.12416914850473404,-0.361069917678833,-0.02915104478597641,-0.7255167961120605,0.24828585982322693,0.04562497138977051,-0.21709972620010376
1749033603.6509013,0.14825046062469482,-1.6394740543761195,1.0087083021747034,1.3240813451954345,-0.7631757895099085,-1.30156118074526,-0.01964489556849003,0.013421213254332542,-0.013222316280007362,-0.033151645213365555,0.031811200082302094,-0.12766294181346893,-0.34586793184280396,-0.05062531679868698,-0.7421745657920837,0.2656036913394928,0.05521059036254883,-0.20908614993095398
1749033603.6509376,0.1481921374797821,-1.6394649944701136,1.0086963812457483,1.3240243631550292,-0.7630780378924769,-1.3018162886248987,-0.01927773281931877,0.013004626147449017,-0.013661018572747707,-0.032168809324502945,0.031077563762664795,-0.1239941269159317,-0.32155516743659973,-0.01110934466123581,-0.7226652503013611,0.2742837965488434,0.08078829199075699,-0.2245546579360962
1749033603.6509743,0.14814455807209015,-1.639437814752096,1.0086568037616175,1.3239671426960449,-0.7630098501788538,-1.3021023909198206,-0.018895747140049934,0.013338213786482811,-0.01283944956958294,-0.031223038211464882,0.03105459362268448,-0.12577585875988007,-0.3243369460105896,-0.03355073183774948,-0.7275384068489075,0.2731877565383911,0.0631626695394516,-0.22165443003177643
1749033603.6510103,0.14816686511039734,-1.6394368610777796,1.008608643208639,1.323892279262207,-0.7630003134356897,-1.3023455778705042,-0.01815900020301342,0.012718775309622288,-0.013117417693138123,-0.03005247376859188,0.030643869191408157,-0.1265064924955368,-0.3063945174217224,-0.028160057961940765,-0.7311417460441589,0.27498674392700195,0.06172720342874527,-0.18807488679885864
1749033603.6516707,0.14811038970947266,-1.6393810711302699,1.008608643208639,1.3238317209431152,-0.7629450003253382,-1.302577320729391,-0.016764285042881966,0.012923982925713062,-0.01248755119740963,-0.02897125668823719,0.030956296250224113,-0.12344688177108765,-0.3428560197353363,-0.009133361279964447,-0.7299956679344177,0.2713448405265808,0.0563785657286644,-0.17938299477100372
1749033603.6536288,0.1480523645877838,-1.6393572292723597,1.008557144795553,1.323768063182495,-0.7628806273089808,-1.3027976194964808,-0.01646587811410427,0.012434002012014389,-0.012674739584326744,-0.029074622318148613,0.030435815453529358,-0.12200330942869186,-0.3403224050998688,-0.009014636278152466,-0.739395260810852,0.26845115423202515,0.03920016065239906,-0.18888571858406067
1749033603.698311,0.1480197012424469,-1.6393209896483363,1.0085490385638636,1.3237353998371582,-0.7628172079669397,-1.303039852772848,-0.016376987099647522,0.012958148494362831,-0.012403439730405807,-0.029686011373996735,0.03074837662279606,-0.1184220090508461,-0.34173768758773804,-0.022825278341770172,-0.7296068072319031,0.28034913539886475,0.04441995173692703,-0.1943625807762146
1749033603.698359,0.148026704788208,-1.639331956902975,1.0085366407977503,1.3236827093311767,-0.7627761999713343,-1.3032634894000452,-0.0159996896982193,0.012564142234623432,-0.011856529861688614,-0.028954794630408287,0.02949143946170807,-0.11596672981977463,-0.3415318727493286,-0.04217786341905594,-0.7303619980812073,0.28465625643730164,0.05266505107283592,-0.20591241121292114
1749033603.6984005,0.1480182409286499,-1.6392823658385218,1.0084927717791956,1.3236028391071777,-0.7627370993243616,-1.303481403981344,-0.016165094450116158,0.012608633376657963,-0.012071389704942703,-0.028377363458275795,0.02939087338745594,-0.11324028670787811,-0.36087024211883545,-0.029877495020627975,-0.727485716342926,0.2751285433769226,0.05507726967334747,-0.21495258808135986
1749033603.6984406,0.1479445993900299,-1.6392809353270472,1.0084455649005335,1.323542757625244,-0.7626531759845179,-1.3037202993976038,-0.0161746758967638,0.012784899212419987,-0.011711306869983673,-0.027571512386202812,0.0280839242041111,-0.10990114510059357,-0.3464251756668091,-0.03976215794682503,-0.7325612306594849,0.2775525152683258,0.05722244083881378,-0.2452457845211029
1749033603.6984787,0.1479276567697525,-1.6392184696593226,1.008444611226217,1.3235100942799072,-0.7625778357135218,-1.3039005438434046,-0.015896519646048546,0.012166540138423443,-0.012176433578133583,-0.025799760594964027,0.027905216440558434,-0.11197911947965622,-0.37048476934432983,-0.037588346749544144,-0.7346179485321045,0.27062511444091797,0.05362240970134735,-0.20828956365585327
1749033603.6985168,0.14789855480194092,-1.6392294369139613,1.008432690297262,1.323450728053711,-0.7625177542315882,-1.30414325395693,-0.015405417419970036,0.012751869857311249,-0.012135935015976429,-0.026172056794166565,0.026730114594101906,-0.1077791228890419,-0.3590274453163147,-0.038835424929857254,-0.7322320342063904,0.2724073827266693,0.06230825185775757,-0.21451836824417114
1749033603.698554,0.14786624908447266,-1.6392055950560511,1.0084016958819788,1.323390169734619,-0.7625010649310511,-1.3043387571917933,-0.015128275379538536,0.012218436226248741,-0.01150598656386137,-0.025975128635764122,0.026831546798348427,-0.10735217481851578,-0.34019747376441956,0.004446256905794144,-0.7387137413024902,0.2751157283782959,0.07248304039239883,-0.26825976371765137
1749033603.6985912,0.14782357215881348,-1.6391850910582484,1.0083850065814417,1.323321982020996,-0.7623880545245569,-1.3045881430255335,-0.015372791327536106,0.011532792821526527,-0.011665327474474907,-0.025981370359659195,0.026719652116298676,-0.10765811055898666,-0.36480316519737244,0.024210257455706596,-0.7277726531028748,0.2805542051792145,0.059878017753362656,-0.2599094808101654
1749033603.6986284,0.1478113979101181,-1.6391731701292933,1.0083416144000452,1.323281927699707,-0.7623403708087366,-1.3048155943499964,-0.014912385493516922,0.011873705312609673,-0.01118419412523508,-0.02550126053392887,0.026831574738025665,-0.11216733604669571,-0.3577028214931488,-0.012520311400294304,-0.7332566380500793,0.2909019887447357,0.04750964045524597,-0.24344606697559357
1749033603.6986654,0.1477857530117035,-1.6391493282713832,1.0083330313311976,1.323232813472412,-0.7623027006732386,-1.3050029913531702,-0.015145605430006981,0.012180609628558159,-0.011397846043109894,-0.025438319891691208,0.0264882929623127,-0.11175278574228287,-0.3724184036254883,-0.0329621359705925,-0.7344050407409668,0.2978990375995636,0.06504277139902115,-0.21153876185417175
1749033603.6987026,0.14773987233638763,-1.6391054592528285,1.0083087126361292,1.32318560659375,-0.7622788588153284,-1.3052528540240687,-0.014949196949601173,0.012151047587394714,-0.011556051671504974,-0.02452380768954754,0.02672487497329712,-0.11061358451843262,-0.35754233598709106,-0.01890511065721512,-0.7163437008857727,0.27463915944099426,0.04443243891000748,-0.23610354959964752
1749033603.6987398,0.14771237969398499,-1.6390553913512171,1.0082662741290491,1.3231336313435058,-0.7622035185443323,-1.3054679075824183,-0.015187473967671394,0.011840280145406723,-0.011839082464575768,-0.024524051696062088,0.02673153392970562,-0.11355283111333847,-0.37468236684799194,-0.023519601672887802,-0.7270431518554688,0.27603039145469666,0.053330197930336,-0.19192303717136383
1749033603.6987772,0.14766092598438263,-1.6390577755370082,1.0082610289203089,1.323101206416748,-0.7621830145465296,-1.3056905905352991,-0.014673085883259773,0.011878570541739464,-0.012346414849162102,-0.023833096027374268,0.025640083476901054,-0.11438540369272232,-0.3946765065193176,-0.033231403678655624,-0.7130854725837708,0.2876301407814026,0.06486444175243378,-0.1809505820274353
1749033603.698814,0.14764907956123352,-1.6390615902342738,1.008221451436178,1.3230528074451904,-0.7621305624591272,-1.3059256712542933,-0.01522235106676817,0.011918616481125355,-0.011320002377033234,-0.02378726750612259,0.026187259703874588,-0.11438104510307312,-0.3580026626586914,-0.03481484577059746,-0.7248212695121765,0.2885390520095825,0.06300518661737442,-0.1795428842306137
1749033603.698851,0.1476408988237381,-1.6390096149840296,1.008204762135641,1.3230201440998535,-0.7620914618121546,-1.3061602751361292,-0.014757419936358929,0.011540320701897144,-0.011504650115966797,-0.024059545248746872,0.025321530178189278,-0.11352360248565674,-0.369795560836792,-0.02217291109263897,-0.7237892746925354,0.2696284055709839,0.0820392295718193,-0.17746765911579132
1749033603.6988878,0.1476118117570877,-1.6389976940550746,1.0081971327411097,1.3229409891315917,-0.7619932333575647,-1.3063872496234339,-0.015275967307388783,0.01074367668479681,-0.011162880808115005,-0.024138765409588814,0.02601289190351963,-0.1103125587105751,-0.35626333951950073,-0.018725890666246414,-0.7309874892234802,0.27215224504470825,0.08597742021083832,-0.17340649664402008
1749033603.6989248,0.14751070737838745,-1.6389934025206507,1.00816518465151,1.3229209619709472,-0.7619336287127894,-1.3065865675555628,-0.014458033256232738,0.010683376342058182,-0.01092120073735714,-0.02452564239501953,0.025206081569194794,-0.10874085128307343,-0.371711790561676,-0.018862444907426834,-0.7215526700019836,0.26423144340515137,0.06349152326583862,-0.16657397150993347
1749033603.6989617,0.14753997325897217,-1.63897766689443,1.0081451574908655,1.3228410917469482,-0.7619121710406702,-1.3067825476275843,-0.014551260508596897,0.010989530012011528,-0.011725492775440216,-0.02433173730969429,0.02604304999113083,-0.10597491264343262,-0.3681987524032593,-0.02262439765036106,-0.7235636115074158,0.27663302421569824,0.060140494257211685,-0.17043620347976685
1749033603.6989985,0.14745928347110748,-1.6389500103392542,1.0081170240985315,1.3228282171436767,-0.7618759314166468,-1.3070195356952112,-0.014150870032608509,0.010683810338377953,-0.011110001243650913,-0.024434329941868782,0.025439836084842682,-0.10317084938287735,-0.35737645626068115,0.0033449269831180573,-0.71302729845047,0.28743380308151245,0.09173023700714111,-0.18702661991119385
1749033603.6990352,0.14744214713573456,-1.6388985119261683,1.008096996937887,1.322767658824585,-0.7618468443499964,-1.3071845213519495,-0.014329252764582634,0.010981966741383076,-0.011263515800237656,-0.023548197001218796,0.025493597611784935,-0.10089580714702606,-0.35515838861465454,-0.006747819483280182,-0.7159849405288696,0.25836214423179626,0.07535968720912933,-0.1945311278104782
1749033603.6990716,0.14746826887130737,-1.6389056644835414,1.0080731550799769,1.3227199751087646,-0.7617562452899378,-1.3074143568622034,-0.013994480483233929,0.011249891482293606,-0.010856244713068008,-0.024202559143304825,0.025824928656220436,-0.09818574786186218,-0.35739701986312866,-0.02746279165148735,-0.7195757627487183,0.2907294034957886,0.06551586091518402,-0.22290338575839996
1749033603.6991084,0.1474013775587082,-1.638827463189596,1.0080297628985804,1.3226677614399414,-0.7616704146014612,-1.307594124470846,-0.014309745281934738,0.010540206916630268,-0.010441123507916927,-0.024983584880828857,0.025830453261733055,-0.1001659408211708,-0.35532039403915405,-0.035457391291856766,-0.7236394882202148,0.28321319818496704,0.06427638977766037,-0.1954295039176941
1749033603.6996665,0.14738106727600098,-1.6388417683043421,1.0080369154559534,1.322620077724121,-0.7616656462298792,-1.3077505270587366,-0.014033198356628418,0.0107876593247056,-0.010976794175803661,-0.02454567141830921,0.025908637791872025,-0.09741337597370148,-0.34435558319091797,-0.014286603778600693,-0.722938597202301,0.2916983664035797,0.04487890005111694,-0.19138731062412262
1749033603.7016358,0.14735352993011475,-1.6388141117491664,1.0080249945269983,1.3225714403339843,-0.7615626494037073,-1.3079727331744593,-0.014084025286138058,0.010456770658493042,-0.011109753511846066,-0.02407350204885006,0.02514609694480896,-0.09464811533689499,-0.37000536918640137,-0.0026647262275218964,-0.7087054252624512,0.2833027243614197,0.033247657120227814,-0.24324578046798706
1749033603.7422752,0.14732465147972107,-1.6387864551939906,1.0080168882953089,1.3225230413624267,-0.7615769545184534,-1.30815297762026,-0.013542675413191319,0.01106305792927742,-0.010221835225820541,-0.0228705033659935,0.024760296568274498,-0.09481917321681976,-0.36889463663101196,0.02156165987253189,-0.7322901487350464,0.28178486227989197,0.06375930458307266,-0.23815377056598663
1749033603.7423227,0.14732123911380768,-1.6387974224486292,1.0079696814166468,1.3224786955067138,-0.761505428944723,-1.3083704153644007,-0.013925056904554367,0.01130938995629549,-0.010565760545432568,-0.022498466074466705,0.023313472047448158,-0.09686914086341858,-0.3540278673171997,-0.03662671148777008,-0.7283968925476074,0.2822796106338501,0.061933428049087524,-0.23229753971099854
1749033603.7423658,0.14725099503993988,-1.6388045750060023,1.007930103932516,1.322446508998535,-0.7614501158343714,-1.3085687796222132,-0.013601462356746197,0.009991408325731754,-0.009933717548847198,-0.022323042154312134,0.022965366020798683,-0.0986412912607193,-0.3389316499233246,-0.012733854353427887,-0.73372882604599,0.2888607382774353,0.070215605199337,-0.2162708044052124
1749033603.742406,0.14726820588111877,-1.6387301884093226,1.0079568068133753,1.3223785597034912,-0.7614176909076136,-1.3087599913226526,-0.013519857078790665,0.009494048543274403,-0.00975029170513153,-0.022421618923544884,0.02300850674510002,-0.09547246992588043,-0.3521718382835388,-0.021490421146154404,-0.7180100679397583,0.29345595836639404,0.07370961457490921,-0.20848168432712555
1749033603.7424445,0.14723441004753113,-1.638726373712057,1.0079448858844202,1.3223621088215332,-0.7613890806781214,-1.3089631239520472,-0.013290032744407654,0.010203525424003601,-0.010759172029793262,-0.022538434714078903,0.022978253662586212,-0.09522352367639542,-0.3411036431789398,-0.02769983559846878,-0.7122236490249634,0.28858208656311035,0.06073176860809326,-0.20747151970863342
1749033603.7424827,0.14718608558177948,-1.6387173138060511,1.007909123097555,1.3222948747822265,-0.7613185087787073,-1.3091662565814417,-0.013149972073733807,0.010582966729998589,-0.010237518697977066,-0.021991247311234474,0.023871000856161118,-0.09604676812887192,-0.3464296758174896,-0.0371091291308403,-0.7084974050521851,0.2893434166908264,0.05641794204711914,-0.20698843896389008
1749033603.7425203,0.14715886116027832,-1.6386662922301234,1.0078652540790003,1.3222622114368896,-0.7612832228290003,-1.3093412558185022,-0.01286948099732399,0.009669804014265537,-0.009511608630418777,-0.02182668261229992,0.022143427282571793,-0.09461276233196259,-0.3214135468006134,-0.03996019437909126,-0.7214317321777344,0.30054277181625366,0.07152674347162247,-0.1853172928094864
1749033603.742558,0.14716577529907227,-1.6386620006956996,1.0078571478473108,1.3222295480915527,-0.7612541357623499,-1.309498135243551,-0.012693032622337341,0.009463133290410042,-0.009530111216008663,-0.0213935524225235,0.023334363475441933,-0.0921429842710495,-0.3490915894508362,-0.03587845712900162,-0.7123415470123291,0.2795167565345764,0.06062515825033188,-0.16334974765777588
1749033603.7426038,0.14716577529907227,-1.6386620006956996,1.0078571478473108,1.3222295480915527,-0.7612541357623499,-1.309498135243551,-0.012693032622337341,0.009463133290410042,-0.009530111216008663,-0.0213935524225235,0.023334363475441933,-0.0921429842710495,-0.3490915894508362,-0.03587845712900162,-0.7123415470123291,0.2795167565345764,0.06062515825033188,-0.16334974765777588
1749033603.7426434,0.1471146047115326,-1.6386572323241175,1.00781757036318,1.3221070009418945,-0.7611358801471155,-1.3098676840411585,-0.012633885256946087,0.008704026229679585,-0.008621420711278915,-0.020443184301257133,0.021461956202983856,-0.08839830011129379,-0.35444164276123047,-0.03587780147790909,-0.6987730860710144,0.2732475996017456,0.05134037882089615,-0.19112420082092285
1749033603.7426813,0.14706331491470337,-1.6386257610716761,1.0077865759478968,1.3220621782490234,-0.7611225287066858,-1.3100579420672815,-0.012897685170173645,0.008019675500690937,-0.00843009538948536,-0.020354123786091805,0.02167191170156002,-0.08468285202980042,-0.33055001497268677,-0.04337909072637558,-0.7083936333656311,0.2980540990829468,0.057894282042980194,-0.19870144128799438
1749033603.7427187,0.14701712131500244,-1.6385861835875453,1.0077937285052698,1.322037621135376,-0.7610710302935999,-1.3101900259601038,-0.012040022760629654,0.0073476871475577354,-0.00832345150411129,-0.019373005256056786,0.020680421963334084,-0.08278828114271164,-0.35311079025268555,-0.04255428910255432,-0.7159620523452759,0.31367889046669006,0.048479534685611725,-0.19559001922607422
1749033603.7427564,0.14702248573303223,-1.638597150842184,1.0077851454364222,1.3219939905354003,-0.7610200087176722,-1.3103769461261194,-0.012004184536635876,0.0074009825475513935,-0.007694621104747057,-0.01824325881898403,0.01929512992501259,-0.0805402547121048,-0.329498291015625,-0.016301646828651428,-0.7126246690750122,0.2875572443008423,0.06040230765938759,-0.2215437889099121
1749033603.7427936,0.14701032638549805,-1.638562341729635,1.007761303578512,1.32198874532666,-0.760996166859762,-1.3105199972735804,-0.011799671687185764,0.006970215123146772,-0.007515385746955872,-0.018936043605208397,0.019587315618991852,-0.07902545481920242,-0.3180076479911804,-0.05575896054506302,-0.7283591032028198,0.28029412031173706,0.05937783047556877,-0.22054661810398102
1749033603.742831,0.14696234464645386,-1.6385656795897425,1.0077574888812464,1.3219215112873535,-0.760970417653219,-1.3106563727008265,-0.011198168620467186,0.006611415650695562,-0.007129891309887171,-0.018278876319527626,0.019648518413305283,-0.07874800264835358,-0.36094754934310913,-0.05608034133911133,-0.7276204824447632,0.2893429696559906,0.07150166481733322,-0.20326179265975952
1749033603.7428687,0.14696240425109863,-1.6385656795897425,1.0077841917621058,1.3218976694294433,-0.7608965078936976,-1.3108199278460901,-0.011319420300424099,0.006246726028621197,-0.007167498581111431,-0.017559079453349113,0.01949470490217209,-0.07700834423303604,-0.31266385316848755,-0.05552421510219574,-0.7216756343841553,0.29158541560173035,0.0798972100019455,-0.20013268291950226
1749033603.7429059,0.1469351202249527,-1.638538499871725,1.0077288786517542,1.3218614298054199,-0.7609227339373987,-1.3109701315509241,-0.010637963190674782,0.0054892986081540585,-0.006650459486991167,-0.01742592826485634,0.01986703835427761,-0.0731385126709938,-0.33847951889038086,-0.026179268956184387,-0.7212331295013428,0.29745104908943176,0.066053107380867,-0.20571160316467285
1749033603.742943,0.1469043791294098,-1.6384512386717738,1.0076940695392054,1.3218096929737548,-0.7608659903155726,-1.311113182698385,-0.010093464516103268,0.005296261515468359,-0.00630175368860364,-0.01610139012336731,0.01921374723315239,-0.07196082919836044,-0.351970911026001,-0.04391644895076752,-0.7211786508560181,0.29120755195617676,0.06929820775985718,-0.21295906603336334
1749033603.7429802,0.14687204360961914,-1.6385404072203578,1.0076974073993128,1.3218049246021728,-0.7608078161822718,-1.3112567106830042,-0.009899749420583248,0.004878424108028412,-0.006214512046426535,-0.015725845471024513,0.01840100809931755,-0.0691799521446228,-0.35636699199676514,-0.014851134270429611,-0.7175660133361816,0.30326831340789795,0.07266142964363098,-0.209532231092453
1749033603.7430184,0.1468493938446045,-1.6384860477843226,1.0076735655414026,1.3217496114918212,-0.7607997099505823,-1.3113840262042444,-0.00925643090158701,0.004521687515079975,-0.00580761581659317,-0.01600935123860836,0.018137263134121895,-0.07018525898456573,-0.33501243591308594,-0.043331079185009,-0.7153769135475159,0.27774345874786377,0.056188277900218964,-0.2170645147562027
1749033603.7436697,0.1468479484319687,-1.6384970150389613,1.0076811949359339,1.321732445354126,-0.7607243696795862,-1.3115347067462366,-0.009151198901236057,0.004703495651483536,-0.005658032838255167,-0.016000758856534958,0.017664531245827675,-0.07110623270273209,-0.30313754081726074,-0.050660911947488785,-0.7190426588058472,0.29161930084228516,0.07437597960233688,-0.19793488085269928
1749033603.745618,0.14682383835315704,-1.6384927235045375,1.0076616446124476,1.3217078882404785,-0.7606881300555628,-1.311612908040182,-0.008913949131965637,0.004792617168277502,-0.005345452576875687,-0.015563040971755981,0.016800781711935997,-0.06841547042131424,-0.3259992003440857,-0.04901526868343353,-0.7100726366043091,0.27653735876083374,0.049219220876693726,-0.1836802214384079
1749033603.7903168,0.14680038392543793,-1.6384693584837855,1.007653538380758,1.3216842848011474,-0.7606642881976526,-1.311775032673971,-0.008062297478318214,0.004228005651384592,-0.005012849345803261,-0.01562577113509178,0.016909625381231308,-0.06503233313560486,-0.3349931538105011,-0.053012996912002563,-0.7234232425689697,0.29671284556388855,0.03545214235782623,-0.20059038698673248
1749033603.7903633,0.1467539668083191,-1.638496538201803,1.007653538380758,1.3216323095509033,-0.7605975309955042,-1.3119185606585901,-0.00683002732694149,0.003900674870237708,-0.005168989300727844,-0.015515310689806938,0.01596261002123356,-0.06445534527301788,-0.36232584714889526,-0.04331222549080849,-0.7235130071640015,0.29448893666267395,0.0540374293923378,-0.2017545849084854
1749033603.7904043,0.1467573642730713,-1.6384531460204066,1.007622543965475,1.3216203886219482,-0.7605775038348597,-1.3120687643634241,-0.006756230257451534,0.004293167497962713,-0.005141267087310553,-0.014471380040049553,0.01517272274941206,-0.0644606500864029,-0.33004605770111084,-0.051296986639499664,-0.7167061567306519,0.31103360652923584,0.040446676313877106,-0.17319591343402863
1749033603.7904437,0.14676423370838165,-1.6384455166258753,1.0076258818255823,1.321603460902832,-0.7605755964862269,-1.3121727148639124,-0.006837368011474609,0.004201259929686785,-0.005273669026792049,-0.014068633317947388,0.01480876561254263,-0.06370718032121658,-0.34843766689300537,-0.0677805170416832,-0.7243112921714783,0.2844589948654175,0.047962576150894165,-0.17242631316184998
1749033603.7904813,0.14678999781608582,-1.6384531460204066,1.0076211134540003,1.3215641218372802,-0.7605446020709437,-1.3123005072223108,-0.006134856026619673,0.0040547908283770084,-0.005613959860056639,-0.013961796648800373,0.014579414390027523,-0.06232335790991783,-0.3377876281738281,-0.043243005871772766,-0.7170327305793762,0.2870755195617676,0.033785197883844376,-0.19019339978694916
1749033603.7905192,0.14672820270061493,-1.6384302578368128,1.0075705687152308,1.3215042787739257,-0.760538403187887,-1.3124478499041956,-0.005372744984924793,0.004250020254403353,-0.005255253054201603,-0.013768338598310947,0.013764272443950176,-0.06043239310383797,-0.3500295877456665,-0.04462623596191406,-0.7214051485061646,0.29372158646583557,0.059938061982393265,-0.17643584311008453
1749033603.790557,0.14675089716911316,-1.6384130916991175,1.0076058546649378,1.321507139796875,-0.7604849974261683,-1.3125432173358362,-0.005606337450444698,0.004661873448640108,-0.0051887365989387035,-0.013394931331276894,0.01310880109667778,-0.057667966932058334,-0.3477281928062439,-0.03419613465666771,-0.7298997640609741,0.3002801537513733,0.05118398740887642,-0.1802505999803543
1749033603.7906005,0.14676964282989502,-1.6383944950499476,1.0075743834124964,1.3214987951466064,-0.7604149023639124,-1.3126309553729456,-0.005925999954342842,0.004749754443764687,-0.005121202673763037,-0.012846007943153381,0.012425924651324749,-0.057458776980638504,-0.3369261920452118,-0.06554993242025375,-0.7234106659889221,0.2826460301876068,0.06586380302906036,-0.1864340901374817
1749033603.79064,0.14670813083648682,-1.638397832910055,1.0075815359698694,1.321443958873413,-0.7604458967791956,-1.3127544561969202,-0.0066136764362454414,0.004692926537245512,-0.00582693750038743,-0.012808109633624554,0.012705559842288494,-0.05664079636335373,-0.32963135838508606,-0.038536954671144485,-0.733267068862915,0.292264461517334,0.07518009841442108,-0.21110811829566956
1749033603.790678,0.14669620990753174,-1.6384254894652308,1.0075505415545862,1.321443958873413,-0.760444466267721,-1.3128579298602503,-0.006737858522683382,0.004312930162996054,-0.005724688991904259,-0.01267863530665636,0.012912280857563019,-0.05606792867183685,-0.3115209639072418,-0.051591064780950546,-0.7208906412124634,0.3085451126098633,0.06957709789276123,-0.1911550760269165
1749033603.790715,0.14666862785816193,-1.6384054623045863,1.0075419584857386,1.3213879305073242,-0.7604463736163538,-1.312977139149801,-0.005759718827903271,0.0042579080909490585,-0.0062937685288488865,-0.01280848030000925,0.012954381294548512,-0.05540360510349274,-0.3484123647212982,-0.023413054645061493,-0.7145296335220337,0.28759267926216125,0.06887993216514587,-0.20349019765853882
1749033603.790752,0.1467186063528061,-1.6384364567198695,1.0075295607196253,1.3213488298603515,-0.7603414694415491,-1.313084904347555,-0.0056383041664958,0.004959223326295614,-0.006208360660821199,-0.012213217094540596,0.013044821098446846,-0.05477944761514664,-0.3399956226348877,-0.03397975116968155,-0.7196018695831299,0.2882503271102905,0.07267612218856812,-0.17975890636444092
1749033603.7907891,0.1466909646987915,-1.6384016476073207,1.0075181166278284,1.3213631349750976,-0.7603758017169397,-1.3131964842425745,-0.006538857240229845,0.0051155672408640385,-0.006128114182502031,-0.01204165630042553,0.012992891483008862,-0.05347750335931778,-0.358462393283844,-0.06002006307244301,-0.7167271375656128,0.30095258355140686,0.06819825619459152,-0.19840304553508759
1749033603.790826,0.14673584699630737,-1.6383654079832972,1.007486645375387,1.3213352400013427,-0.7603057066546839,-1.3132761160479944,-0.00743050267919898,0.004409478511661291,-0.006505568511784077,-0.011894403025507927,0.013809829950332642,-0.053906407207250595,-0.31865888833999634,-0.022051207721233368,-0.7153856754302979,0.2982192635536194,0.05534910410642624,-0.17638231813907623
1749033603.790863,0.14667412638664246,-1.6383582554259242,1.00749379793276,1.3212954240986328,-0.7602804342852991,-1.313411060963766,-0.006387225352227688,0.00416829576715827,-0.006447973661124706,-0.01229941751807928,0.01306198351085186,-0.05324321240186691,-0.31619390845298767,-0.04310018569231033,-0.718258261680603,0.2856764793395996,0.07020746171474457,-0.1579587757587433
1749033603.7909,0.1466103047132492,-1.638341566125387,1.0075133482562464,1.3212751585194091,-0.7602456251727503,-1.3135188261615198,-0.0055956970900297165,0.004070700611919165,-0.005835800897330046,-0.012519588693976402,0.013030612841248512,-0.0516287200152874,-0.3671725392341614,-0.03749966621398926,-0.7152367830276489,0.28752657771110535,0.05942438542842865,-0.1540188193321228
1749033603.7909372,0.14663104712963104,-1.6383639774718226,1.00746995607485,1.3212389188953857,-0.7601907888995569,-1.313629452382223,-0.005742679815739393,0.004933249205350876,-0.005801512394100428,-0.012283971533179283,0.01249738223850727,-0.051077116280794144,-0.3490765690803528,-0.029499009251594543,-0.7131127715110779,0.2853902280330658,0.06352479755878448,-0.1980428248643875
1749033603.7909741,0.14659345149993896,-1.638341566125387,1.0074737707721155,1.3212269979664306,-0.7601621786700647,-1.313709561024801,-0.00644838297739625,0.004591422621160746,-0.005963369272649288,-0.011281094513833523,0.012749534100294113,-0.05036880820989609,-0.3721637725830078,-0.029882431030273438,-0.7215647101402283,0.2896018326282501,0.052198633551597595,-0.1759117692708969
1749033603.7910113,0.14657309651374817,-1.6382981739439906,1.0074546972857874,1.3212343889423828,-0.7601621786700647,-1.3138054052936,-0.007054461166262627,0.004621443338692188,-0.006203345023095608,-0.012021810747683048,0.012268555350601673,-0.04991506040096283,-0.35385850071907043,-0.03897886723279953,-0.6979621648788452,0.2977335751056671,0.07495401799678802,-0.19461342692375183
1749033603.7910483,0.14662638306617737,-1.63830628017568,1.0074494520770472,1.3211943346210937,-0.7601917425738733,-1.3138611952411097,-0.0060888612642884254,0.004566841293126345,-0.005565907806158066,-0.012532738037407398,0.011417604982852936,-0.048548899590969086,-0.3597734272480011,-0.0513342060148716,-0.7130704522132874,0.2932710349559784,0.06496679782867432,-0.20483402907848358
1749033603.7910852,0.14658845961093903,-1.638294359246725,1.0074341932879847,1.3211545187183837,-0.7601607481585901,-1.3139804045306605,-0.005554612260311842,0.004484797362238169,-0.00502114649862051,-0.012098398990929127,0.011079165153205395,-0.048778846859931946,-0.3451957702636719,-0.03765934333205223,-0.7077345848083496,0.31024131178855896,0.05339592695236206,-0.16738297045230865
1749033603.7911222,0.14658692479133606,-1.6382581196227015,1.007413689290182,1.321127100581787,-0.7601183096515101,-1.31409198442568,-0.005435848142951727,0.0045302556827664375,-0.004840123001486063,-0.011430125683546066,0.011097515933215618,-0.04801614582538605,-0.3478180170059204,-0.05637124180793762,-0.7202343344688416,0.30544254183769226,0.060772329568862915,-0.16924266517162323
1749033603.7916648,0.14654894173145294,-1.6382671795287074,1.007425610219137,1.3211187559315185,-0.7601092497455042,-1.3141644636737269,-0.005798156838864088,0.004343746695667505,-0.0050167907029390335,-0.010719003155827522,0.011241563595831394,-0.04568067565560341,-0.349478155374527,-0.046369217336177826,-0.7307944297790527,0.3048405349254608,0.07031452655792236,-0.17599976062774658
1749033603.793627,0.14651325345039368,-1.6383053265013636,1.0074017683612269,1.3211061197468261,-0.7600944677935999,-1.314239803944723,-0.006161552853882313,0.003985072020441294,-0.005498798564076424,-0.010032924823462963,0.011079361662268639,-0.043707676231861115,-0.3460308015346527,-0.046987708657979965,-0.7170383930206299,0.3008458912372589,0.06763939559459686,-0.16981449723243713
1749033603.8383067,0.146566241979599,-1.6382581196227015,1.0073898474322718,1.3210698801228027,-0.7600320021258753,-1.3143389860736292,-0.005271987058222294,0.004320042673498392,-0.004951869137585163,-0.009726597927510738,0.01016702875494957,-0.04311898723244667,-0.3447660803794861,-0.0317811481654644,-0.710975170135498,0.3003043532371521,0.04721027612686157,-0.18506228923797607
1749033603.8383522,0.1465132087469101,-1.6382652721800746,1.0073860327350062,1.3210581976124267,-0.7600272337542933,-1.3143985907184046,-0.004378338810056448,0.004114576615393162,-0.00423176446929574,-0.009294284507632256,0.009908879175782204,-0.04289330914616585,-0.3515687584877014,-0.03683227300643921,-0.7291889190673828,0.29916146397590637,0.0709766298532486,-0.18034550547599792
1749033603.8383927,0.1465132087469101,-1.6382652721800746,1.0073860327350062,1.3210581976124267,-0.7600272337542933,-1.3143985907184046,-0.004378338810056448,0.004114576615393162,-0.00423176446929574,-0.009294284507632256,0.009908879175782204,-0.04289330914616585,-0.3515687584877014,-0.03683227300643921,-0.7291889190673828,0.29916146397590637,0.0709766298532486,-0.18034550547599792
1749033603.838468,0.14649975299835205,-1.638238092462057,1.0073898474322718,1.3210343557545166,-0.7600291411029261,-1.314608399068014,-0.003542038146406412,0.0033896120730787516,-0.003817132906988263,-0.008035071194171906,0.010162759572267532,-0.039860084652900696,-0.3412901759147644,-0.04698677733540535,-0.7166352272033691,0.32471632957458496,0.047640711069107056,-0.17505601048469543
1749033603.8385098,0.14649973809719086,-1.6382414303221644,1.0073779265033167,1.3210105138966064,-0.7599776426898401,-1.3146651426898401,-0.0036226322408765554,0.003135502338409424,-0.0038893255405128,-0.007067979779094458,0.009729656390845776,-0.03687284141778946,-0.348580539226532,-0.042536575347185135,-0.7187280654907227,0.3051508367061615,0.03978370130062103,-0.17397862672805786
1749033603.8385487,0.14649973809719086,-1.6382328472533167,1.0073416868792933,1.3209943014332275,-0.75995380083193,-1.3147175947772425,-0.003678481560200453,0.002809426048770547,-0.004225509706884623,-0.00570416497066617,0.00823268573731184,-0.0343877337872982,-0.3091088533401489,-0.015227243304252625,-0.708552896976471,0.306708425283432,0.026621386408805847,-0.19911739230155945
1749033603.838586,0.14648781716823578,-1.63824524501943,1.0073378721820276,1.3209819036671142,-0.7599075476275843,-1.3147662321673792,-0.0036324604880064726,0.0030008861795067787,-0.004149401560425758,-0.0045759291388094425,0.00645992299541831,-0.03340471535921097,-0.3376008868217468,-0.05218103155493736,-0.7150603532791138,0.31058481335639954,0.04428583383560181,-0.16637954115867615
1749033603.8386235,0.14646899700164795,-1.6382290325560511,1.0073264280902308,1.3209892946430664,-0.7599332968341272,-1.3148449102984827,-0.003223177744075656,0.0030190262477844954,-0.0034922154154628515,-0.004197431728243828,0.004969277419149876,-0.031487274914979935,-0.33312177658081055,-0.05581982806324959,-0.716851532459259,0.3277081549167633,0.03831169009208679,-0.18549270927906036
1749033603.8386607,0.14648433029651642,-1.638252397576803,1.0073612372027796,1.3209773737141113,-0.7599299589740198,-1.31492787996401,-0.00300588202662766,0.0026051998138427734,-0.003113899379968643,-0.004143028985708952,0.0039138756692409515,-0.031545475125312805,-0.33295297622680664,-0.048487499356269836,-0.7248729467391968,0.3200127184391022,0.02945050597190857,-0.17503060400485992
1749033603.8386974,0.14646901190280914,-1.63824524501943,1.0073302427874964,1.3209809499927978,-0.7599027792560022,-1.3149264494525355,-0.0026630889624357224,0.0026144515722990036,-0.002915238495916128,-0.004428051877766848,0.003207046538591385,-0.030129367485642433,-0.33307045698165894,-0.06795011460781097,-0.7026180624961853,0.3192754089832306,0.03788554668426514,-0.17184604704380035
1749033603.8387384,0.14647595584392548,-1.6382018528380335,1.0073068777667444,1.3209809499927978,-0.7599452177630823,-1.315005127583639,-0.0022682915441691875,0.002431277185678482,-0.002568475902080536,-0.004121095407754183,0.0026195344980806112,-0.02833099663257599,-0.3373328447341919,-0.06371556222438812,-0.7020143270492554,0.33553269505500793,0.04329127073287964,-0.17275388538837433
1749033603.8387756,0.14649473130702972,-1.6382328472533167,1.00731069246401,1.3209499555775146,-0.7599251906024378,-1.3151152769671839,-0.0021274732425808907,0.0023556167725473642,-0.002600661711767316,-0.0033702589571475983,0.0022160981316119432,-0.026255637407302856,-0.33941829204559326,-0.05076906085014343,-0.7237036228179932,0.3188970983028412,0.035089775919914246,-0.17068243026733398
1749033603.8388124,0.1464330106973648,-1.638205190698141,1.0072830359088343,1.3209726053425292,-0.7599251906024378,-1.315139118825094,-0.001624713302589953,0.002618029247969389,-0.0024834333453327417,-0.0024563439656049013,0.002004878595471382,-0.025591949000954628,-0.3556341528892517,-0.0522659569978714,-0.7166525721549988,0.3033197820186615,0.03967268764972687,-0.17376860976219177
1749033603.838849,0.14647243916988373,-1.6382214031615199,1.0073264280902308,1.3209535318562011,-0.7598908583270472,-1.3152177969561976,-0.0016443830681964755,0.0025543426163494587,-0.0023127628955990076,-0.0020416313782334328,0.0019218561938032508,-0.02436336688697338,-0.3467313051223755,-0.061534084379673004,-0.7145339250564575,0.31254884600639343,0.03889867663383484,-0.17522278428077698
1749033603.838885,0.14647245407104492,-1.6382175884642542,1.007317845021383,1.3209726053425292,-0.7599523703204554,-1.3152239958392542,-0.0015390902990475297,0.0023167890030890703,-0.0023008857388049364,-0.0019218588713556528,0.0017912491457536817,-0.024287641048431396,-0.36155062913894653,-0.05784036964178085,-0.7005518674850464,0.31378522515296936,0.023951679468154907,-0.16499146819114685
1749033603.8389213,0.14644837379455566,-1.638193269769186,1.007291618977682,1.3209535318562011,-0.7599332968341272,-1.3152597586261194,-0.001706029986962676,0.0018597502494230866,-0.002119848970323801,-0.0018732913304120302,0.001580925309099257,-0.023304976522922516,-0.3479692339897156,-0.0426289439201355,-0.7182549834251404,0.29982149600982666,0.030241772532463074,-0.16693194210529327
1749033603.8389575,0.14642958343029022,-1.6382090053954066,1.0072901884662073,1.3209499555775146,-0.7599094549762171,-1.3153813521014612,-0.0019681386183947325,0.0016567220445722342,-0.0022022968623787165,-0.002067446941509843,0.001325138146057725,-0.022442473098635674,-0.35035693645477295,-0.04852895438671112,-0.7149463295936584,0.3203357756137848,0.0288657546043396,-0.16621512174606323
1749033603.8389933,0.14647941291332245,-1.6382090053954066,1.0072978178607386,1.3209451872059326,-0.7599251906024378,-1.3153741995440882,-0.0022528411354869604,0.0015503776958212256,-0.002307649701833725,-0.002199685899540782,0.001154702389612794,-0.021471358835697174,-0.33667802810668945,-0.026316635310649872,-0.7198023796081543,0.31385645270347595,0.03575299680233002,-0.16192485392093658
1749033603.8390298,0.14645181596279144,-1.6382252178587855,1.0073450247394007,1.3209261137196044,-0.7598870436297815,-1.3153870741473597,-0.002296292455866933,0.0014582214644178748,-0.00229645031504333,-0.002306190552189946,0.0010933906305581331,-0.018993208184838295,-0.34969353675842285,-0.04467039927840233,-0.703316330909729,0.30838146805763245,0.04367250204086304,-0.1593714952468872
1749033603.8390672,0.14647597074508667,-1.6381851635374964,1.007294003163473,1.3209571081348876,-0.7599061171161097,-1.3154423872577112,-0.002098893979564309,0.0015150621766224504,-0.002398052718490362,-0.0021112929098308086,0.0010606145951896906,-0.018267972394824028,-0.3726734519004822,-0.041034042835235596,-0.720875084400177,0.3188948929309845,0.038332223892211914,-0.16140173375606537
1749033603.8391042,0.1464330106973648,-1.6382008991637171,1.0072696844684046,1.320948763484619,-0.7598789373980921,-1.3154662291156214,-0.0019505389500409365,0.0014465920394286513,-0.002183660864830017,-0.0017566223395988345,0.0009314128546975553,-0.01787104271352291,-0.33290815353393555,-0.05419676750898361,-0.7046951651573181,0.3255809545516968,0.025084584951400757,-0.15811236202716827
1749033603.8391414,0.14644679427146912,-1.6381660900511683,1.007301155720846,1.320936842555664,-0.7599213759051722,-1.3155177275287073,-0.0019116908079013228,0.0014834634494036436,-0.0021975908894091845,-0.001528634107671678,0.0008927226881496608,-0.015450737439095974,-0.33706265687942505,-0.05803453177213669,-0.6969569325447083,0.3179764449596405,0.021365240216255188,-0.16150733828544617
1749033603.8396523,0.1464138925075531,-1.6381970844664515,1.007301155720846,1.320917769069336,-0.7598860899554651,-1.3155105749713343,-0.0016999179497361183,0.0012499489821493626,-0.0019832986872643232,-0.001432473654858768,0.0007948423153720796,-0.014672611840069294,-0.3403974771499634,-0.05600351095199585,-0.7041199803352356,0.3255579173564911,0.028265148401260376,-0.1634780466556549
1749033603.8416297,0.14639723300933838,-1.6381503544249476,1.0072696844684046,1.320917769069336,-0.7599094549762171,-1.3155892531024378,-0.0016968367854133248,0.0011905450373888016,-0.001929016667418182,-0.0012699912767857313,0.0007904660305939615,-0.01355912908911705,-0.32259804010391235,-0.0353793129324913,-0.7040392756462097,0.3178645670413971,0.020968914031982422,-0.15013372898101807
1749033603.8863375,0.1464173048734665,-1.6381732426085414,1.0072887579547327,1.3209332662769775,-0.7598789373980921,-1.3155821005450647,-0.0015231645666062832,0.001022461336106062,-0.0017589088529348373,-0.0011785976821556687,0.0007172436453402042,-0.012446299195289612,-0.3367966413497925,-0.05976711958646774,-0.7100462913513184,0.32333478331565857,0.03696608543395996,-0.15769842267036438
1749033603.8863847,0.14640069007873535,-1.6382042370238246,1.007265869771139,1.3209141927906494,-0.7599094549762171,-1.3156135717975062,-0.001301413867622614,0.0009834099328145385,-0.0014807236148044467,-0.0011239174054935575,0.0006463939207606018,-0.010913516394793987,-0.34452056884765625,-0.05413040518760681,-0.7068622708320618,0.3213597238063812,0.028240427374839783,-0.15669935941696167
1749033603.886426,0.14641261100769043,-1.6381694279112757,1.0072386900531214,1.320917769069336,-0.7598632017718714,-1.3156212011920374,-0.0010414018761366606,0.0009392779320478439,-0.0013483240036293864,-0.001087642041966319,0.0005865272833034396,-0.009566869586706161,-0.33527982234954834,-0.044834595173597336,-0.7022841572761536,0.3182295560836792,0.019398510456085205,-0.15056733787059784
1749033603.8864667,0.14644333720207214,-1.6381851635374964,1.0072539488421839,1.3209141927906494,-0.7598870436297815,-1.3156450430499476,-0.0009961845353245735,0.0008516227826476097,-0.0012574343709275126,-0.0010630020406097174,0.0005908393068239093,-0.008685116656124592,-0.3499160408973694,-0.03359987214207649,-0.7035543322563171,0.33328303694725037,0.022153586149215698,-0.13477762043476105
1749033603.8865108,0.1464448869228363,-1.6381970844664515,1.0072768370257776,1.3209141927906494,-0.7598751227008265,-1.3156574408160608,-0.0009494939004071057,0.000854052253998816,-0.0011862831888720393,-0.001048226491548121,0.0005609926301985979,-0.006840965710580349,-0.33161652088165283,-0.033663827925920486,-0.6894510388374329,0.3187776803970337,0.020386487245559692,-0.1265048235654831
1749033603.8865502,0.14640571177005768,-1.6382042370238246,1.0072696844684046,1.3208855825611572,-0.7598908583270472,-1.3156378904925745,-0.0009695009212009609,0.0007916392642073333,-0.001032299711368978,-0.0009883613092824817,0.0005230528768151999,-0.004756975919008255,-0.3349536061286926,-0.04857437312602997,-0.7149822115898132,0.3268016576766968,0.036560654640197754,-0.12557101249694824
1749033603.8865886,0.1464468389749527,-1.6381732426085414,1.0072577635394495,1.3209213453480224,-0.7599046866046351,-1.3156536261187952,-0.0009284355910494924,0.0009026306215673685,-0.0009268971043638885,-0.0008980014245025814,0.00048804740072228014,-0.0030126054771244526,-0.34106379747390747,-0.052320558577775955,-0.705784022808075,0.3287214934825897,0.01229025423526764,-0.12371920049190521
1749033603.8866315,0.1463853269815445,-1.638188978234762,1.0072229544269007,1.3209022718616943,-0.7598870436297815,-1.3156688849078577,-0.0009002098231576383,0.0009291570167988539,-0.0008500880212523043,-0.000793379673268646,0.0004571043245960027,-0.0018238851334899664,-0.33632975816726685,-0.03929729387164116,-0.7037383913993835,0.3251490890979767,0.026456162333488464,-0.11287535727024078
1749033603.8866692,0.14639724791049957,-1.6381732426085414,1.0072577635394495,1.3209213453480224,-0.7598941961871546,-1.3156397978412073,-0.0008092321222648025,0.0014559493865817785,-0.0008519339608028531,-0.0007056605536490679,0.0004297944833524525,-0.0012332405894994736,-0.3383479118347168,-0.03921511396765709,-0.7094530463218689,0.3466787040233612,0.017625927925109863,-0.10742174088954926
1749033603.8867064,0.14641951024532318,-1.6381732426085414,1.0072420279132288,1.3209022718616943,-0.759859863911764,-1.3156722227679651,-0.000704065605532378,0.0013929976848885417,-0.0008497181115671992,-0.0006345391739159822,0.00040555777377448976,-0.0009488606592640281,-0.3459970951080322,-0.048595137894153595,-0.7083411812782288,0.3246235251426697,0.02511577308177948,-0.09403370320796967
1749033603.8867428,0.1464502215385437,-1.638148923913473,1.0072577635394495,1.3209022718616943,-0.7598941961871546,-1.315707031880514,-0.0007157131913118064,0.0013151195598766208,-0.0007776055135764182,-0.0005763025837950408,0.00038390964618884027,-0.0007779368315823376,-0.3501896262168884,-0.046716563403606415,-0.6935449242591858,0.34376201033592224,0.005562245845794678,-0.1094762533903122
1749033603.8867795,0.14640764892101288,-1.6382042370238246,1.0072577635394495,1.3209213453480224,-0.7598789373980921,-1.315665070210592,-0.0006513324333354831,0.0012162066996097565,-0.0007280241115950048,-0.00052787980530411,0.00032324367202818394,-0.0006612098077312112,-0.34862881898880005,-0.04858279228210449,-0.6916595101356506,0.3124397099018097,0.031014710664749146,-0.0770685076713562
1749033603.8868163,0.14638186991214752,-1.6381417713561,1.0072386900531214,1.3209213453480224,-0.7598856131183069,-1.3156450430499476,-0.0005903660203330219,0.0009699977817945182,-0.0007385073113255203,-0.0004869714903179556,0.0002802731760311872,-0.000512316357344389,-0.33514678478240967,-0.03926606476306915,-0.7052016854286194,0.32124119997024536,0.019161880016326904,-0.08072370290756226
1749033603.8868532,0.14644679427146912,-1.6381684742369593,1.0072615782367151,1.3209022718616943,-0.7598941961871546,-1.3156617323504847,-0.0006143184145912528,0.0009555576252751052,-0.0006627923576161265,-0.00045194942504167557,0.0002600003208499402,-0.0004171420878265053,-0.34885644912719727,-0.057841621339321136,-0.7170407176017761,0.3308456838130951,0.028305113315582275,-0.06394718587398529
1749033603.88689,0.14638876914978027,-1.6381803951659144,1.0072458426104944,1.320917769069336,-0.7599094549762171,-1.3156431357013147,-0.0005484910798259079,0.0009438566630706191,-0.0006824013544246554,-0.0004421682679094374,0.00024510116782039404,-0.00036784590338356793,-0.3746712803840637,-0.04667649418115616,-0.7159147262573242,0.3226170241832733,0.023868441581726074,-0.06877604126930237
1749033603.8869271,0.14640766382217407,-1.6381527386107386,1.0072301069842737,1.3208951193043212,-0.759871784840719,-1.3156464735614222,-0.0005702704074792564,0.0009380258852615952,-0.0006859932327643037,-0.00044459468335844576,0.00023230751685332507,-0.0002738499315455556,-0.3608219623565674,-0.05237123742699623,-0.6974220871925354,0.3329106569290161,0.023126661777496338,-0.07068784534931183
1749033603.8869646,0.14642301201820374,-1.6381374798216761,1.0072458426104944,1.3209213453480224,-0.7599013487445276,-1.315665070210592,-0.0006082763429731131,0.0008269220707006752,-0.0006448889034800231,-0.00042367729474790394,0.00022087157412897795,-0.00023246140335686505,-0.38958704471588135,-0.04100481793284416,-0.6981642246246338,0.3175891637802124,0.03045324981212616,-0.04902219772338867
1749033603.8870013,0.1463577300310135,-1.6381575069823207,1.0072458426104944,1.320917769069336,-0.7598632017718714,-1.3156397978412073,-0.0011536151869222522,0.000838779378682375,-0.0006177916657179594,-0.000400996912503615,0.0002105263847624883,4.510013968683779e-05,-0.34199589490890503,-0.052266038954257965,-0.7053804993629456,0.3227355182170868,0.026074379682540894,-0.04049989581108093
1749033603.8870423,0.14640413224697113,-1.6381880245604457,1.0072420279132288,1.3209058481403808,-0.7598632017718714,-1.3156574408160608,-0.0014944913564249873,0.0008469369495287538,-0.0005688740056939423,-0.0003799782716669142,0.00023389150737784803,0.00016985992260742933,-0.3470804691314697,-0.0375107005238533,-0.7203425168991089,0.31889867782592773,0.026500701904296875,-0.032760217785835266
1749033603.887081,0.1463957279920578,-1.638148923913473,1.0072649160968226,1.3209096628376464,-0.7598870436297815,-1.315634552632467,-0.001727492082864046,0.0008507392485626042,-0.0006007020128890872,-0.0003610661660786718,0.00022968633857090026,0.00018680696666706353,-0.34854990243911743,-0.042970672249794006,-0.7029663920402527,0.3115217983722687,0.03836691379547119,-0.060504600405693054
1749033603.8871179,0.14638005197048187,-1.6381060085692347,1.00724965730776,1.3209022718616943,-0.75989276567568,-1.3156431357013147,-0.0017901057144626975,0.0010075247846543789,-0.0006127273663878441,-0.00027506513288244605,0.00023402064107358456,0.0002282714849570766,-0.35534507036209106,-0.054279278963804245,-0.6917155981063843,0.3194563090801239,0.022790074348449707,-0.04629485309123993
1749033603.887155,0.14638008177280426,-1.6381613216795863,1.0072458426104944,1.3209058481403808,-0.7598908583270472,-1.3156307379352015,-0.0015882485313341022,0.000995165784843266,-0.0005772905424237251,-0.000265316863078624,0.00024393494823016226,0.0002235409920103848,-0.37038880586624146,-0.042860060930252075,-0.698909342288971,0.319431334733963,0.034923702478408813,-0.02899309992790222
1749033603.8876715,0.1463339626789093,-1.6381336651244105,1.00724965730776,1.3209058481403808,-0.759897534047262,-1.3156159559832972,-0.0013765598414465785,0.0009802645072340965,-0.0005856856587342918,-0.0002904330613091588,0.00024985650088638067,0.00025517152971588075,-0.32320332527160645,-0.03183775395154953,-0.6988897919654846,0.3192594647407532,0.03317432105541229,-0.032769739627838135
1749033603.8896441,0.1463766098022461,-1.6381527386107386,1.0072458426104944,1.3208891588398437,-0.7598822752581995,-1.3156302610980433,-0.001168381772004068,0.0009826991008594632,-0.0005575973773375154,-0.0003038765862584114,0.0002593866374809295,0.0004926465335302055,-0.3490166664123535,-0.026291929185390472,-0.707793116569519,0.313916951417923,0.039164796471595764,-0.06010468304157257
1749033603.9343293,0.14634589850902557,-1.638130327264303,1.0072339216815394,1.3209096628376464,-0.7599013487445276,-1.3156574408160608,-0.0011545962188392878,0.001275849062949419,-0.0006201143260113895,-0.0003295792848803103,0.00034499415778554976,0.0005742902867496014,-0.3511394262313843,-0.03914213180541992,-0.702252209186554,0.3146630823612213,0.03623849153518677,-0.03597177565097809
1749033603.934377,0.14641453325748444,-1.6381374798216761,1.0072687307940882,1.3208891588398437,-0.7599132696734827,-1.3156779448138636,-0.0013442535419017076,0.0012853011721745133,-0.0005602760938927531,-0.0007887323154136539,0.00040500014438293874,0.0006181440548971295,-0.3507716655731201,-0.020496904850006104,-0.7238964438438416,0.3065887689590454,0.0506041944026947,-0.04724985361099243
1749033603.9344225,0.14637155830860138,-1.638148923913473,1.0072029272662562,1.3209170538135986,-0.7599166075335901,-1.3156502882586878,-0.0015267221024259925,0.002028608461841941,-0.0005916758091188967,-0.0008919817628338933,0.00044135740608908236,0.000572005461435765,-0.356742799282074,-0.02988501265645027,-0.705352246761322,0.3043890595436096,0.03896012902259827,-0.030892059206962585
1749033603.9344616,0.146368145942688,-1.6380592785277308,1.0072267691241663,1.3208929735371093,-0.7599237600909632,-1.315641228352682,-0.001789584057405591,0.002057150239124894,-0.0005819675279781222,-0.001112981466576457,0.0008317460888065398,0.0005815727636218071,-0.32458043098449707,-0.05982506275177002,-0.6975806355476379,0.31743165850639343,0.04465822875499725,-0.04370895028114319
1749033603.9345005,0.14637155830860138,-1.6381288967528285,1.0072339216815394,1.3208774763294677,-0.7598822752581995,-1.3156417051898401,-0.0019120462238788605,0.002047264715656638,-0.0005687958328053355,-0.0013227135641500354,0.0011177631095051765,0.0005496404482983053,-0.3152390718460083,-0.04825613275170326,-0.710760772228241,0.3162994682788849,0.049607157707214355,-0.036638110876083374
1749033603.934538,0.14636121690273285,-1.6381093464293421,1.007214371358053,1.3208855825611572,-0.7598617712603968,-1.3156378904925745,-0.0018337878864258528,0.0017937456723302603,-0.0005789516726508737,-0.0014039119705557823,0.0011641430901363492,0.0005493811913765967,-0.3520428538322449,-0.05231861770153046,-0.6990418434143066,0.3083052337169647,0.04927149415016174,-0.03841681033372879
1749033603.9345798,0.14634084701538086,-1.6381412945189417,1.007237736378805,1.320913239116333,-0.7599046866046351,-1.3156431357013147,-0.0017984581645578146,0.001586821977980435,-0.0005545014282688498,-0.0014885022537782788,0.0012328553711995482,0.0005326995742507279,-0.33675193786621094,-0.039244405925273895,-0.713621199131012,0.30374687910079956,0.04925072193145752,-0.04614396393299103
1749033603.9346173,0.14634932577610016,-1.6380630932249964,1.0072529951678675,1.3208774763294677,-0.759867016469137,-1.315634552632467,-0.0016444772481918335,0.0016336196567863226,-0.0005810297443531454,-0.0014931069454178214,0.0013258809922263026,0.0004999201046302915,-0.3413739800453186,-0.045239586383104324,-0.7143314480781555,0.2995394766330719,0.056733906269073486,-0.04469949007034302
1749033603.9346588,0.1463785320520401,-1.6381050548949183,1.0072301069842737,1.3208655554005126,-0.759808365498678,-1.315641228352682,-0.0016021246556192636,0.0018022798467427492,-0.0006166963139548898,-0.001553774462081492,0.0013116305926814675,0.00046809407649561763,-0.37620648741722107,-0.035847682505846024,-0.7088980078697205,0.3044946491718292,0.052342504262924194,-0.024443313479423523
1749033603.9346972,0.14632517099380493,-1.6380468807616175,1.0072062651263636,1.3208810526081542,-0.7598550955401819,-1.3156722227679651,-0.0014868619618937373,0.0018729771254584193,-0.0006395476520992815,-0.0016271703643724322,0.0015684780664741993,0.00044072663877159357,-0.36589187383651733,-0.07066228985786438,-0.7086856961250305,0.300223708152771,0.04444268345832825,-0.049035340547561646
1749033603.9347346,0.14632868766784668,-1.6381050548949183,1.0072177092181605,1.320850058192871,-0.7598355452166956,-1.3156378904925745,-0.0013737088302150369,0.0022880195174366236,-0.0006317360093817115,-0.0016284369630739093,0.0016664692666381598,0.00040537837776355445,-0.3459109961986542,-0.06534940749406815,-0.7045846581459045,0.305926114320755,0.05381402373313904,-0.019356995820999146
1749033603.9347723,0.14633393287658691,-1.638092657128805,1.007237736378805,1.3208536344715576,-0.7598345915423792,-1.315634552632467,-0.0011928933672606945,0.002094569383189082,-0.0006153403082862496,-0.0019299054984003305,0.002320864936336875,0.0003724913112819195,-0.37414851784706116,-0.06317166239023209,-0.6906693577766418,0.3111519515514374,0.05503341555595398,-0.04978667199611664
1749033603.9348083,0.14633217453956604,-1.6381122074522914,1.007221523915426,1.3208810526081542,-0.7598221937762659,-1.315641228352682,-0.0012628244003280997,0.0017744447104632854,-0.0007324008038267493,-0.0019541489891707897,0.0026274523697793484,0.00034410104854032397,-0.3674193322658539,-0.03965368866920471,-0.7094734907150269,0.305610716342926,0.049935221672058105,-0.029369346797466278
1749033603.934845,0.14633212983608246,-1.6380888424315394,1.0071905295001429,1.3208607870289306,-0.7598379294024866,-1.3156159559832972,-0.001235686824657023,0.0017607229528948665,-0.0007654099608771503,-0.0021176666487008333,0.0024340515956282616,0.00031963601941242814,-0.327985942363739,-0.033883340656757355,-0.6945502161979675,0.30791863799095154,0.05734670162200928,-0.029052868485450745
1749033603.9348826,0.1463167667388916,-1.6380773983397425,1.0072410742389124,1.320826216334961,-0.7598703543292444,-1.315592114125387,-0.0014480535173788667,0.0014134672237560153,-0.0006850500358268619,-0.0021427269093692303,0.002057595644146204,0.00029838719638064504,-0.3592202067375183,-0.03583519160747528,-0.7056726813316345,0.29321882128715515,0.06309905648231506,-0.037332817912101746
1749033603.9349189,0.14632868766784668,-1.6380421123900355,1.0072100798236292,1.3208727079578857,-0.7598150412188929,-1.3156264464007776,-0.0013948376290500164,0.001435201265849173,-0.0007027828833088279,-0.0021998288575559855,0.0018924616742879152,0.000279818574199453,-0.32853153347969055,-0.04692830145359039,-0.7068383693695068,0.310190349817276,0.05413249135017395,-0.05861605703830719
1749033603.9349558,0.14630170166492462,-1.6381169758238734,1.007221523915426,1.3208727079578857,-0.7598241011248987,-1.3156536261187952,-0.0013319117715582252,0.001333397114649415,-0.0006377592217177153,-0.002147367689758539,0.001752533484250307,0.0003010834916494787,-0.3567093312740326,-0.04335496574640274,-0.6935446262359619,0.3081861734390259,0.0653235912322998,-0.04564560949802399
1749033603.9349926,0.1462947428226471,-1.6380959949889125,1.0072105566607874,1.320857210750244,-0.7598426977740687,-1.3156159559832972,-0.0014168673660606146,0.0012377427192404866,-0.0006562593625858426,-0.0019281110726296902,0.0018211847636848688,0.00029593321960419416,-0.3433707654476166,-0.056484512984752655,-0.6984383463859558,0.31114643812179565,0.06620663404464722,-0.04765477776527405
1749033603.9350295,0.14631332457065582,-1.6380773983397425,1.007221523915426,1.3208142954060058,-0.7598117033587855,-1.3156068960772913,-0.0013235870283097029,0.00117918208707124,-0.0006062990869395435,-0.0017021079547703266,0.002212133491411805,0.00028246917645446956,-0.3510403633117676,-0.03009047918021679,-0.7157145142555237,0.2933700978755951,0.07389792799949646,-0.026852019131183624
1749033603.9350665,0.14634084701538086,-1.6380611858763636,1.0072286764727991,1.3208488660999755,-0.7597792784320276,-1.3156068960772913,-0.0012786652659997344,0.0012903709430247545,-0.0005831417511217296,-0.0014126603491604328,0.0028495765291154385,0.00026875745970755816,-0.3506467640399933,-0.02842802368104458,-0.7063155770301819,0.29621973633766174,0.06388181447982788,-0.01984637975692749
1749033603.935103,0.1463201493024826,-1.6380702457823695,1.007221523915426,1.3208607870289306,-0.7598488966571253,-1.3156536261187952,-0.001317294198088348,0.001552421017549932,-0.0005951216444373131,-0.0013158995425328612,0.003049823921173811,0.000256054918281734,-0.35314998030662537,-0.03392240032553673,-0.7075462341308594,0.3070397973060608,0.05995070934295654,-0.03704269230365753
1749033603.9351394,0.14633551239967346,-1.6380568943419398,1.0072253386126917,1.320833368892334,-0.7597673575030726,-1.3156264464007776,-0.001372897531837225,0.0016352953389286995,-0.0005569445202127099,-0.001389911980368197,0.0029343245550990105,0.00024447395117022097,-0.34637191891670227,-0.04865843430161476,-0.692083477973938,0.29725444316864014,0.06642189621925354,-0.048671022057533264
1749033603.9356742,0.14632359147071838,-1.6380845508971156,1.0071867148028772,1.3208417135426025,-0.7597911993609827,-1.3156335989581507,-0.0013718100963160396,0.001908335369080305,-0.0005789946299046278,-0.0015748996520414948,0.00269399955868721,0.0002338818012503907,-0.38190171122550964,-0.051642656326293945,-0.7031117081642151,0.3045145273208618,0.06120283901691437,-0.03937967121601105
1749033603.9376695,0.14627404510974884,-1.6380959949889125,1.007197682057516,1.320833368892334,-0.7597864309894007,-1.315622631703512,-0.0013257175451144576,0.0017228550277650356,-0.0005393609753809869,-0.0018478846177458763,0.0023759272880852222,0.00022415825515054166,-0.32694682478904724,-0.009949088096618652,-0.6985594630241394,0.3045579791069031,0.07292066514492035,-0.025304600596427917
1749033603.9783137,0.14633548259735107,-1.6380888424315394,1.0072138945208948,1.3208178716846923,-0.7598016897784632,-1.315615479146139,-0.0012460693251341581,0.0015644085360690951,-0.0004973001196049154,-0.002068755915388465,0.0022182497195899487,0.00021522569295484573,-0.33665817975997925,-0.036661140620708466,-0.6877894997596741,0.3047056198120117,0.061876967549324036,-0.05244879424571991
1749033603.9783716,0.14631204307079315,-1.6380650005736292,1.007221523915426,1.3208178716846923,-0.7598179022418421,-1.315622631703512,-0.0011886457214131951,0.0014775018207728863,-0.0005093939835205674,-0.0020837897900491953,0.0022595985792577267,0.0002069736219709739,-0.35822954773902893,-0.03937724232673645,-0.6942524313926697,0.30795231461524963,0.073407843708992,-0.04723949730396271
1749033603.9784136,0.1463167667388916,-1.6380530796446742,1.007197682057516,1.3207861620136718,-0.7598088423358362,-1.3156068960772913,-0.0010456542950123549,0.0015461992006748915,-0.000489783997181803,-0.002058507176116109,0.002319194609299302,0.00019932305440306664,-0.34232255816459656,-0.045206278562545776,-0.7063539624214172,0.3156519830226898,0.06894542276859283,-0.06087388098239899
1749033603.978453,0.14632359147071838,-1.6380530796446742,1.0072100798236292,1.320793552989624,-0.7597830931292933,-1.315688435231344,-0.0010170802706852555,0.0017397775081917644,-0.00045949610648676753,-0.0018384847790002823,0.0023999414406716824,0.0001922300725709647,-0.34770143032073975,-0.04788162559270859,-0.6928951740264893,0.2976717948913574,0.052487388253211975,-0.062255263328552246
1749033603.9784913,0.1463051289319992,-1.6380773983397425,1.0071938673602503,1.3208052355,-0.7597935835467737,-1.3156264464007776,-0.0010981172090396285,0.0015881010331213474,-0.0004319774452596903,-0.0017953403294086456,0.002272631274536252,0.0001856206654338166,-0.3813834488391876,-0.018358934670686722,-0.671586811542511,0.3043339252471924,0.061127230525016785,-0.0338517427444458
1749033603.9785287,0.14633551239967346,-1.638034006158346,1.0072100798236292,1.320793552989624,-0.7597711722003382,-1.3156264464007776,-0.0011621799785643816,0.0015085205668583512,-0.00040752123459242284,-0.0019089308334514499,0.00217275507748127,0.00017944429419003427,-0.350170373916626,-0.031008673831820488,-0.7044481635093689,0.31314966082572937,0.067522332072258,-0.03396768867969513
1749033603.9785664,0.14629828929901123,-1.6380611858763636,1.0071905295001429,1.3207897382923584,-0.7597830931292933,-1.3156541029559534,-0.0013544355751946568,0.0016708543989807367,-0.00038563209818676114,-0.001999812899157405,0.002009026240557432,0.00017367539112456143,-0.36403074860572815,-0.05032879114151001,-0.6947994828224182,0.3142233192920685,0.06980980932712555,-0.03651735186576843
1749033603.9786112,0.14632359147071838,-1.638034006158346,1.007197682057516,1.3207971292683105,-0.7597864309894007,-1.3156068960772913,-0.0017186570912599564,0.0019162329845130444,-0.00036606358480639756,-0.0021329233422875404,0.0019575930200517178,0.0001682626170804724,-0.33063942193984985,-0.034510888159275055,-0.6809813380241394,0.32767248153686523,0.065872922539711,-0.040161073207855225
1749033603.9786499,0.14631888270378113,-1.6380449734129847,1.0071905295001429,1.3207692342945556,-0.759777847920553,-1.3156536261187952,-0.001888182363472879,0.002219872549176216,-0.0003483499167487025,-0.0021426063030958176,0.00185642100404948,0.00016317212430294603,-0.3203638195991516,-0.05552198737859726,-0.6944019198417664,0.3110648989677429,0.06956453621387482,-0.05584825575351715
1749033603.978687,0.14628788828849792,-1.6379977665343226,1.0072100798236292,1.3208164411732177,-0.7597816626178187,-1.3156574408160608,-0.0016764154424890876,0.0022921396885067225,-0.00030817085644230247,-0.0021264362148940563,0.002043874468654394,0.00015838838589843363,-0.328605592250824,-0.04245352745056152,-0.6876656413078308,0.32219961285591125,0.059643521904945374,-0.038767680525779724
1749033603.9787247,0.14627404510974884,-1.6380135021605433,1.0072286764727991,1.3207809168049316,-0.7597745100604456,-1.3156030813800257,-0.0013638524105772376,0.0021053811069577932,-0.00028587112319655716,-0.0018728768918663263,0.0023289986420422792,0.00015387441089842469,-0.32273560762405396,-0.051419831812381744,-0.6920874714851379,0.32865217328071594,0.05973316729068756,-0.037176720798015594
1749033603.9787612,0.14628100395202637,-1.638029237786764,1.0071819464312952,1.3207847315021972,-0.7597625891314905,-1.3156231085406702,-0.00104828632902354,0.0017322369385510683,-0.00026862038066610694,-0.001491656876169145,0.002384230261668563,0.00014960653788875788,-0.35510027408599854,-0.05059102922677994,-0.6872604489326477,0.3200550377368927,0.060419633984565735,-0.038267895579338074
1749033603.9787982,0.1462380439043045,-1.6380330524840296,1.007221523915426,1.3207847315021972,-0.7597196737872522,-1.3156688849078577,-0.001013704459182918,0.0012572472915053368,-0.0002534359518904239,-0.0013469619443640113,0.002236944856122136,0.00014557545364368707,-0.324692040681839,-0.03985806182026863,-0.6755843758583069,0.3249940872192383,0.060151949524879456,-0.06196792423725128
1749033603.9788349,0.14626213908195496,-1.638029237786764,1.0071905295001429,1.3207971292683105,-0.7597768942462366,-1.3156231085406702,-0.0008575789397582412,0.0011567197507247329,-0.00023994676303118467,-0.001153662335127592,0.002126593142747879,0.00014175372780300677,-0.33785855770111084,-0.029884345829486847,-0.7044506669044495,0.3147784471511841,0.05889628827571869,-0.05899284780025482
1749033603.9788716,0.14621923863887787,-1.63800110439443,1.0072062651263636,1.32076541959729,-0.7597234884845179,-1.315641228352682,-0.000739989394787699,0.0011222250759601593,-0.00022779831488151103,-0.0009968876838684082,0.002110583009198308,0.00013812391262035817,-0.34291255474090576,-0.04637436196208,-0.7035054564476013,0.3217002749443054,0.05603967607021332,-0.05293367803096771
1749033603.9789083,0.14628100395202637,-1.638024469415182,1.007197682057516,1.3207809168049316,-0.7597301642047327,-1.3155954519854944,-0.0007555042975582182,0.0010952041484415531,-0.0002168194914702326,-0.0007448156829923391,0.0020165143068879843,0.00013468082761391997,-0.31245505809783936,-0.07287923246622086,-0.7031064629554749,0.3222506642341614,0.042308613657951355,-0.05608628690242767
1749033603.9789453,0.1462467610836029,-1.6380049190916957,1.0072100798236292,1.3207692342945556,-0.7597458998309534,-1.3156159559832972,-0.0006774754729121923,0.0010614987695589662,-0.00020684984338004142,-0.0006496688001789153,0.0019164086552336812,0.0001314034452661872,-0.3335324227809906,-0.07742338627576828,-0.6848574876785278,0.3105244040489197,0.03751496970653534,-0.046551063656806946
1749033603.978982,0.14630012214183807,-1.637989183465475,1.0071747938739222,1.3207692342945556,-0.7597301642047327,-1.3156159559832972,-0.0006116980803199112,0.001024025259539485,-0.00019775739929173142,-0.0006232621381059289,0.0016763730673119426,0.0001282784651266411,-0.32221299409866333,-0.062146250158548355,-0.6805676221847534,0.3203253149986267,0.03565298020839691,-0.0636233538389206
1749033603.979018,0.14630012214183807,-1.637989183465475,1.0071747938739222,1.3207692342945556,-0.7597301642047327,-1.3156159559832972,-0.0006116980803199112,0.001024025259539485,-0.00019775739929173142,-0.0006232621381059289,0.0016763730673119426,0.0001282784651266411,-0.32221299409866333,-0.062146250158548355,-0.6805676221847534,0.3203253149986267,0.03565298020839691,-0.0636233538389206
1749033603.9790545,0.14625027775764465,-1.637989183465475,1.0072100798236292,1.3207763868519287,-0.7597387472735804,-1.3156264464007776,-0.0005122022121213377,0.000781729759182781,-0.00018177597667090595,-0.0005883711855858564,0.001286604325287044,0.00012246196274645627,-0.3246443271636963,-0.09404275566339493,-0.687140703201294,0.33132705092430115,0.05012302100658417,-0.04674854874610901
1749033603.9796526,0.1462467610836029,-1.6380049190916957,1.0072100798236292,1.3207728105732421,-0.7597115675555628,-1.3156264464007776,-0.00047368076047860086,0.0006953900447115302,-0.00017471806495450437,-0.0005455637001432478,0.0010675375815480947,0.00011974362860200927,-0.3204032778739929,-0.06154605373740196,-0.6976197957992554,0.31890082359313965,0.04789252579212189,-0.05567106604576111
1749033603.9817007,0.1462656557559967,-1.637982030908102,1.007197682057516,1.3207692342945556,-0.7597077528582972,-1.3156378904925745,-0.0004405510553624481,0.0006262275855988264,-0.00016817133291624486,-0.000554431404452771,0.0008270713151432574,0.00011714757420122623,-0.3294910192489624,-0.08794522285461426,-0.6787909865379333,0.3307913541793823,0.04560469090938568,-0.048908814787864685
